0
0.000160569
0.000321139
0.000481708
0.000642278
0.000802847
0.000963416
0.00112399
0.00128456
0.00144512
0.00160569
0.00176626
0.00192683
0.0020874
0.00224797
0.00240854
0.00256911
0.00272968
0.00289025
0.00305082
0.00321139
0.00337196
0.00353253
0.0036931
0.00385367
0.00401424
0.0041748
0.00433537
0.00449594
0.00465651
0.00481708
0.00497765
0.00513822
0.00529879
0.00545936
0.00561993
0.0057805
0.00594107
0.00610164
0.00626221
0.00642278
0.00658335
0.00674392
0.00690448
0.00706505
0.00722562
0.00738619
0.00754676
0.00770733
0.0078679
0.00802847
0.00818904
0.00834961
0.00851018
0.00867075
0.00883132
0.00899189
0.00915246
0.00931303
0.00947359
0.00963416
0.00979473
0.0099553
0.0101159
0.0102764
0.010437
0.0105976
0.0107582
0.0109187
0.0110793
0.0112399
0.0114004
0.011561
0.0117216
0.0118821
0.0120427
0.0122033
0.0123638
0.0125244
0.012685
0.0128456
0.0130061
0.0131667
0.0133273
0.0134878
0.0136484
0.013809
0.0139695
0.0141301
0.0142907
0.0144512
0.0146118
0.0147724
0.014933
0.0150935
0.0152541
0.0154147
0.0155752
0.0157358
0.0158964
0.0160569
0.0162175
0.0163781
0.0165386
0.0166992
0.0168598
0.0170204
0.0171809
0.0173415
0.0175021
0.0176626
0.0178232
0.0179838
0.0181443
0.0183049
0.0184655
0.0186261
0.0187866
0.0189472
0.0191078
0.0192683
0.0194289
0.0195895
0.01975
0.0199106
0.0200712
0.0202317
0.0203923
0.0205529
0.0207135
0.020874
0.0210346
0.0211952
0.0213557
0.0215163
0.0216769
0.0218374
0.021998
0.0221586
0.0223191
0.0224797
0.0226403
0.0228009
0.0229614
0.023122
0.0232826
0.0234431
0.0236037
0.0237643
0.0239248
0.0240854
0.024246
0.0244065
0.0245671
0.0247277
0.0248883
0.0250488
0.0252094
0.02537
0.0255305
0.0256911
0.0258517
0.0260122
0.0261728
0.0263334
0.026494
0.0266545
0.0268151
0.0269757
0.0271362
0.0272968
0.0274574
0.0276179
0.0277785
0.0279391
0.0280996
0.0282602
0.0284208
0.0285814
0.0287419
0.0289025
0.0290631
0.0292236
0.0293842
0.0295448
0.0297053
0.0298659
0.0300265
0.030187
0.0303476
0.0305082
0.0306688
0.0308293
0.0309899
0.0311505
0.031311
0.0314716
0.0316322
0.0317927
0.0319533
0.0321139
0.0322745
0.032435
0.0325956
0.0327562
0.0329167
0.0330773
0.0332379
0.0333984
0.033559
0.0337196
0.0338801
0.0340407
0.0342013
0.0343619
0.0345224
0.034683
0.0348436
0.0350041
0.0351647
0.0353253
0.0354858
0.0356464
0.035807
0.0359675
0.0361281
0.0362887
0.0364493
0.0366098
0.0367704
0.036931
0.0370915
0.0372521
0.0374127
0.0375732
0.0377338
0.0378944
0.0380549
0.0382155
0.0383761
0.0385367
0.0386972
0.0388578
0.0390184
0.0391789
0.0393395
0.0395001
0.0396606
0.0398212
0.0399818
0.0401424
0.0403029
0.0404635
0.0406241
0.0407846
0.0409452
0.0411058
0.0412663
0.0414269
0.0415875
0.041748
0.0419086
0.0420692
0.0422298
0.0423903
0.0425509
0.0427115
0.042872
0.0430326
0.0431932
0.0433537
0.0435143
0.0436749
0.0438354
0.043996
0.0441566
0.0443172
0.0444777
0.0446383
0.0447989
0.0449594
0.04512
0.0452806
0.0454411
0.0456017
0.0457623
0.0459228
0.0460834
0.046244
0.0464046
0.0465651
0.0467257
0.0468863
0.0470468
0.0472074
0.047368
0.0475285
0.0476891
0.0478497
0.0480103
0.0481708
0.0483314
0.048492
0.0486525
0.0488131
0.0489737
0.0491342
0.0492948
0.0494554
0.0496159
0.0497765
0.0499371
0.0500977
0.0502582
0.0504188
0.0505794
0.0507399
0.0509005
0.0510611
0.0512216
0.0513822
0.0515428
0.0517033
0.0518639
0.0520245
0.0521851
0.0523456
0.0525062
0.0526668
0.0528273
0.0529879
0.0531485
0.053309
0.0534696
0.0536302
0.0537908
0.0539513
0.0541119
0.0542725
0.054433
0.0545936
0.0547542
0.0549147
0.0550753
0.0552359
0.0553964
0.055557
0.0557176
0.0558782
0.0560387
0.0561993
0.0563599
0.0565204
0.056681
0.0568416
0.0570021
0.0571627
0.0573233
0.0574838
0.0576444
0.057805
0.0579656
0.0581261
0.0582867
0.0584473
0.0586078
0.0587684
0.058929
0.0590895
0.0592501
0.0594107
0.0595712
0.0597318
0.0598924
0.060053
0.0602135
0.0603741
0.0605347
0.0606952
0.0608558
0.0610164
0.0611769
0.0613375
0.0614981
0.0616587
0.0618192
0.0619798
0.0621404
0.0623009
0.0624615
0.0626221
0.0627826
0.0629432
0.0631038
0.0632643
0.0634249
0.0635855
0.0637461
0.0639066
0.0640672
0.0642278
0.0643883
0.0645489
0.0647095
0.06487
0.0650306
0.0651912
0.0653517
0.0655123
0.0656729
0.0658335
0.065994
0.0661546
0.0663152
0.0664757
0.0666363
0.0667969
0.0669574
0.067118
0.0672786
0.0674392
0.0675997
0.0677603
0.0679209
0.0680814
0.068242
0.0684026
0.0685631
0.0687237
0.0688843
0.0690448
0.0692054
0.069366
0.0695266
0.0696871
0.0698477
0.0700083
0.0701688
0.0703294
0.07049
0.0706505
0.0708111
0.0709717
0.0711322
0.0712928
0.0714534
0.071614
0.0717745
0.0719351
0.0720957
0.0722562
0.0724168
0.0725774
0.0727379
0.0728985
0.0730591
0.0732196
0.0733802
0.0735408
0.0737014
0.0738619
0.0740225
0.0741831
0.0743436
0.0745042
0.0746648
0.0748253
0.0749859
0.0751465
0.0753071
0.0754676
0.0756282
0.0757888
0.0759493
0.0761099
0.0762705
0.076431
0.0765916
0.0767522
0.0769127
0.0770733
0.0772339
0.0773945
0.077555
0.0777156
0.0778762
0.0780367
0.0781973
0.0783579
0.0785184
0.078679
0.0788396
0.0790001
0.0791607
0.0793213
0.0794819
0.0796424
0.079803
0.0799636
0.0801241
0.0802847
0.0804453
0.0806058
0.0807664
0.080927
0.0810875
0.0812481
0.0814087
0.0815693
0.0817298
0.0818904
0.082051
0.0822115
