0
0.000480092
0.000960184
0.00144028
0.00192037
0.00240046
0.00288055
0.00336064
0.00384073
0.00432083
0.00480092
0.00528101
0.0057611
0.00624119
0.00672129
0.00720138
0.00768147
0.00816156
0.00864165
0.00912174
0.00960184
0.0100819
0.010562
0.0110421
0.0115222
0.0120023
0.0124824
0.0129625
0.0134426
0.0139227
0.0144028
0.0148828
0.0153629
0.015843
0.0163231
0.0168032
0.0172833
0.0177634
0.0182435
0.0187236
0.0192037
0.0196838
0.0201639
0.0206439
0.021124
0.0216041
0.0220842
0.0225643
0.0230444
0.0235245
0.0240046
0.0244847
0.0249648
0.0254449
0.025925
0.026405
0.0268851
0.0273652
0.0278453
0.0283254
0.0288055
0.0292856
0.0297657
0.0302458
0.0307259
0.031206
0.0316861
0.0321662
0.0326462
0.0331263
0.0336064
0.0340865
0.0345666
0.0350467
0.0355268
0.0360069
0.036487
0.0369671
0.0374472
0.0379273
0.0384073
0.0388874
0.0393675
0.0398476
0.0403277
0.0408078
0.0412879
0.041768
0.0422481
0.0427282
0.0432083
0.0436884
0.0441684
0.0446485
0.0451286
0.0456087
0.0460888
0.0465689
0.047049
0.0475291
0.0480092
0.0484893
0.0489694
0.0494495
0.0499295
0.0504096
0.0508897
0.0513698
0.0518499
0.05233
0.0528101
0.0532902
0.0537703
0.0542504
0.0547305
0.0552106
0.0556906
0.0561707
0.0566508
0.0571309
0.057611
0.0580911
0.0585712
0.0590513
0.0595314
0.0600115
0.0604916
0.0609717
0.0614517
0.0619318
0.0624119
0.062892
0.0633721
0.0638522
0.0643323
0.0648124
0.0652925
0.0657726
0.0662527
0.0667328
0.0672129
0.0676929
0.068173
0.0686531
0.0691332
0.0696133
0.0700934
0.0705735
0.0710536
0.0715337
0.0720138
0.0724939
0.072974
0.073454
0.0739341
0.0744142
0.0748943
0.0753744
0.0758545
0.0763346
0.0768147
0.0772948
0.0777749
0.078255
0.0787351
0.0792151
0.0796952
0.0801753
0.0806554
0.0811355
0.0816156
0.0820957
0.0825758
0.0830559
0.083536
0.0840161
0.0844962
0.0849762
0.0854563
0.0859364
0.0864165
0.0868966
0.0873767
0.0878568
0.0883369
0.088817
0.0892971
0.0897772
0.0902573
0.0907373
0.0912174
0.0916975
0.0921776
0.0926577
0.0931378
0.0936179
0.094098
0.0945781
0.0950582
0.0955383
0.0960184
0.0964985
0.0969785
0.0974586
0.0979387
0.0984188
0.0988989
0.099379
0.0998591
0.100339
0.100819
0.101299
0.101779
0.10226
0.10274
0.10322
0.1037
0.10418
0.10466
0.10514
0.10562
0.1061
0.10658
0.10706
0.107541
0.108021
0.108501
0.108981
0.109461
0.109941
0.110421
0.110901
0.111381
0.111861
0.112341
0.112822
0.113302
0.113782
0.114262
0.114742
0.115222
0.115702
0.116182
0.116662
0.117142
0.117622
0.118103
0.118583
0.119063
0.119543
0.120023
0.120503
0.120983
0.121463
0.121943
0.122423
0.122903
0.123384
0.123864
0.124344
0.124824
0.125304
0.125784
0.126264
0.126744
0.127224
0.127704
0.128185
0.128665
0.129145
0.129625
0.130105
0.130585
0.131065
0.131545
0.132025
0.132505
0.132985
0.133466
0.133946
0.134426
0.134906
0.135386
0.135866
0.136346
0.136826
0.137306
0.137786
0.138266
0.138747
0.139227
0.139707
0.140187
0.140667
0.141147
0.141627
0.142107
0.142587
0.143067
0.143547
0.144028
0.144508
0.144988
0.145468
0.145948
0.146428
0.146908
0.147388
0.147868
0.148348
0.148828
0.149309
0.149789
0.150269
0.150749
0.151229
0.151709
0.152189
0.152669
0.153149
0.153629
0.154109
0.15459
0.15507
0.15555
0.15603
0.15651
0.15699
0.15747
0.15795
0.15843
0.15891
0.15939
0.159871
0.160351
0.160831
0.161311
0.161791
0.162271
0.162751
0.163231
0.163711
0.164191
0.164671
0.165152
0.165632
0.166112
0.166592
0.167072
0.167552
0.168032
0.168512
0.168992
0.169472
0.169952
0.170433
0.170913
0.171393
0.171873
0.172353
0.172833
0.173313
0.173793
0.174273
0.174753
0.175234
0.175714
0.176194
0.176674
0.177154
0.177634
0.178114
0.178594
0.179074
0.179554
0.180034
0.180515
0.180995
0.181475
0.181955
0.182435
0.182915
0.183395
0.183875
0.184355
0.184835
0.185315
0.185796
0.186276
0.186756
0.187236
0.187716
0.188196
0.188676
0.189156
0.189636
0.190116
0.190596
0.191077
0.191557
0.192037
0.192517
0.192997
0.193477
0.193957
0.194437
0.194917
0.195397
0.195877
0.196358
0.196838
0.197318
0.197798
0.198278
0.198758
0.199238
0.199718
0.200198
0.200678
0.201158
0.201639
0.202119
0.202599
0.203079
0.203559
0.204039
0.204519
0.204999
0.205479
0.205959
0.206439
0.20692
0.2074
0.20788
0.20836
0.20884
0.20932
0.2098
0.21028
0.21076
0.21124
0.21172
0.212201
0.212681
0.213161
0.213641
0.214121
0.214601
0.215081
0.215561
0.216041
0.216521
0.217001
0.217482
0.217962
0.218442
0.218922
0.219402
0.219882
0.220362
0.220842
0.221322
0.221802
0.222283
0.222763
0.223243
0.223723
0.224203
0.224683
0.225163
0.225643
0.226123
0.226603
0.227083
0.227564
0.228044
0.228524
0.229004
0.229484
0.229964
0.230444
0.230924
0.231404
0.231884
0.232364
0.232845
0.233325
0.233805
0.234285
0.234765
0.235245
0.235725
0.236205
0.236685
0.237165
0.237645
0.238126
0.238606
0.239086
0.239566
0.240046
0.240526
0.241006
0.241486
0.241966
0.242446
0.242926
0.243407
0.243887
0.244367
0.244847
0.245327
0.245807
