144 -78.037 -0.613
153 -84.358 -0.663
135 -73.431 -0.577
151 -85.068 -0.668
140 -76.283 -0.599
162 -87.707 -0.689
161 -82.073 -0.645
129 -75.045 -0.589
107 -65.963 -0.518
150 -79.587 -0.625
133 -75.204 -0.591
132 -76.904 -0.604
125 -69.802 -0.548
147 -80.536 -0.633
135 -73.568 -0.578
134 -73.364 -0.576
155 -80.052 -0.629
151 -79.008 -0.621
161 -83.623 -0.657
129 -77.082 -0.605
112 -70.000 -0.550
144 -80.838 -0.635
142 -79.838 -0.627
145 -83.894 -0.659
141 -75.672 -0.594
122 -76.063 -0.597
119 -69.869 -0.549
112 -67.370 -0.529
161 -84.731 -0.665
148 -80.593 -0.633
132 -76.799 -0.603
139 -76.200 -0.598
131 -72.151 -0.567
151 -80.746 -0.634
136 -79.227 -0.622
139 -77.594 -0.609
144 -79.711 -0.626
158 -81.347 -0.639
144 -78.635 -0.618
146 -78.327 -0.615
128 -73.568 -0.578
142 -76.321 -0.599
142 -79.402 -0.624
143 -80.275 -0.630
152 -80.093 -0.629
168 -85.788 -0.674
171 -90.534 -0.711
154 -74.927 -0.588
169 -87.978 -0.691
160 -83.098 -0.653
164 -89.639 -0.704
169 -89.668 -0.704
140 -79.122 -0.621
152 -85.091 -0.668
166 -85.189 -0.669
129 -75.229 -0.591
136 -76.194 -0.598
141 -75.669 -0.594
116 -71.610 -0.562
130 -77.910 -0.612
123 -74.532 -0.585
139 -78.193 -0.614
111 -66.419 -0.522
113 -70.276 -0.552
152 -79.090 -0.621
153 -82.859 -0.651
144 -78.441 -0.616
129 -78.779 -0.619
122 -69.719 -0.548
137 -74.901 -0.588
134 -74.567 -0.586
157 -81.137 -0.637
156 -80.386 -0.631
193 -90.814 -0.713
150 -76.837 -0.603
185 -90.158 -0.708
122 -70.967 -0.557
130 -75.296 -0.591
148 -81.837 -0.643
152 -80.220 -0.630
131 -77.680 -0.610
141 -76.261 -0.599
169 -89.251 -0.701
142 -82.560 -0.648
151 -84.906 -0.667
169 -86.771 -0.681
145 -78.607 -0.617
164 -89.703 -0.705
145 -75.529 -0.593
162 -83.060 -0.652
106 -66.355 -0.521
148 -80.669 -0.634
136 -77.257 -0.607
151 -78.196 -0.614
131 -76.881 -0.604
158 -82.083 -0.645
163 -85.788 -0.674
152 -84.034 -0.660
147 -80.332 -0.631
121 -69.427 -0.545
155 -81.370 -0.639
150 -79.963 -0.628
129 -73.097 -0.574
153 -81.697 -0.642
153 -81.338 -0.639
135 -75.497 -0.593
134 -74.975 -0.589
134 -72.648 -0.571
150 -87.564 -0.688
155 -82.726 -0.650
175 -89.671 -0.704
175 -87.083 -0.684
176 -87.605 -0.688
145 -76.248 -0.599
152 -75.315 -0.592
158 -85.113 -0.668
157 -85.629 -0.673
154 -83.327 -0.654
149 -80.179 -0.630
119 -68.828 -0.541
148 -80.914 -0.635
149 -78.467 -0.616
154 -78.836 -0.619
132 -72.941 -0.573
142 -76.455 -0.600
154 -80.338 -0.631
145 -79.017 -0.621
167 -84.279 -0.662
164 -85.495 -0.671
171 -87.564 -0.688
163 -85.848 -0.674
130 -72.081 -0.566
158 -82.764 -0.650
156 -78.845 -0.619
151 -81.003 -0.636
127 -70.506 -0.554
136 -79.905 -0.628
148 -80.545 -0.633
169 -89.868 -0.706
161 -84.607 -0.664
142 -79.141 -0.622
157 -83.588 -0.656
127 -72.145 -0.567
145 -79.660 -0.626
151 -74.545 -0.585
137 -73.918 -0.581
150 -85.266 -0.670
130 -71.893 -0.565
151 -82.977 -0.652
151 -81.131 -0.637
145 -78.845 -0.619
134 -78.852 -0.619
150 -79.431 -0.624
138 -81.666 -0.641
139 -79.632 -0.625
135 -78.320 -0.615
148 -80.157 -0.630
142 -77.878 -0.612
155 -77.034 -0.605
144 -77.152 -0.606
158 -83.709 -0.657
154 -80.313 -0.631
145 -77.394 -0.608
160 -83.384 -0.655
163 -82.652 -0.649
114 -67.007 -0.526
133 -75.748 -0.595
129 -74.313 -0.584
144 -78.062 -0.613
146 -77.804 -0.611
153 -78.836 -0.619
147 -77.359 -0.608
136 -78.632 -0.618
125 -70.560 -0.554
118 -72.218 -0.567
131 -71.916 -0.565
148 -79.873 -0.627
143 -83.302 -0.654
150 -81.226 -0.638
118 -71.165 -0.559
157 -83.871 -0.659
139 -74.281 -0.583
122 -69.022 -0.542
157 -80.058 -0.629
136 -77.321 -0.607
155 -82.684 -0.649
153 -78.756 -0.619
162 -83.563 -0.656
165 -89.305 -0.701
126 -72.110 -0.566
148 -81.653 -0.641
159 -81.615 -0.641
142 -74.634 -0.586
146 -83.143 -0.653
173 -87.857 -0.690
148 -78.018 -0.613
140 -79.183 -0.622
135 -73.189 -0.575
136 -72.928 -0.573
150 -77.502 -0.609
178 -88.824 -0.698
141 -80.634 -0.633
113 -71.059 -0.558
152 -77.591 -0.609
157 -79.683 -0.626
142 -79.001 -0.620
135 -75.424 -0.592
135 -75.252 -0.591
145 -81.328 -0.639
131 -79.829 -0.627
147 -76.321 -0.599
144 -77.922 -0.612
123 -74.742 -0.587
123 -74.933 -0.589
139 -82.430 -0.647
143 -73.418 -0.577
174 -89.786 -0.705
148 -82.640 -0.649
155 -87.026 -0.683
116 -68.284 -0.536
137 -76.611 -0.602
140 -77.021 -0.605
158 -82.882 -0.651
120 -71.582 -0.562
140 -77.037 -0.605
123 -74.150 -0.582
149 -81.424 -0.639
127 -72.193 -0.567
138 -76.242 -0.599
175 -89.760 -0.705
129 -74.395 -0.584
169 -90.193 -0.708
154 -78.556 -0.617
127 -71.734 -0.563
121 -70.261 -0.552
158 -85.103 -0.668
117 -70.506 -0.554
145 -81.417 -0.639
150 -77.824 -0.611
149 -78.244 -0.615
145 -77.330 -0.607
126 -72.527 -0.570
136 -70.814 -0.556
142 -74.414 -0.584
126 -73.565 -0.578
163 -85.724 -0.673
150 -75.946 -0.596
153 -77.846 -0.611
122 -69.640 -0.547
140 -75.882 -0.596
155 -81.634 -0.641
148 -86.485 -0.679
107 -70.697 -0.555
123 -76.617 -0.602
143 -80.587 -0.633
141 -74.424 -0.585
156 -82.321 -0.647
139 -78.193 -0.614
170 -89.983 -0.707
151 -80.421 -0.632
138 -77.655 -0.610
140 -77.779 -0.611
136 -76.483 -0.601
132 -77.951 -0.612
150 -82.576 -0.649
160 -86.711 -0.681
144 -76.156 -0.598
161 -81.335 -0.639
168 -85.409 -0.671
151 -81.624 -0.641
132 -75.471 -0.593
172 -88.773 -0.697
154 -82.856 -0.651
147 -82.783 -0.650
155 -84.479 -0.663
157 -86.768 -0.681
119 -74.586 -0.586
157 -84.925 -0.667
111 -63.627 -0.500
156 -86.618 -0.680
162 -82.194 -0.646
137 -72.982 -0.573
128 -74.150 -0.582
146 -78.899 -0.620
145 -81.188 -0.638
127 -75.455 -0.593
137 -76.003 -0.597
166 -84.358 -0.663
164 -86.151 -0.677
134 -78.120 -0.614
151 -83.295 -0.654
152 -83.244 -0.654
138 -73.065 -0.574
156 -81.054 -0.637
129 -74.112 -0.582
141 -78.954 -0.620
152 -82.277 -0.646
134 -75.704 -0.595
136 -75.767 -0.595
115 -69.401 -0.545
143 -77.305 -0.607
143 -82.617 -0.649
153 -81.245 -0.638
138 -77.286 -0.607
159 -84.760 -0.666
161 -88.497 -0.695
135 -74.987 -0.589
136 -81.802 -0.642
160 -86.259 -0.677
164 -81.780 -0.642
140 -74.198 -0.583
132 -81.198 -0.638
183 -96.935 -0.761
150 -79.644 -0.626
144 -83.031 -0.652
174 -90.620 -0.712
127 -72.387 -0.569
127 -77.292 -0.607
136 -74.182 -0.583
155 -80.749 -0.634
151 -81.882 -0.643
158 -84.807 -0.666
144 -78.030 -0.613
143 -79.753 -0.626
142 -81.643 -0.641
152 -81.904 -0.643
134 -78.206 -0.614
139 -77.919 -0.612
139 -75.946 -0.596
159 -87.933 -0.691
150 -77.671 -0.610
124 -71.582 -0.562
132 -78.333 -0.615
140 -77.060 -0.605
128 -75.490 -0.593
146 -78.371 -0.616
142 -78.180 -0.614
160 -75.325 -0.592
141 -80.255 -0.630
147 -83.894 -0.659
162 -82.573 -0.649
140 -77.006 -0.605
161 -88.051 -0.692
160 -89.547 -0.703
158 -82.293 -0.646
165 -85.126 -0.669
178 -90.540 -0.711
169 -86.396 -0.679
123 -75.675 -0.594
159 -83.149 -0.653
152 -84.922 -0.667
154 -78.581 -0.617
155 -84.588 -0.664
129 -74.437 -0.585
179 -89.878 -0.706
142 -76.544 -0.601
139 -76.932 -0.604
137 -74.313 -0.584
151 -83.509 -0.656
135 -74.570 -0.586
155 -83.139 -0.653
148 -82.458 -0.648
165 -86.217 -0.677
147 -81.586 -0.641
145 -78.091 -0.613
132 -74.198 -0.583
155 -78.228 -0.614
155 -82.350 -0.647
144 -81.306 -0.639
149 -81.564 -0.641
128 -72.995 -0.573
121 -73.539 -0.578
156 -84.731 -0.665
140 -81.140 -0.637
124 -75.347 -0.592
130 -77.817 -0.611
146 -80.494 -0.632
144 -76.016 -0.597
143 -77.445 -0.608
142 -74.803 -0.587
151 -81.029 -0.636
139 -72.626 -0.570
153 -83.808 -0.658
161 -83.919 -0.659
128 -72.304 -0.568
138 -79.071 -0.621
144 -82.458 -0.648
148 -77.292 -0.607
144 -80.940 -0.636
165 -86.424 -0.679
145 -77.556 -0.609
114 -68.959 -0.542
136 -75.720 -0.595
152 -82.054 -0.644
167 -84.543 -0.664
134 -76.716 -0.603
142 -74.504 -0.585
134 -74.701 -0.587
122 -73.587 -0.578
162 -84.826 -0.666
149 -80.720 -0.634
137 -74.637 -0.586
150 -78.393 -0.616
148 -81.697 -0.642
140 -72.683 -0.571
132 -76.108 -0.598
157 -83.009 -0.652
161 -84.393 -0.663
145 -79.386 -0.623
136 -74.949 -0.589
129 -74.122 -0.582
149 -82.207 -0.646
135 -75.242 -0.591
173 -86.870 -0.682
156 -83.671 -0.657
106 -64.633 -0.508
123 -70.652 -0.555
174 -91.826 -0.721
149 -82.461 -0.648
131 -75.850 -0.596
137 -76.334 -0.600
158 -79.612 -0.625
143 -78.441 -0.616
126 -73.151 -0.575
151 -84.839 -0.666
160 -83.458 -0.655
148 -76.923 -0.604
155 -81.478 -0.640
156 -83.859 -0.659
147 -79.912 -0.628
138 -76.840 -0.603
143 -71.986 -0.565
122 -74.147 -0.582
154 -82.286 -0.646
154 -83.123 -0.653
151 -82.808 -0.650
149 -80.532 -0.632
147 -79.883 -0.627
147 -77.738 -0.611
140 -81.166 -0.637
148 -77.639 -0.610
175 -91.320 -0.717
132 -73.730 -0.579
123 -70.047 -0.550
124 -68.306 -0.536
137 -75.392 -0.592
150 -84.107 -0.661
154 -80.679 -0.634
151 -78.756 -0.619
158 -87.424 -0.687
165 -82.395 -0.647
156 -79.167 -0.622
126 -75.688 -0.594
153 -81.822 -0.643
150 -81.605 -0.641
154 -84.954 -0.667
160 -83.432 -0.655
122 -72.731 -0.571
140 -80.921 -0.636
142 -79.062 -0.621
143 -77.286 -0.607
159 -85.609 -0.672
147 -84.094 -0.660
173 -86.905 -0.683
132 -76.541 -0.601
164 -82.356 -0.647
133 -75.538 -0.593
136 -76.885 -0.604
138 -78.263 -0.615
136 -76.503 -0.601
152 -79.718 -0.626
139 -79.577 -0.625
129 -71.620 -0.562
155 -81.717 -0.642
168 -82.757 -0.650
140 -78.801 -0.619
139 -76.741 -0.603
145 -80.071 -0.629
148 -78.517 -0.617
143 -79.864 -0.627
120 -76.009 -0.597
136 -74.055 -0.582
147 -79.727 -0.626
122 -71.438 -0.561
140 -78.578 -0.617
137 -79.199 -0.622
156 -83.079 -0.652
160 -87.128 -0.684
147 -80.701 -0.634
137 -73.240 -0.575
133 -74.752 -0.587
155 -83.041 -0.652
154 -74.866 -0.588
150 -80.914 -0.635
169 -87.596 -0.688
175 -86.778 -0.682
159 -81.271 -0.638
138 -74.851 -0.588
161 -86.233 -0.677
150 -86.622 -0.680
135 -74.481 -0.585
138 -78.514 -0.617
140 -79.075 -0.621
113 -71.145 -0.559
132 -76.865 -0.604
169 -86.622 -0.680
130 -72.743 -0.571
139 -81.901 -0.643
158 -83.531 -0.656
157 -91.718 -0.720
129 -70.627 -0.555
143 -77.572 -0.609
112 -68.726 -0.540
132 -68.443 -0.538
158 -82.022 -0.644
170 -80.727 -0.634
139 -76.267 -0.599
156 -84.753 -0.666
138 -80.195 -0.630
138 -79.192 -0.622
136 -71.973 -0.565
150 -82.067 -0.645
153 -85.794 -0.674
157 -83.451 -0.655
144 -76.690 -0.602
137 -73.727 -0.579
135 -70.299 -0.552
152 -84.690 -0.665
145 -80.135 -0.629
144 -79.555 -0.625
151 -81.147 -0.637
134 -74.418 -0.584
149 -84.565 -0.664
130 -76.496 -0.601
149 -79.425 -0.624
152 -80.510 -0.632
148 -80.310 -0.631
156 -81.124 -0.637
137 -77.528 -0.609
151 -80.911 -0.635
150 -82.054 -0.644
141 -75.035 -0.589
118 -70.232 -0.552
137 -80.857 -0.635
124 -71.597 -0.562
163 -84.674 -0.665
147 -81.627 -0.641
164 -81.449 -0.640
132 -71.687 -0.563
140 -78.906 -0.620
146 -77.276 -0.607
154 -82.544 -0.648
140 -77.980 -0.612
133 -77.082 -0.605
112 -68.262 -0.536
150 -82.009 -0.644
135 -78.241 -0.614
128 -74.437 -0.585
121 -68.548 -0.538
131 -74.138 -0.582
142 -73.501 -0.577
142 -79.638 -0.625
135 -78.648 -0.618
138 -80.045 -0.629
135 -73.584 -0.578
116 -68.777 -0.540
104 -65.155 -0.512
133 -79.396 -0.624
147 -76.767 -0.603
153 -82.636 -0.649
136 -77.184 -0.606
138 -74.860 -0.588
143 -77.037 -0.605
150 -79.966 -0.628
145 -75.678 -0.594
162 -83.111 -0.653
193 -90.324 -0.709
140 -76.499 -0.601
146 -80.838 -0.635
152 -80.329 -0.631
170 -90.760 -0.713
149 -83.193 -0.653
147 -76.668 -0.602
142 -78.976 -0.620
147 -78.183 -0.614
124 -70.875 -0.557
158 -82.350 -0.647
147 -82.729 -0.650
144 -75.650 -0.594
160 -86.571 -0.680
142 -81.201 -0.638
146 -80.736 -0.634
134 -75.283 -0.591
151 -80.870 -0.635
164 -83.168 -0.653
157 -85.078 -0.668
128 -71.292 -0.560
147 -80.886 -0.635
168 -86.749 -0.681
150 -80.182 -0.630
142 -80.243 -0.630
140 -80.090 -0.629
137 -75.723 -0.595
132 -71.273 -0.560
149 -81.287 -0.638
130 -78.635 -0.618
135 -76.725 -0.603
155 -80.138 -0.629
160 -86.548 -0.680
149 -79.008 -0.621
137 -75.446 -0.593
142 -73.555 -0.578
164 -83.022 -0.652
120 -70.499 -0.554
154 -84.378 -0.663
142 -76.401 -0.600
127 -70.681 -0.555
129 -74.558 -0.586
155 -87.055 -0.684
158 -83.413 -0.655
154 -80.854 -0.635
138 -79.982 -0.628
134 -76.620 -0.602
148 -82.681 -0.649
136 -78.505 -0.617
173 -89.929 -0.706
146 -72.231 -0.567
141 -80.879 -0.635
125 -68.777 -0.540
133 -74.500 -0.585
124 -70.929 -0.557
149 -79.562 -0.625
132 -71.976 -0.565
146 -86.533 -0.680
130 -66.625 -0.523
144 -78.285 -0.615
152 -87.462 -0.687
148 -78.772 -0.619
163 -81.946 -0.644
154 -83.022 -0.652
158 -84.139 -0.661
151 -80.825 -0.635
153 -78.422 -0.616
172 -86.704 -0.681
176 -87.020 -0.683
135 -74.494 -0.585
146 -78.673 -0.618
141 -77.894 -0.612
146 -77.645 -0.610
154 -82.611 -0.649
112 -67.873 -0.533
162 -85.173 -0.669
152 -82.566 -0.648
138 -79.654 -0.626
139 -73.641 -0.578
116 -65.782 -0.517
135 -74.169 -0.583
141 -77.212 -0.606
137 -75.907 -0.596
134 -77.607 -0.610
126 -73.221 -0.575
126 -75.086 -0.590
137 -76.531 -0.601
163 -82.579 -0.649
184 -87.787 -0.689
178 -81.265 -0.638
121 -71.734 -0.563
143 -82.254 -0.646
134 -78.517 -0.617
157 -78.540 -0.617
146 -83.286 -0.654
124 -70.184 -0.551
144 -77.865 -0.612
166 -84.343 -0.662
152 -89.200 -0.701
148 -82.780 -0.650
143 -79.361 -0.623
150 -81.096 -0.637
149 -80.392 -0.631
126 -68.532 -0.538
152 -85.683 -0.673
163 -84.489 -0.664
139 -77.741 -0.611
144 -76.312 -0.599
152 -77.929 -0.612
134 -77.508 -0.609
159 -84.591 -0.664
162 -86.224 -0.677
154 -81.354 -0.639
146 -84.400 -0.663
139 -78.183 -0.614
153 -85.721 -0.673
151 -79.425 -0.624
125 -73.590 -0.578
159 -85.657 -0.673
155 -75.990 -0.597
157 -83.550 -0.656
134 -77.286 -0.607
136 -74.510 -0.585
145 -77.241 -0.607
130 -71.330 -0.560
147 -77.473 -0.608
129 -70.830 -0.556
147 -78.705 -0.618
138 -78.693 -0.618
140 -81.185 -0.638
152 -85.657 -0.673
141 -77.766 -0.611
151 -83.601 -0.657
141 -79.673 -0.626
161 -84.050 -0.660
113 -66.622 -0.523
121 -74.453 -0.585
139 -75.917 -0.596
139 -75.933 -0.596
136 -78.909 -0.620
132 -75.188 -0.591
160 -83.652 -0.657
120 -71.362 -0.560
158 -85.820 -0.674
178 -88.964 -0.699
185 -90.897 -0.714
131 -72.606 -0.570
140 -79.256 -0.622
154 -78.814 -0.619
135 -77.091 -0.605
144 -76.665 -0.602
150 -78.050 -0.613
139 -76.044 -0.597
143 -79.437 -0.624
159 -84.438 -0.663
125 -73.485 -0.577
142 -75.233 -0.591
154 -84.588 -0.664
147 -78.225 -0.614
137 -80.898 -0.635
138 -75.248 -0.591
139 -73.192 -0.575
151 -81.099 -0.637
124 -73.288 -0.576
133 -75.968 -0.597
138 -76.117 -0.598
125 -72.460 -0.569
145 -79.310 -0.623
146 -81.054 -0.637
137 -76.289 -0.599
150 -81.277 -0.638
148 -83.881 -0.659
141 -78.957 -0.620
143 -75.685 -0.594
114 -69.713 -0.548
149 -78.588 -0.617
145 -79.886 -0.627
153 -80.854 -0.635
152 -82.818 -0.650
129 -75.420 -0.592
134 -76.293 -0.599
162 -81.182 -0.638
153 -82.608 -0.649
150 -82.544 -0.648
126 -73.221 -0.575
152 -82.334 -0.647
153 -82.366 -0.647
140 -71.037 -0.558
150 -80.924 -0.636
140 -75.506 -0.593
145 -78.333 -0.615
148 -80.074 -0.629
144 -77.677 -0.610
157 -81.984 -0.644
148 -77.302 -0.607
155 -84.998 -0.668
151 -85.660 -0.673
186 -91.202 -0.716
151 -82.945 -0.651
138 -77.126 -0.606
155 -82.939 -0.651
126 -73.673 -0.579
139 -72.221 -0.567
131 -73.221 -0.575
145 -80.513 -0.632
161 -83.209 -0.654
143 -78.982 -0.620
136 -78.482 -0.616
151 -81.526 -0.640
135 -80.618 -0.633
155 -80.644 -0.633
136 -78.623 -0.617
151 -83.760 -0.658
133 -78.992 -0.620
151 -82.334 -0.647
166 -83.337 -0.655
126 -76.273 -0.599
143 -80.755 -0.634
127 -75.064 -0.590
154 -80.084 -0.629
135 -74.255 -0.583
141 -79.027 -0.621
138 -73.106 -0.574
142 -78.015 -0.613
133 -75.210 -0.591
170 -90.075 -0.707
145 -78.721 -0.618
122 -67.924 -0.533
122 -70.487 -0.554
155 -86.634 -0.680
109 -69.891 -0.549
115 -67.358 -0.529
115 -67.198 -0.528
145 -78.040 -0.613
132 -71.578 -0.562
133 -69.522 -0.546
166 -83.680 -0.657
139 -72.116 -0.566
147 -83.015 -0.652
133 -76.732 -0.603
152 -84.836 -0.666
146 -82.786 -0.650
148 -82.038 -0.644
140 -78.600 -0.617
116 -69.344 -0.545
123 -73.246 -0.575
147 -78.072 -0.613
152 -86.927 -0.683
146 -86.848 -0.682
181 -85.851 -0.674
156 -84.610 -0.665
139 -73.160 -0.575
125 -73.380 -0.576
159 -83.817 -0.658
153 -82.372 -0.647
141 -80.354 -0.631
146 -79.829 -0.627
148 -80.758 -0.634
157 -81.385 -0.639
131 -72.174 -0.567
158 -86.077 -0.676
153 -86.361 -0.678
144 -79.103 -0.621
157 -82.624 -0.649
136 -77.894 -0.612
130 -78.075 -0.613
144 -76.923 -0.604
111 -63.764 -0.501
150 -83.066 -0.652
143 -77.852 -0.611
165 -89.136 -0.700
124 -70.417 -0.553
127 -73.335 -0.576
150 -79.412 -0.624
145 -83.025 -0.652
160 -85.638 -0.673
148 -80.316 -0.631
152 -81.424 -0.639
148 -77.384 -0.608
164 -82.471 -0.648
120 -73.447 -0.577
86 -55.946 -0.439
142 -77.687 -0.610
131 -73.886 -0.580
145 -78.193 -0.614
135 -78.896 -0.620
152 -80.157 -0.630
151 -79.565 -0.625
140 -80.170 -0.630
162 -86.332 -0.678
135 -77.139 -0.606
148 -77.728 -0.610
129 -70.155 -0.551
152 -82.430 -0.647
122 -68.421 -0.537
137 -78.740 -0.618
156 -85.594 -0.672
127 -70.464 -0.553
159 -83.279 -0.654
133 -75.853 -0.596
142 -78.686 -0.618
133 -73.695 -0.579
131 -76.436 -0.600
167 -85.934 -0.675
129 -68.876 -0.541
127 -73.291 -0.576
154 -81.131 -0.637
148 -82.671 -0.649
136 -70.181 -0.551
161 -84.368 -0.663
157 -81.077 -0.637
170 -87.787 -0.689
155 -81.522 -0.640
164 -81.863 -0.643
127 -75.277 -0.591
134 -74.723 -0.587
137 -75.003 -0.589
123 -72.425 -0.569
138 -75.691 -0.594
137 -75.096 -0.590
176 -84.053 -0.660
153 -85.753 -0.673
144 -78.677 -0.618
149 -81.589 -0.641
169 -89.973 -0.707
136 -76.359 -0.600
125 -73.587 -0.578
141 -77.260 -0.607
132 -75.468 -0.593
150 -81.653 -0.641
145 -81.086 -0.637
153 -80.618 -0.633
170 -81.093 -0.637
165 -88.038 -0.691
127 -69.551 -0.546
137 -76.748 -0.603
160 -77.849 -0.611
133 -76.331 -0.599
144 -76.270 -0.599
123 -71.161 -0.559
126 -69.802 -0.548
131 -72.654 -0.571
132 -73.947 -0.581
168 -79.880 -0.627
157 -86.252 -0.677
116 -71.403 -0.561
149 -76.350 -0.600
150 -75.595 -0.594
128 -76.369 -0.600
121 -68.462 -0.538
128 -74.255 -0.583
127 -73.361 -0.576
167 -83.747 -0.658
131 -70.827 -0.556
149 -82.821 -0.650
157 -80.396 -0.631
138 -73.733 -0.579
148 -77.540 -0.609
147 -77.890 -0.612
150 -82.764 -0.650
146 -80.224 -0.630
145 -77.454 -0.608
138 -81.389 -0.639
156 -81.767 -0.642
156 -81.484 -0.640
162 -84.594 -0.664
148 -79.176 -0.622
144 -80.246 -0.630
146 -75.233 -0.591
126 -75.175 -0.590
137 -80.523 -0.632
161 -81.274 -0.638
150 -80.478 -0.632
164 -84.896 -0.667
150 -81.058 -0.637
120 -75.182 -0.590
146 -81.618 -0.641
150 -80.488 -0.632
129 -74.195 -0.583
146 -79.466 -0.624
161 -83.706 -0.657
146 -75.509 -0.593
144 -77.652 -0.610
140 -78.600 -0.617
170 -86.851 -0.682
144 -78.384 -0.616
161 -82.636 -0.649
144 -77.041 -0.605
147 -78.244 -0.615
143 -80.240 -0.630
126 -72.403 -0.569
148 -77.986 -0.612
159 -82.025 -0.644
158 -85.950 -0.675
152 -82.643 -0.649
143 -78.034 -0.613
121 -71.356 -0.560
148 -79.953 -0.628
128 -71.133 -0.559
155 -84.721 -0.665
145 -80.236 -0.630
162 -86.937 -0.683
134 -73.641 -0.578
120 -71.496 -0.562
140 -78.995 -0.620
145 -80.287 -0.631
131 -73.001 -0.573
150 -79.835 -0.627
162 -77.900 -0.612
140 -72.466 -0.569
143 -77.515 -0.609
102 -62.768 -0.493
130 -72.199 -0.567
144 -76.614 -0.602
143 -78.008 -0.613
153 -81.844 -0.643
154 -86.154 -0.677
134 -74.309 -0.584
143 -77.050 -0.605
139 -77.817 -0.611
133 -77.464 -0.608
144 -81.818 -0.643
137 -78.549 -0.617
131 -73.631 -0.578
