97 140
94 133
100 137
82 111
97 131
86 125
99 129
93 110
106 155
96 145
106 161
109 172
94 127
108 167
114 195
109 164
114 192
118 187
89 114
104 177
97 124
96 124
110 199
111 168
84 97
111 155
99 133
103 116
92 105
91 128
102 149
84 96
99 135
96 141
96 149
93 150
110 163
112 182
99 135
106 173
88 118
99 153
96 122
128 205
95 136
106 162
111 170
99 153
80 93
100 137
95 118
75 85
104 150
99 138
102 146
90 112
108 141
103 150
95 113
102 165
114 166
86 102
102 143
102 170
118 193
99 150
100 165
100 159
110 170
122 226
100 136
94 144
119 204
85 85
109 174
96 123
104 142
106 159
102 162
96 120
95 118
109 177
94 137
104 176
103 173
90 122
94 114
115 208
93 136
102 164
84 88
95 133
93 142
117 210
77 83
118 203
109 169
102 152
100 136
117 192
97 140
94 133
100 137
82 111
97 131
86 125
99 129
93 110
106 155
96 145
106 161
109 172
94 127
108 167
114 195
109 164
114 192
118 187
89 114
104 177
97 124
96 124
110 199
111 168
84 97
111 155
99 133
103 116
92 105
91 128
102 149
84 96
99 135
96 141
96 149
93 150
110 163
112 182
99 135
106 173
88 118
99 153
96 122
128 205
95 136
106 162
111 170
99 153
80 93
100 137
95 118
75 85
104 150
99 138
102 146
90 112
108 141
103 150
95 113
102 165
114 166
86 102
102 143
102 170
118 193
99 150
100 165
100 159
110 170
122 226
100 136
94 144
119 204
85 85
109 174
96 123
104 142
106 159
102 162
96 120
95 118
109 177
94 137
104 176
103 173
90 122
94 114
115 208
93 136
102 164
84 88
95 133
93 142
117 210
77 83
118 203
109 169
102 152
100 136
117 192
