49 20
48 29
48 18
48 22
44 20
44 18
40 15
46 21
51 26
44 18
40 15
48 16
42 20
46 14
47 17
51 24
41 12
35 10
58 21
49 21
53 23
53 26
50 25
49 20
39 10
53 22
48 22
42 15
42 15
50 28
48 23
49 23
39 12
38 14
49 21
38 16
56 28
41 20
43 15
41 15
49 23
51 23
42 21
38 14
43 23
39 15
42 12
45 21
44 18
46 22
47 16
52 28
47 21
55 34
49 23
50 16
39 14
45 19
40 12
42 10
48 20
48 14
48 20
40 21
47 22
44 22
50 17
38 7
54 26
29 8
49 21
37 11
33 10
48 25
42 20
56 20
47 23
46 17
44 20
50 24
51 17
38 13
46 18
48 25
58 27
45 15
52 29
49 25
38 13
51 17
49 19
61 40
37 10
32 9
39 17
42 17
39 13
47 15
46 14
41 13
