226 -105.221 -0.826
243 -105.965 -0.832
233 -107.541 -0.845
237 -108.716 -0.854
222 -105.959 -0.832
249 -111.555 -0.876
245 -109.550 -0.860
220 -104.902 -0.824
206 -101.815 -0.800
248 -108.751 -0.854
218 -105.911 -0.832
229 -109.683 -0.861
225 -108.795 -0.854
239 -106.869 -0.839
224 -106.691 -0.838
218 -105.319 -0.827
239 -109.578 -0.861
243 -113.169 -0.889
251 -111.606 -0.877
222 -107.579 -0.845
208 -101.267 -0.795
244 -109.782 -0.862
240 -111.991 -0.880
236 -111.431 -0.875
232 -106.860 -0.839
200 -102.314 -0.804
216 -107.350 -0.843
210 -102.830 -0.808
250 -111.272 -0.874
237 -111.536 -0.876
221 -108.311 -0.851
230 -107.656 -0.846
225 -107.974 -0.848
254 -110.469 -0.868
237 -109.117 -0.857
228 -108.741 -0.854
234 -109.269 -0.858
247 -108.155 -0.849
231 -109.741 -0.862
231 -107.948 -0.848
213 -106.074 -0.833
232 -107.815 -0.847
234 -108.006 -0.848
233 -106.430 -0.836
241 -107.576 -0.845
248 -109.613 -0.861
254 -112.246 -0.882
234 -108.327 -0.851
250 -111.619 -0.877
248 -112.201 -0.881
242 -110.259 -0.866
256 -110.934 -0.871
228 -110.960 -0.871
237 -107.777 -0.846
250 -112.602 -0.884
213 -103.521 -0.813
222 -109.247 -0.858
238 -108.881 -0.855
213 -106.526 -0.837
214 -106.675 -0.838
219 -109.479 -0.860
228 -107.579 -0.845
213 -105.389 -0.828
213 -105.762 -0.831
246 -112.809 -0.886
243 -110.641 -0.869
236 -110.629 -0.869
217 -104.858 -0.824
208 -106.140 -0.834
228 -109.871 -0.863
222 -106.338 -0.835
246 -111.463 -0.875
237 -104.934 -0.824
270 -113.818 -0.894
234 -112.045 -0.880
263 -113.118 -0.888
209 -104.444 -0.820
220 -104.870 -0.824
232 -102.674 -0.806
244 -108.563 -0.853
230 -108.073 -0.849
234 -106.471 -0.836
242 -110.750 -0.870
228 -109.394 -0.859
237 -110.664 -0.869
254 -113.681 -0.893
227 -109.489 -0.860
243 -110.148 -0.865
221 -104.893 -0.824
247 -109.782 -0.862
194 -101.560 -0.798
227 -108.766 -0.854
222 -104.905 -0.824
237 -109.839 -0.863
223 -109.718 -0.862
238 -108.337 -0.851
247 -112.532 -0.884
237 -112.297 -0.882
242 -112.491 -0.883
214 -107.375 -0.843
250 -112.513 -0.884
235 -108.690 -0.854
218 -109.212 -0.858
236 -110.785 -0.870
234 -107.897 -0.847
219 -106.487 -0.836
223 -107.245 -0.842
216 -102.480 -0.805
229 -107.719 -0.846
249 -111.364 -0.875
257 -110.616 -0.869
260 -110.969 -0.872
250 -112.128 -0.881
229 -110.791 -0.870
243 -110.291 -0.866
252 -110.899 -0.871
238 -109.403 -0.859
238 -111.969 -0.879
242 -109.890 -0.863
211 -103.919 -0.816
233 -107.484 -0.844
230 -108.184 -0.850
247 -109.359 -0.859
219 -104.243 -0.819
233 -108.830 -0.855
239 -110.231 -0.866
228 -109.696 -0.862
259 -112.554 -0.884
245 -109.871 -0.863
250 -110.008 -0.864
249 -106.710 -0.838
221 -108.607 -0.853
245 -107.312 -0.843
241 -107.175 -0.842
232 -104.326 -0.819
218 -108.114 -0.849
227 -107.172 -0.842
241 -112.156 -0.881
256 -111.908 -0.879
240 -112.564 -0.884
230 -106.070 -0.833
248 -109.858 -0.863
222 -102.811 -0.807
235 -108.852 -0.855
238 -110.304 -0.866
225 -105.128 -0.826
237 -109.747 -0.862
216 -106.478 -0.836
235 -111.249 -0.874
230 -110.495 -0.868
229 -106.000 -0.833
226 -109.616 -0.861
236 -110.037 -0.864
226 -106.764 -0.839
227 -104.030 -0.817
217 -105.787 -0.831
244 -110.851 -0.871
226 -107.802 -0.847
232 -110.326 -0.866
242 -109.865 -0.863
240 -109.088 -0.857
234 -109.053 -0.856
236 -108.744 -0.854
246 -107.048 -0.841
252 -110.342 -0.867
208 -102.725 -0.807
227 -103.413 -0.812
232 -110.855 -0.871
237 -108.028 -0.848
241 -111.940 -0.879
235 -108.786 -0.854
227 -106.917 -0.840
219 -105.561 -0.829
215 -104.762 -0.823
212 -106.688 -0.838
223 -108.088 -0.849
233 -105.918 -0.832
230 -109.871 -0.863
238 -106.723 -0.838
206 -102.225 -0.803
233 -109.056 -0.857
225 -107.363 -0.843
215 -105.135 -0.826
241 -107.003 -0.840
223 -107.366 -0.843
246 -110.450 -0.867
240 -108.375 -0.851
244 -109.938 -0.863
249 -112.373 -0.883
213 -105.096 -0.825
242 -109.750 -0.862
245 -110.368 -0.867
236 -105.765 -0.831
235 -109.814 -0.862
261 -111.981 -0.879
235 -107.977 -0.848
224 -103.441 -0.812
234 -108.289 -0.850
225 -108.168 -0.850
237 -108.359 -0.851
265 -113.589 -0.892
222 -107.592 -0.845
205 -100.761 -0.791
241 -106.726 -0.838
250 -110.536 -0.868
231 -111.482 -0.876
226 -107.847 -0.847
224 -108.843 -0.855
241 -107.200 -0.842
214 -106.978 -0.840
234 -104.383 -0.820
237 -108.569 -0.853
215 -106.965 -0.840
210 -103.027 -0.809
229 -110.972 -0.872
235 -108.795 -0.854
266 -109.515 -0.860
232 -112.020 -0.880
237 -110.132 -0.865
207 -104.326 -0.819
231 -106.347 -0.835
225 -107.395 -0.843
227 -105.402 -0.828
209 -104.307 -0.819
224 -108.152 -0.849
214 -105.883 -0.832
237 -110.718 -0.870
218 -107.897 -0.847
214 -108.219 -0.850
252 -110.371 -0.867
209 -105.876 -0.832
252 -112.745 -0.885
237 -108.986 -0.856
219 -108.369 -0.851
210 -106.436 -0.836
243 -108.661 -0.853
206 -106.220 -0.834
238 -110.072 -0.864
233 -109.871 -0.863
231 -109.728 -0.862
238 -109.218 -0.858
220 -108.365 -0.851
229 -107.242 -0.842
232 -109.193 -0.858
215 -103.158 -0.810
240 -108.474 -0.852
231 -106.783 -0.839
233 -109.012 -0.856
217 -107.477 -0.844
220 -109.441 -0.860
237 -108.792 -0.854
233 -111.243 -0.874
198 -102.467 -0.805
221 -107.649 -0.845
233 -108.582 -0.853
232 -109.591 -0.861
237 -111.965 -0.879
226 -106.583 -0.837
253 -111.631 -0.877
240 -110.183 -0.865
218 -107.958 -0.848
227 -107.767 -0.846
216 -105.494 -0.829
225 -107.169 -0.842
242 -110.931 -0.871
245 -109.148 -0.857
227 -108.849 -0.855
245 -109.403 -0.859
255 -110.877 -0.871
236 -109.008 -0.856
215 -107.388 -0.843
262 -112.959 -0.887
251 -111.100 -0.873
235 -109.432 -0.859
239 -109.537 -0.860
239 -106.128 -0.834
203 -102.104 -0.802
250 -110.164 -0.865
200 -104.909 -0.824
243 -109.616 -0.861
244 -109.741 -0.862
233 -109.441 -0.860
219 -105.755 -0.831
229 -106.459 -0.836
230 -107.442 -0.844
208 -104.106 -0.818
229 -108.989 -0.856
252 -110.212 -0.866
253 -112.287 -0.882
220 -109.228 -0.858
241 -109.304 -0.858
242 -108.891 -0.855
224 -110.135 -0.865
247 -108.935 -0.856
228 -108.595 -0.853
217 -106.210 -0.834
250 -107.038 -0.841
221 -109.142 -0.857
226 -103.747 -0.815
207 -102.018 -0.801
240 -110.680 -0.869
234 -110.008 -0.864
241 -111.634 -0.877
229 -106.360 -0.835
243 -108.579 -0.853
246 -109.381 -0.859
231 -109.317 -0.859
234 -110.097 -0.865
241 -110.348 -0.867
242 -106.946 -0.840
222 -107.079 -0.841
234 -108.477 -0.852
278 -113.649 -0.893
226 -108.512 -0.852
228 -109.066 -0.857
256 -112.265 -0.882
212 -103.597 -0.814
216 -107.592 -0.845
231 -105.819 -0.831
239 -108.646 -0.853
235 -108.041 -0.849
242 -109.448 -0.860
242 -109.861 -0.863
231 -109.171 -0.857
239 -110.202 -0.866
249 -110.425 -0.867
226 -110.294 -0.866
222 -105.720 -0.830
235 -110.568 -0.868
249 -112.071 -0.880
239 -110.985 -0.872
213 -102.706 -0.807
219 -107.493 -0.844
222 -106.121 -0.833
216 -108.474 -0.852
240 -112.335 -0.882
227 -108.203 -0.850
248 -110.727 -0.870
225 -106.771 -0.839
234 -106.150 -0.834
244 -108.693 -0.854
222 -105.940 -0.832
237 -106.513 -0.837
246 -113.633 -0.892
253 -112.650 -0.885
252 -111.867 -0.879
264 -113.933 -0.895
240 -108.496 -0.852
217 -107.159 -0.842
245 -109.101 -0.857
239 -111.447 -0.875
246 -106.895 -0.840
243 -108.716 -0.854
231 -108.585 -0.853
273 -113.824 -0.894
225 -108.184 -0.850
214 -105.112 -0.826
224 -107.853 -0.847
244 -108.833 -0.855
219 -103.820 -0.815
236 -111.841 -0.878
227 -109.543 -0.860
253 -109.982 -0.864
232 -110.119 -0.865
235 -109.113 -0.857
223 -107.156 -0.842
241 -111.555 -0.876
243 -110.753 -0.870
232 -111.071 -0.872
245 -108.531 -0.852
220 -101.410 -0.796
211 -102.493 -0.805
238 -111.727 -0.877
232 -107.786 -0.847
213 -105.660 -0.830
225 -104.463 -0.820
236 -110.864 -0.871
232 -110.565 -0.868
238 -107.901 -0.847
224 -106.895 -0.840
227 -105.351 -0.827
222 -106.497 -0.836
231 -106.128 -0.834
247 -111.536 -0.876
213 -106.179 -0.834
231 -108.448 -0.852
234 -108.025 -0.848
236 -107.719 -0.846
232 -106.850 -0.839
243 -109.425 -0.859
229 -110.116 -0.865
197 -104.826 -0.823
236 -110.135 -0.865
233 -109.543 -0.860
256 -108.197 -0.850
216 -107.232 -0.842
230 -108.954 -0.856
220 -106.529 -0.837
212 -105.822 -0.831
252 -109.760 -0.862
241 -110.753 -0.870
225 -107.118 -0.841
239 -106.933 -0.840
237 -109.136 -0.857
238 -111.752 -0.878
227 -106.083 -0.833
241 -110.600 -0.869
251 -108.123 -0.849
230 -107.274 -0.843
230 -107.286 -0.843
222 -104.444 -0.820
232 -110.641 -0.869
220 -105.778 -0.831
258 -108.986 -0.856
239 -113.277 -0.890
204 -105.109 -0.826
222 -106.541 -0.837
257 -110.772 -0.870
238 -107.831 -0.847
227 -110.988 -0.872
224 -103.941 -0.816
242 -107.531 -0.845
239 -109.384 -0.859
214 -105.205 -0.826
243 -107.143 -0.841
240 -108.833 -0.855
238 -110.976 -0.872
245 -111.775 -0.878
251 -110.122 -0.865
237 -110.912 -0.871
224 -106.510 -0.837
239 -108.556 -0.853
220 -106.697 -0.838
236 -107.621 -0.845
238 -111.173 -0.873
241 -112.319 -0.882
237 -106.452 -0.836
239 -110.075 -0.865
225 -108.467 -0.852
230 -110.734 -0.870
232 -107.605 -0.845
257 -111.669 -0.877
225 -107.264 -0.842
215 -107.872 -0.847
211 -103.374 -0.812
212 -103.005 -0.809
236 -108.369 -0.851
238 -110.826 -0.870
238 -108.754 -0.854
250 -111.542 -0.876
250 -109.632 -0.861
242 -108.206 -0.850
218 -107.821 -0.847
241 -109.250 -0.858
243 -111.405 -0.875
242 -110.890 -0.871
243 -107.627 -0.845
212 -103.505 -0.813
218 -108.929 -0.856
237 -108.143 -0.849
231 -104.568 -0.821
233 -109.343 -0.859
233 -105.749 -0.831
253 -110.135 -0.865
213 -105.784 -0.831
260 -111.504 -0.876
221 -105.230 -0.826
230 -105.478 -0.828
225 -107.111 -0.841
227 -109.931 -0.863
242 -110.434 -0.867
226 -107.153 -0.842
209 -105.437 -0.828
243 -111.402 -0.875
249 -107.207 -0.842
224 -107.477 -0.844
224 -108.400 -0.851
236 -108.381 -0.851
239 -107.738 -0.846
229 -110.037 -0.864
214 -105.934 -0.832
229 -107.710 -0.846
237 -112.058 -0.880
215 -106.456 -0.836
223 -105.701 -0.830
224 -107.563 -0.845
238 -108.891 -0.855
240 -108.741 -0.854
238 -109.973 -0.864
228 -108.852 -0.855
221 -106.058 -0.833
246 -110.820 -0.870
240 -110.909 -0.871
232 -108.770 -0.854
253 -109.935 -0.863
262 -111.685 -0.877
247 -108.646 -0.853
218 -107.048 -0.841
246 -110.998 -0.872
228 -109.686 -0.861
219 -106.736 -0.838
229 -108.655 -0.853
236 -114.518 -0.899
213 -106.707 -0.838
225 -108.092 -0.849
247 -112.102 -0.880
225 -105.946 -0.832
231 -107.484 -0.844
245 -107.993 -0.848
243 -112.071 -0.880
226 -107.423 -0.844
237 -107.461 -0.844
193 -103.002 -0.809
223 -106.745 -0.838
246 -109.215 -0.858
254 -110.304 -0.866
220 -105.895 -0.832
241 -108.757 -0.854
222 -107.662 -0.846
230 -108.528 -0.852
221 -109.005 -0.856
236 -107.337 -0.843
244 -110.976 -0.872
247 -111.523 -0.876
241 -110.021 -0.864
228 -107.232 -0.842
222 -106.818 -0.839
251 -110.823 -0.870
234 -106.936 -0.840
235 -111.806 -0.878
232 -106.783 -0.839
214 -107.070 -0.841
236 -107.913 -0.848
221 -106.860 -0.839
233 -107.538 -0.845
241 -108.837 -0.855
231 -109.642 -0.861
250 -113.095 -0.888
216 -108.015 -0.848
237 -107.458 -0.844
227 -105.173 -0.826
222 -104.186 -0.818
211 -104.196 -0.818
237 -108.066 -0.849
210 -103.441 -0.812
254 -110.508 -0.868
245 -110.972 -0.872
255 -112.608 -0.884
227 -106.532 -0.837
240 -110.135 -0.865
227 -108.872 -0.855
239 -112.663 -0.885
232 -109.530 -0.860
222 -108.194 -0.850
209 -106.000 -0.833
241 -108.321 -0.851
222 -105.389 -0.828
212 -105.485 -0.828
212 -105.714 -0.830
217 -103.747 -0.815
237 -107.605 -0.845
234 -109.250 -0.858
227 -107.356 -0.843
219 -106.631 -0.837
218 -107.621 -0.845
217 -106.150 -0.834
195 -102.684 -0.806
230 -107.939 -0.848
242 -112.421 -0.883
242 -108.502 -0.852
234 -106.280 -0.835
217 -106.456 -0.836
228 -109.066 -0.857
228 -109.072 -0.857
234 -107.875 -0.847
240 -108.540 -0.852
274 -114.649 -0.900
223 -105.755 -0.831
244 -109.129 -0.857
237 -111.478 -0.876
249 -109.406 -0.859
240 -109.133 -0.857
235 -110.804 -0.870
229 -108.385 -0.851
230 -107.410 -0.844
211 -102.521 -0.805
242 -112.497 -0.884
242 -109.811 -0.862
234 -106.475 -0.836
242 -107.929 -0.848
230 -108.817 -0.855
235 -110.721 -0.870
216 -106.666 -0.838
233 -109.069 -0.857
245 -108.098 -0.849
241 -109.257 -0.858
215 -104.170 -0.818
228 -105.482 -0.828
245 -110.826 -0.870
232 -106.315 -0.835
236 -108.779 -0.854
231 -109.314 -0.859
237 -106.834 -0.839
219 -107.560 -0.845
233 -108.057 -0.849
215 -106.325 -0.835
226 -107.321 -0.843
243 -108.302 -0.851
251 -112.026 -0.880
236 -108.279 -0.850
222 -104.788 -0.823
232 -107.573 -0.845
256 -110.457 -0.868
214 -105.227 -0.826
243 -111.049 -0.872
235 -110.396 -0.867
217 -104.122 -0.818
215 -105.542 -0.829
236 -110.864 -0.871
246 -108.391 -0.851
240 -111.790 -0.878
215 -106.023 -0.833
224 -109.053 -0.856
236 -110.641 -0.869
223 -108.751 -0.854
252 -112.780 -0.886
227 -107.305 -0.843
236 -109.031 -0.856
219 -103.104 -0.810
220 -108.429 -0.852
204 -103.199 -0.811
235 -108.375 -0.851
230 -107.773 -0.846
227 -109.021 -0.856
219 -105.329 -0.827
227 -107.697 -0.846
235 -110.263 -0.866
240 -109.884 -0.863
237 -110.890 -0.871
232 -110.081 -0.865
244 -109.814 -0.862
242 -107.315 -0.843
237 -110.333 -0.867
263 -111.517 -0.876
265 -111.523 -0.876
213 -104.870 -0.824
229 -106.347 -0.835
228 -108.378 -0.851
235 -110.049 -0.864
244 -106.701 -0.838
210 -103.858 -0.816
250 -108.375 -0.851
239 -111.046 -0.872
229 -107.079 -0.841
231 -106.319 -0.835
213 -106.640 -0.838
231 -108.560 -0.853
235 -109.298 -0.858
223 -106.147 -0.834
226 -110.660 -0.869
213 -106.825 -0.839
226 -108.490 -0.852
222 -108.534 -0.852
247 -112.332 -0.882
269 -111.860 -0.879
254 -113.019 -0.888
207 -105.622 -0.830
239 -105.389 -0.828
227 -108.760 -0.854
240 -105.641 -0.830
232 -108.830 -0.855
215 -106.974 -0.840
231 -106.803 -0.839
255 -112.373 -0.883
235 -109.680 -0.861
234 -106.016 -0.833
223 -107.130 -0.841
236 -108.314 -0.851
245 -112.462 -0.883
207 -106.459 -0.836
240 -109.047 -0.856
236 -109.900 -0.863
223 -106.621 -0.837
230 -106.109 -0.833
237 -111.061 -0.872
222 -107.213 -0.842
241 -111.358 -0.875
246 -109.168 -0.857
251 -110.941 -0.871
228 -110.263 -0.866
221 -103.377 -0.812
235 -109.107 -0.857
241 -108.687 -0.854
211 -106.300 -0.835
243 -106.853 -0.839
239 -111.660 -0.877
242 -112.093 -0.880
230 -108.076 -0.849
232 -109.464 -0.860
232 -106.147 -0.834
217 -104.418 -0.820
237 -105.918 -0.832
215 -106.923 -0.840
234 -111.237 -0.874
230 -110.317 -0.866
233 -106.650 -0.838
241 -109.015 -0.856
227 -108.795 -0.854
233 -109.193 -0.858
234 -107.987 -0.848
253 -111.698 -0.877
203 -102.719 -0.807
218 -104.874 -0.824
244 -111.412 -0.875
226 -110.695 -0.869
221 -107.067 -0.841
212 -106.185 -0.834
242 -110.119 -0.865
217 -104.893 -0.824
242 -110.625 -0.869
257 -112.707 -0.885
267 -115.527 -0.907
213 -105.408 -0.828
230 -108.626 -0.853
233 -107.433 -0.844
231 -109.075 -0.857
236 -106.160 -0.834
237 -108.044 -0.849
220 -110.221 -0.866
225 -110.326 -0.866
242 -110.746 -0.870
209 -105.978 -0.832
228 -106.968 -0.840
241 -110.664 -0.869
234 -104.934 -0.824
225 -109.238 -0.858
223 -107.843 -0.847
229 -105.634 -0.830
244 -110.151 -0.865
215 -107.433 -0.844
229 -105.622 -0.830
227 -109.394 -0.859
215 -106.602 -0.837
233 -108.025 -0.848
236 -112.885 -0.887
238 -109.559 -0.860
248 -111.103 -0.873
230 -109.413 -0.859
237 -109.893 -0.863
236 -110.571 -0.868
209 -105.825 -0.831
246 -107.897 -0.847
234 -107.118 -0.841
238 -108.057 -0.849
242 -113.554 -0.892
221 -104.858 -0.824
227 -105.813 -0.831
255 -110.800 -0.870
241 -109.486 -0.860
232 -109.982 -0.864
226 -109.470 -0.860
235 -111.205 -0.873
235 -106.927 -0.840
234 -107.993 -0.848
236 -107.789 -0.847
227 -105.326 -0.827
231 -106.873 -0.839
231 -109.505 -0.860
231 -108.544 -0.852
242 -109.776 -0.862
239 -106.806 -0.839
237 -106.647 -0.838
244 -109.766 -0.862
268 -114.038 -0.896
244 -111.147 -0.873
227 -109.024 -0.856
250 -110.049 -0.864
215 -108.827 -0.855
220 -108.209 -0.850
228 -110.406 -0.867
238 -112.443 -0.883
242 -107.076 -0.841
232 -107.856 -0.847
223 -106.885 -0.839
236 -111.443 -0.875
227 -110.224 -0.866
248 -109.218 -0.858
232 -108.607 -0.853
245 -111.058 -0.872
217 -106.086 -0.833
233 -111.434 -0.875
249 -111.991 -0.880
220 -107.586 -0.845
236 -107.999 -0.848
223 -108.162 -0.849
245 -107.356 -0.843
211 -103.502 -0.813
222 -107.818 -0.847
233 -110.393 -0.867
228 -107.853 -0.847
221 -106.300 -0.835
253 -113.083 -0.888
229 -106.917 -0.840
208 -101.372 -0.796
216 -107.652 -0.845
244 -110.113 -0.865
197 -104.562 -0.821
219 -104.845 -0.823
211 -104.297 -0.819
241 -107.907 -0.847
232 -109.702 -0.862
222 -101.722 -0.799
246 -108.661 -0.853
228 -105.975 -0.832
231 -109.833 -0.863
211 -107.627 -0.845
235 -109.855 -0.863
236 -108.127 -0.849
245 -109.444 -0.860
231 -110.520 -0.868
206 -104.959 -0.824
213 -103.078 -0.810
236 -107.754 -0.846
237 -108.044 -0.849
215 -102.031 -0.801
261 -113.662 -0.893
238 -111.857 -0.879
216 -102.945 -0.809
215 -104.450 -0.820
234 -111.864 -0.879
231 -112.185 -0.881
231 -109.155 -0.857
239 -110.912 -0.871
232 -107.032 -0.841
239 -108.120 -0.849
226 -106.704 -0.838
240 -112.694 -0.885
242 -108.375 -0.851
234 -105.911 -0.832
247 -109.483 -0.860
226 -104.995 -0.825
216 -103.476 -0.813
233 -106.701 -0.838
211 -104.507 -0.821
240 -109.085 -0.857
228 -106.405 -0.836
250 -111.354 -0.875
215 -103.034 -0.809
228 -107.866 -0.847
239 -109.238 -0.858
230 -111.163 -0.873
255 -113.783 -0.894
240 -109.597 -0.861
240 -105.469 -0.828
242 -109.610 -0.861
246 -107.430 -0.844
205 -104.737 -0.823
187 -102.976 -0.809
229 -109.518 -0.860
219 -107.859 -0.847
231 -109.400 -0.859
223 -106.172 -0.834
242 -109.938 -0.863
233 -106.990 -0.840
238 -109.005 -0.856
257 -110.460 -0.868
227 -109.190 -0.858
229 -105.370 -0.828
222 -105.940 -0.832
243 -110.683 -0.869
218 -104.727 -0.823
223 -107.621 -0.845
239 -108.251 -0.850
214 -108.203 -0.850
242 -108.289 -0.850
223 -108.493 -0.852
228 -107.073 -0.841
225 -107.172 -0.842
220 -105.233 -0.826
248 -109.951 -0.864
215 -104.485 -0.821
212 -103.699 -0.814
239 -106.589 -0.837
243 -108.999 -0.856
217 -108.018 -0.848
246 -110.298 -0.866
240 -111.046 -0.872
249 -111.268 -0.874
242 -109.448 -0.860
255 -108.942 -0.856
218 -105.949 -0.832
231 -108.509 -0.852
220 -105.806 -0.831
209 -107.175 -0.842
224 -105.462 -0.828
226 -108.935 -0.856
262 -110.925 -0.871
234 -109.266 -0.858
231 -110.304 -0.866
240 -106.070 -0.833
248 -112.799 -0.886
234 -105.361 -0.827
218 -108.171 -0.850
228 -105.685 -0.830
223 -106.748 -0.838
247 -109.893 -0.863
233 -110.170 -0.865
240 -110.266 -0.866
247 -111.227 -0.874
248 -112.287 -0.882
220 -105.192 -0.826
225 -109.429 -0.859
242 -112.468 -0.883
220 -105.698 -0.830
238 -109.604 -0.861
207 -107.875 -0.847
208 -105.380 -0.828
215 -104.126 -0.818
225 -106.691 -0.838
258 -111.810 -0.878
248 -110.950 -0.871
215 -105.240 -0.827
232 -106.532 -0.837
235 -108.334 -0.851
220 -108.327 -0.851
221 -104.418 -0.820
221 -104.329 -0.819
217 -108.872 -0.855
263 -114.060 -0.896
233 -107.191 -0.842
249 -107.939 -0.848
250 -112.685 -0.885
233 -108.817 -0.855
248 -111.023 -0.872
237 -110.043 -0.864
236 -109.107 -0.857
223 -103.829 -0.815
244 -111.335 -0.874
222 -107.283 -0.843
248 -113.283 -0.890
239 -108.814 -0.855
247 -109.858 -0.863
231 -108.041 -0.849
233 -109.018 -0.856
235 -109.133 -0.857
216 -107.668 -0.846
232 -109.540 -0.860
245 -110.816 -0.870
236 -108.623 -0.853
248 -111.981 -0.879
226 -108.763 -0.854
210 -102.731 -0.807
237 -109.537 -0.860
238 -110.851 -0.871
218 -104.921 -0.824
240 -109.174 -0.857
246 -109.085 -0.857
239 -108.314 -0.851
237 -111.167 -0.873
237 -113.315 -0.890
251 -110.676 -0.869
229 -106.955 -0.840
252 -111.262 -0.874
228 -106.150 -0.834
223 -106.987 -0.840
227 -108.805 -0.855
209 -106.322 -0.835
232 -109.951 -0.864
241 -109.107 -0.857
240 -107.917 -0.848
239 -109.142 -0.857
227 -107.137 -0.841
212 -105.602 -0.829
234 -110.520 -0.868
231 -102.426 -0.804
247 -109.540 -0.860
240 -109.963 -0.864
243 -111.854 -0.878
224 -109.537 -0.860
218 -106.166 -0.834
236 -111.704 -0.877
232 -105.539 -0.829
218 -102.015 -0.801
235 -109.378 -0.859
248 -108.894 -0.855
228 -110.511 -0.868
233 -106.809 -0.839
202 -100.548 -0.790
223 -108.913 -0.855
232 -110.285 -0.866
234 -107.130 -0.841
238 -106.293 -0.835
242 -110.256 -0.866
214 -107.353 -0.843
226 -108.563 -0.853
232 -109.947 -0.864
223 -107.468 -0.844
226 -110.896 -0.871
235 -108.942 -0.856
222 -107.140 -0.841
