0.02 0.02 0.02 0.02 0.02 0.02 0.02 0.03 0.03 0.02 0.05 0.06 0.09 0.1 0.1 0.11 0.11 0.12 0.19 0.33 0.48 0.57 0.64 0.63 0.64 0.64 0.66 0.63 0.62 0.62 0.62 0.61 0.6 0.58 0.49 0.36 0.21 0.15 0.14 0.16 0.15 0.13 0.09 0.09 0.09 0.09 0.09 0.1 0.1 0.1 0.1 0.09 0.09 0.09 0.08 0.09 0.08 0.08 0.08 0.09 0.13 0.24 0.43 0.48 0.5 0.5 0.5 0.49 0.47 0.46 0.43 0.43 0.43 0.43 0.43 0.39 0.34 0.18 0.08 0.21 0.42 0.72 1.01 1.22 1.55 1.65 1.68 1.69 1.69 1.69 1.69 1.72 1.73 1.72 1.61 1.43 1.21 0.83 0.62 0.35 
0.05 0.05 0.05 0.05 0.06 0.06 0.06 0.08 0.1 0.09 0.12 0.12 0.15 0.17 0.19 0.2 0.2 0.21 0.28 0.42 0.59 0.7 0.76 0.75 0.74 0.72 0.75 0.72 0.71 0.69 0.68 0.67 0.66 0.64 0.55 0.39 0.22 0.16 0.16 0.18 0.17 0.14 0.1 0.1 0.1 0.1 0.1 0.11 0.11 0.11 0.11 0.1 0.1 0.09 0.08 0.09 0.08 0.08 0.08 0.1 0.14 0.25 0.44 0.49 0.51 0.51 0.51 0.5 0.48 0.47 0.44 0.44 0.44 0.44 0.43 0.39 0.34 0.21 0.11 0.25 0.48 0.82 1.16 1.38 1.73 1.84 1.89 1.93 1.93 1.93 1.94 2 2 1.97 1.85 1.67 1.42 0.97 0.74 0.46 
0.05 0.05 0.05 0.05 0.06 0.06 0.06 0.08 0.1 0.11 0.14 0.14 0.17 0.2 0.23 0.24 0.25 0.26 0.35 0.5 0.67 0.79 0.86 0.85 0.84 0.8 0.83 0.8 0.79 0.75 0.74 0.72 0.71 0.68 0.58 0.41 0.25 0.18 0.17 0.19 0.18 0.15 0.11 0.11 0.11 0.11 0.11 0.12 0.12 0.12 0.12 0.1 0.1 0.09 0.08 0.09 0.08 0.08 0.08 0.1 0.14 0.25 0.44 0.5 0.52 0.54 0.54 0.53 0.51 0.5 0.47 0.47 0.47 0.47 0.46 0.42 0.37 0.26 0.16 0.3 0.54 0.87 1.24 1.46 1.82 1.93 1.98 2.04 2.06 2.06 2.08 2.15 2.14 2.1 1.97 1.77 1.52 1.05 0.81 0.52 
0.05 0.05 0.05 0.05 0.06 0.06 0.06 0.08 0.11 0.12 0.15 0.15 0.2 0.25 0.28 0.3 0.31 0.32 0.41 0.56 0.73 0.85 0.92 0.9 0.89 0.85 0.88 0.85 0.81 0.76 0.75 0.72 0.71 0.68 0.58 0.41 0.25 0.18 0.17 0.19 0.18 0.15 0.11 0.11 0.11 0.12 0.12 0.13 0.14 0.14 0.14 0.12 0.12 0.11 0.1 0.11 0.1 0.1 0.1 0.12 0.15 0.26 0.46 0.51 0.53 0.55 0.55 0.54 0.52 0.51 0.48 0.48 0.48 0.48 0.47 0.43 0.38 0.28 0.19 0.33 0.57 0.9 1.27 1.49 1.85 1.97 2.03 2.09 2.11 2.11 2.19 2.28 2.27 2.21 2.07 1.87 1.62 1.15 0.91 0.62 
0.06 0.06 0.06 0.06 0.07 0.11 0.12 0.15 0.18 0.18 0.21 0.21 0.26 0.31 0.35 0.4 0.41 0.42 0.51 0.66 0.81 0.91 0.96 0.94 0.93 0.9 0.93 0.9 0.86 0.81 0.76 0.73 0.72 0.69 0.59 0.42 0.26 0.19 0.18 0.2 0.19 0.15 0.11 0.11 0.11 0.12 0.12 0.13 0.14 0.14 0.14 0.12 0.13 0.12 0.11 0.12 0.11 0.11 0.11 0.13 0.16 0.27 0.47 0.53 0.57 0.61 0.63 0.62 0.59 0.58 0.56 0.56 0.57 0.57 0.57 0.55 0.51 0.41 0.31 0.44 0.67 0.98 1.33 1.55 1.91 2.03 2.08 2.15 2.16 2.15 2.28 2.42 2.4 2.34 2.2 2 1.75 1.28 1.04 0.75 
0.14 0.14 0.14 0.14 0.15 0.19 0.2 0.24 0.25 0.25 0.27 0.27 0.32 0.36 0.39 0.45 0.46 0.47 0.57 0.72 0.87 0.97 1.02 1 0.99 0.95 0.97 0.94 0.9 0.85 0.78 0.75 0.75 0.72 0.61 0.44 0.28 0.21 0.2 0.21 0.2 0.16 0.12 0.12 0.12 0.13 0.13 0.13 0.14 0.14 0.14 0.12 0.13 0.12 0.11 0.12 0.11 0.11 0.11 0.13 0.16 0.28 0.48 0.54 0.61 0.69 0.85 0.9 0.89 0.89 0.87 0.91 0.93 0.95 0.96 0.96 0.91 0.81 0.71 0.82 1.01 1.22 1.49 1.68 2.01 2.13 2.16 2.21 2.19 2.17 2.35 2.57 2.55 2.49 2.35 2.15 1.9 1.43 1.19 0.9 
0.27 0.27 0.27 0.27 0.28 0.32 0.33 0.37 0.36 0.35 0.33 0.33 0.39 0.42 0.43 0.49 0.5 0.51 0.61 0.76 0.91 1.01 1.06 1.04 1.05 1.02 1.04 0.99 0.95 0.89 0.82 0.78 0.78 0.75 0.64 0.48 0.32 0.25 0.24 0.25 0.22 0.17 0.13 0.13 0.13 0.14 0.14 0.14 0.15 0.15 0.14 0.12 0.13 0.12 0.11 0.12 0.11 0.11 0.11 0.13 0.16 0.28 0.48 0.54 0.63 0.73 0.89 0.95 0.94 0.94 0.92 0.96 0.98 1.01 1.02 1.02 0.97 0.87 0.77 0.86 1.05 1.25 1.51 1.7 2.03 2.15 2.18 2.23 2.21 2.18 2.36 2.64 2.62 2.56 2.42 2.22 1.96 1.49 1.25 0.96 
0.37 0.4 0.4 0.43 0.45 0.5 0.51 0.55 0.54 0.54 0.5 0.51 0.55 0.57 0.57 0.62 0.59 0.6 0.69 0.81 0.96 1.05 1.1 1.08 1.08 1.05 1.08 1.02 0.97 0.9 0.83 0.79 0.79 0.76 0.65 0.49 0.33 0.26 0.25 0.26 0.23 0.17 0.13 0.13 0.13 0.14 0.14 0.14 0.15 0.15 0.14 0.12 0.13 0.12 0.11 0.12 0.11 0.11 0.11 0.13 0.16 0.28 0.48 0.54 0.67 0.78 0.95 1.01 1 1 0.99 1.04 1.08 1.13 1.15 1.15 1.1 1 0.9 0.96 1.14 1.32 1.58 1.77 2.1 2.21 2.24 2.27 2.23 2.19 2.39 2.72 2.72 2.66 2.52 2.32 2.06 1.59 1.35 1.06 
0.36 0.39 0.4 0.45 0.49 0.55 0.57 0.64 0.64 0.67 0.65 0.66 0.72 0.76 0.76 0.81 0.78 0.78 0.86 0.96 1.1 1.18 1.21 1.17 1.13 1.09 1.13 1.07 1 0.92 0.85 0.81 0.81 0.78 0.67 0.51 0.35 0.28 0.27 0.28 0.25 0.19 0.13 0.13 0.13 0.14 0.14 0.14 0.15 0.15 0.15 0.13 0.14 0.13 0.12 0.13 0.13 0.13 0.13 0.15 0.18 0.3 0.5 0.56 0.7 0.81 0.98 1.04 1.04 1.06 1.05 1.11 1.18 1.25 1.29 1.29 1.24 1.14 1.04 1.06 1.24 1.41 1.67 1.86 2.16 2.27 2.29 2.29 2.23 2.19 2.38 2.71 2.71 2.65 2.53 2.34 2.08 1.61 1.37 1.08 
0.37 0.4 0.41 0.46 0.51 0.57 0.63 0.75 0.83 0.89 0.9 0.92 1 1.08 1.07 1.12 1.09 1.09 1.16 1.26 1.39 1.43 1.45 1.31 1.23 1.14 1.15 1.07 0.99 0.89 0.83 0.79 0.79 0.77 0.66 0.5 0.32 0.25 0.24 0.25 0.22 0.18 0.12 0.11 0.11 0.11 0.11 0.11 0.12 0.12 0.13 0.12 0.15 0.14 0.12 0.12 0.12 0.12 0.12 0.13 0.15 0.26 0.46 0.52 0.67 0.79 0.97 1.03 1.05 1.09 1.1 1.18 1.25 1.35 1.4 1.42 1.37 1.28 1.17 1.13 1.29 1.43 1.69 1.87 2.14 2.25 2.25 2.25 2.19 2.15 2.34 2.69 2.69 2.64 2.55 2.39 2.13 1.67 1.43 1.14 
0.37 0.4 0.41 0.46 0.51 0.57 0.64 0.8 0.89 1.06 1.12 1.23 1.34 1.43 1.42 1.47 1.44 1.44 1.51 1.58 1.72 1.75 1.72 1.58 1.43 1.24 1.21 1.06 0.95 0.85 0.79 0.78 0.83 0.82 0.73 0.61 0.43 0.34 0.33 0.38 0.36 0.32 0.26 0.25 0.25 0.25 0.24 0.18 0.18 0.22 0.23 0.21 0.26 0.28 0.23 0.22 0.23 0.24 0.24 0.26 0.27 0.36 0.53 0.58 0.72 0.81 0.99 1.05 1.09 1.14 1.15 1.23 1.29 1.38 1.42 1.45 1.41 1.36 1.26 1.21 1.33 1.47 1.71 1.85 2.11 2.22 2.21 2.22 2.17 2.13 2.33 2.68 2.67 2.62 2.55 2.39 2.15 1.69 1.45 1.16 
0.37 0.4 0.41 0.46 0.51 0.57 0.64 0.81 0.94 1.18 1.34 1.47 1.61 1.72 1.71 1.76 1.73 1.73 1.8 1.84 1.93 1.95 1.89 1.72 1.53 1.26 1.15 0.97 0.82 0.72 0.66 0.65 0.71 0.69 0.62 0.56 0.42 0.34 0.34 0.39 0.37 0.33 0.29 0.3 0.31 0.31 0.31 0.24 0.25 0.3 0.39 0.37 0.43 0.46 0.41 0.4 0.41 0.42 0.41 0.42 0.4 0.46 0.64 0.66 0.81 0.83 0.98 1.02 1.06 1.11 1.12 1.2 1.26 1.36 1.4 1.44 1.43 1.37 1.29 1.22 1.34 1.47 1.71 1.84 2.1 2.24 2.24 2.25 2.2 2.15 2.35 2.7 2.68 2.63 2.57 2.42 2.19 1.73 1.49 1.2 
0.37 0.4 0.41 0.46 0.51 0.57 0.64 0.81 0.94 1.21 1.48 1.73 1.9 2.04 2.03 2.08 2.05 2.05 2.11 2.11 2.12 2.12 2.06 1.89 1.67 1.32 1.07 0.83 0.65 0.55 0.49 0.48 0.54 0.52 0.48 0.46 0.42 0.35 0.36 0.43 0.42 0.39 0.38 0.39 0.4 0.42 0.44 0.42 0.45 0.51 0.68 0.65 0.73 0.75 0.68 0.66 0.66 0.66 0.64 0.67 0.63 0.67 0.85 0.88 1.02 0.97 1.1 1.13 1.15 1.24 1.25 1.33 1.39 1.49 1.53 1.55 1.54 1.49 1.34 1.25 1.32 1.4 1.62 1.73 1.93 2.04 2.06 2.08 2.03 1.98 2.18 2.53 2.51 2.46 2.4 2.26 2.08 1.67 1.44 1.23 
0.37 0.4 0.41 0.46 0.51 0.57 0.64 0.82 0.96 1.25 1.56 1.85 2.04 2.19 2.18 2.24 2.21 2.21 2.27 2.27 2.28 2.27 2.19 2.01 1.77 1.39 1.09 0.82 0.64 0.54 0.48 0.47 0.53 0.51 0.47 0.46 0.43 0.37 0.4 0.47 0.47 0.45 0.44 0.44 0.45 0.47 0.48 0.46 0.5 0.57 0.74 0.71 0.83 0.84 0.77 0.74 0.73 0.73 0.71 0.74 0.73 0.76 0.98 1.05 1.2 1.14 1.26 1.25 1.28 1.36 1.38 1.46 1.52 1.62 1.66 1.67 1.65 1.58 1.4 1.25 1.26 1.29 1.43 1.49 1.52 1.59 1.61 1.62 1.57 1.52 1.72 2.07 2.05 2 1.94 1.84 1.69 1.37 1.22 1.08 
0.37 0.4 0.41 0.46 0.51 0.57 0.64 0.82 0.96 1.25 1.61 1.92 2.12 2.28 2.27 2.33 2.3 2.29 2.33 2.31 2.32 2.29 2.18 2 1.76 1.38 1.03 0.74 0.56 0.46 0.4 0.39 0.46 0.45 0.42 0.43 0.4 0.39 0.42 0.49 0.49 0.47 0.46 0.46 0.45 0.47 0.48 0.46 0.5 0.6 0.78 0.75 0.86 0.87 0.8 0.77 0.76 0.77 0.76 0.79 0.79 0.9 1.17 1.24 1.37 1.29 1.41 1.4 1.44 1.55 1.57 1.65 1.71 1.79 1.83 1.83 1.78 1.62 1.43 1.26 1.22 1.18 1.26 1.28 1.32 1.35 1.37 1.38 1.33 1.28 1.48 1.83 1.82 1.77 1.71 1.67 1.57 1.33 1.21 1.06 
0.38 0.41 0.42 0.47 0.52 0.58 0.65 0.83 0.97 1.26 1.62 1.93 2.09 2.24 2.25 2.32 2.28 2.27 2.29 2.26 2.26 2.23 2.12 1.94 1.7 1.32 0.97 0.72 0.55 0.44 0.39 0.37 0.44 0.43 0.44 0.45 0.43 0.42 0.45 0.52 0.52 0.5 0.49 0.49 0.48 0.48 0.49 0.47 0.51 0.6 0.78 0.75 0.86 0.87 0.8 0.76 0.75 0.76 0.75 0.8 0.82 0.95 1.22 1.29 1.43 1.35 1.47 1.46 1.5 1.62 1.65 1.73 1.79 1.87 1.91 1.88 1.81 1.64 1.45 1.25 1.2 1.09 1.1 1.15 1.15 1.17 1.2 1.21 1.16 1.11 1.31 1.65 1.64 1.59 1.55 1.52 1.43 1.31 1.2 1.04 
0.38 0.41 0.42 0.47 0.51 0.57 0.64 0.82 0.95 1.24 1.56 1.86 2.02 2.17 2.18 2.28 2.25 2.24 2.26 2.22 2.19 2.13 2.02 1.84 1.61 1.26 0.94 0.7 0.53 0.42 0.33 0.32 0.38 0.37 0.39 0.44 0.46 0.45 0.47 0.54 0.54 0.52 0.5 0.49 0.48 0.48 0.49 0.47 0.51 0.6 0.77 0.74 0.84 0.86 0.79 0.75 0.74 0.75 0.76 0.82 0.88 1.02 1.28 1.35 1.49 1.41 1.53 1.53 1.57 1.69 1.72 1.8 1.86 1.92 1.97 1.9 1.81 1.62 1.41 1.19 1.13 1.01 1.02 1.11 1.12 1.15 1.16 1.17 1.12 1.07 1.26 1.55 1.53 1.5 1.48 1.45 1.38 1.28 1.13 0.95 
0.37 0.4 0.41 0.46 0.5 0.56 0.63 0.8 0.92 1.19 1.51 1.83 1.99 2.15 2.15 2.28 2.24 2.23 2.24 2.19 2.16 2.1 2 1.82 1.6 1.28 0.95 0.7 0.53 0.41 0.3 0.31 0.36 0.36 0.38 0.44 0.45 0.44 0.46 0.53 0.53 0.52 0.5 0.49 0.48 0.48 0.48 0.46 0.5 0.59 0.76 0.74 0.84 0.86 0.79 0.75 0.74 0.75 0.79 0.85 0.92 1.06 1.32 1.4 1.54 1.46 1.58 1.58 1.62 1.75 1.78 1.86 1.92 1.96 2 1.92 1.83 1.63 1.42 1.18 1.12 1 1.03 1.22 1.24 1.28 1.28 1.26 1.2 1.15 1.34 1.62 1.61 1.58 1.57 1.53 1.46 1.39 1.15 0.92 
0.37 0.42 0.48 0.54 0.6 0.66 0.73 0.9 1.02 1.29 1.62 1.94 2.1 2.24 2.24 2.37 2.33 2.3 2.35 2.29 2.26 2.19 2.08 1.92 1.7 1.38 1.04 0.79 0.63 0.52 0.4 0.42 0.47 0.43 0.38 0.44 0.45 0.45 0.47 0.53 0.53 0.52 0.5 0.49 0.48 0.48 0.48 0.46 0.49 0.58 0.75 0.73 0.83 0.85 0.78 0.74 0.73 0.75 0.79 0.86 0.94 1.08 1.35 1.43 1.57 1.49 1.63 1.63 1.67 1.8 1.83 1.91 1.97 2 2.04 1.94 1.85 1.63 1.41 1.19 1.13 1 1.08 1.31 1.36 1.42 1.42 1.39 1.32 1.27 1.43 1.71 1.7 1.68 1.68 1.65 1.56 1.48 1.15 0.92 
0.37 0.42 0.49 0.57 0.65 0.68 0.74 0.9 1.01 1.28 1.61 1.93 2.07 2.21 2.21 2.34 2.3 2.26 2.33 2.23 2.24 2.18 2.1 1.95 1.73 1.42 1.08 0.85 0.71 0.6 0.48 0.5 0.55 0.5 0.44 0.48 0.49 0.48 0.5 0.56 0.56 0.54 0.5 0.49 0.49 0.48 0.48 0.46 0.49 0.58 0.75 0.73 0.83 0.85 0.78 0.74 0.73 0.76 0.81 0.88 0.98 1.12 1.38 1.47 1.6 1.52 1.69 1.69 1.73 1.86 1.89 1.97 2.02 2.03 2.05 1.93 1.83 1.6 1.37 1.18 1.15 1.05 1.22 1.46 1.55 1.61 1.61 1.57 1.51 1.48 1.58 1.82 1.81 1.81 1.8 1.74 1.6 1.44 1.08 0.81 
0.33 0.38 0.45 0.54 0.62 0.64 0.7 0.85 0.98 1.25 1.58 1.91 2.05 2.19 2.18 2.27 2.23 2.19 2.25 2.14 2.15 2.1 2.03 1.88 1.66 1.36 1.02 0.79 0.65 0.53 0.47 0.49 0.54 0.49 0.45 0.49 0.5 0.48 0.5 0.57 0.57 0.55 0.51 0.5 0.5 0.5 0.52 0.5 0.53 0.62 0.79 0.77 0.86 0.88 0.81 0.77 0.76 0.79 0.84 0.91 1.02 1.13 1.38 1.46 1.56 1.43 1.52 1.5 1.55 1.68 1.7 1.76 1.81 1.81 1.82 1.69 1.59 1.37 1.17 1 1.01 1 1.25 1.52 1.61 1.67 1.7 1.65 1.61 1.61 1.65 1.84 1.84 1.82 1.8 1.74 1.58 1.38 0.99 0.72 
0.25 0.3 0.37 0.46 0.54 0.56 0.63 0.79 0.92 1.19 1.55 1.87 2.01 2.16 2.2 2.29 2.27 2.23 2.3 2.19 2.21 2.19 2.12 1.96 1.74 1.44 1.11 0.88 0.74 0.62 0.55 0.56 0.59 0.53 0.5 0.54 0.51 0.48 0.5 0.57 0.57 0.55 0.51 0.5 0.5 0.5 0.52 0.51 0.54 0.63 0.79 0.77 0.86 0.88 0.81 0.78 0.78 0.81 0.86 0.96 1.08 1.19 1.44 1.52 1.61 1.45 1.47 1.4 1.43 1.55 1.56 1.6 1.65 1.64 1.64 1.5 1.42 1.21 1.01 0.84 0.86 0.95 1.27 1.56 1.7 1.76 1.79 1.77 1.73 1.73 1.73 1.81 1.78 1.76 1.74 1.68 1.52 1.29 0.89 0.61 
0.15 0.18 0.25 0.32 0.39 0.41 0.48 0.64 0.77 1.05 1.44 1.76 1.9 2.06 2.09 2.2 2.2 2.17 2.24 2.16 2.18 2.17 2.1 1.94 1.7 1.39 1.05 0.84 0.7 0.6 0.53 0.54 0.57 0.5 0.47 0.5 0.46 0.43 0.45 0.53 0.55 0.55 0.52 0.51 0.51 0.51 0.53 0.52 0.55 0.64 0.81 0.79 0.88 0.9 0.82 0.83 0.85 0.9 0.94 1.07 1.19 1.3 1.55 1.63 1.68 1.51 1.52 1.45 1.48 1.6 1.62 1.61 1.63 1.65 1.65 1.48 1.4 1.19 0.99 0.85 0.89 0.99 1.31 1.6 1.74 1.81 1.82 1.8 1.73 1.72 1.72 1.81 1.77 1.75 1.73 1.67 1.51 1.28 0.88 0.6 
0.12 0.14 0.21 0.26 0.31 0.31 0.38 0.53 0.65 0.88 1.25 1.55 1.69 1.86 1.91 2.02 2.06 2.06 2.14 2.08 2.13 2.15 2.08 1.93 1.73 1.43 1.1 0.9 0.78 0.68 0.61 0.61 0.6 0.53 0.51 0.54 0.47 0.45 0.47 0.55 0.57 0.57 0.54 0.53 0.53 0.53 0.55 0.54 0.57 0.65 0.82 0.8 0.88 0.9 0.83 0.88 1 1.06 1.13 1.28 1.4 1.51 1.77 1.85 1.9 1.72 1.73 1.67 1.69 1.82 1.85 1.75 1.7 1.65 1.62 1.44 1.36 1.17 0.96 0.82 0.86 0.97 1.29 1.57 1.72 1.75 1.75 1.76 1.73 1.74 1.72 1.79 1.74 1.72 1.7 1.64 1.48 1.25 0.85 0.57 
0.13 0.15 0.21 0.25 0.3 0.3 0.34 0.43 0.5 0.7 1.05 1.34 1.46 1.6 1.66 1.77 1.81 1.82 1.91 1.85 1.9 1.99 1.98 1.9 1.74 1.45 1.11 0.94 0.82 0.74 0.67 0.67 0.66 0.59 0.57 0.6 0.52 0.42 0.44 0.52 0.54 0.54 0.53 0.53 0.53 0.53 0.55 0.54 0.57 0.65 0.81 0.79 0.87 0.89 0.82 0.87 1.02 1.11 1.27 1.48 1.6 1.72 1.98 2.06 2.09 1.89 1.89 1.84 1.92 2.03 2.06 1.92 1.83 1.66 1.53 1.36 1.3 1.1 0.89 0.77 0.82 0.96 1.28 1.54 1.67 1.69 1.7 1.73 1.7 1.7 1.69 1.73 1.68 1.66 1.64 1.58 1.42 1.19 0.79 0.51 
0.19 0.21 0.27 0.31 0.35 0.35 0.36 0.41 0.45 0.54 0.81 1 1.1 1.2 1.26 1.37 1.43 1.48 1.57 1.51 1.57 1.68 1.71 1.66 1.56 1.37 1.05 0.94 0.86 0.79 0.71 0.68 0.6 0.52 0.49 0.51 0.43 0.33 0.34 0.39 0.41 0.41 0.41 0.41 0.41 0.42 0.45 0.47 0.51 0.58 0.74 0.74 0.81 0.83 0.79 0.85 1 1.09 1.26 1.46 1.6 1.73 1.99 2.07 2.1 1.92 1.92 1.87 1.97 2.09 2.12 1.97 1.88 1.7 1.58 1.46 1.41 1.19 0.98 0.87 0.92 1.06 1.39 1.64 1.75 1.76 1.78 1.8 1.78 1.78 1.73 1.75 1.68 1.66 1.64 1.57 1.41 1.18 0.78 0.5 
0.22 0.25 0.31 0.35 0.39 0.39 0.4 0.43 0.45 0.45 0.68 0.84 0.92 1.01 1.07 1.15 1.21 1.27 1.37 1.31 1.36 1.47 1.51 1.48 1.43 1.3 1.03 0.94 0.88 0.81 0.73 0.69 0.57 0.48 0.45 0.46 0.39 0.29 0.3 0.34 0.36 0.36 0.36 0.36 0.36 0.37 0.39 0.44 0.46 0.5 0.62 0.62 0.67 0.69 0.69 0.75 0.89 0.97 1.13 1.34 1.48 1.6 1.86 1.95 1.98 1.85 1.85 1.81 1.9 1.99 2.02 1.87 1.79 1.62 1.52 1.4 1.36 1.17 0.95 0.85 0.92 1.06 1.4 1.68 1.79 1.77 1.79 1.81 1.78 1.77 1.72 1.73 1.66 1.64 1.62 1.55 1.39 1.16 0.76 0.48 
0.32 0.37 0.44 0.48 0.52 0.54 0.56 0.58 0.6 0.58 0.66 0.76 0.8 0.87 0.93 0.97 0.97 1.03 1.14 1.09 1.14 1.22 1.27 1.26 1.19 1.17 1.01 0.94 0.91 0.84 0.76 0.72 0.58 0.49 0.43 0.42 0.34 0.24 0.24 0.24 0.26 0.26 0.24 0.23 0.22 0.23 0.25 0.25 0.25 0.28 0.28 0.28 0.32 0.33 0.36 0.44 0.58 0.67 0.85 1.05 1.2 1.32 1.48 1.64 1.66 1.64 1.68 1.67 1.78 1.85 1.89 1.75 1.68 1.51 1.41 1.3 1.25 1.12 0.94 0.86 0.93 1.07 1.41 1.68 1.79 1.76 1.76 1.77 1.72 1.72 1.67 1.68 1.62 1.6 1.58 1.51 1.35 1.12 0.72 0.44 
0.38 0.46 0.54 0.6 0.64 0.66 0.69 0.74 0.8 0.78 0.81 0.83 0.84 0.88 0.92 0.94 0.89 0.95 1.09 1.06 1.11 1.19 1.2 1.16 1.08 1.09 1 0.99 0.98 0.91 0.83 0.79 0.65 0.51 0.42 0.4 0.31 0.21 0.21 0.21 0.22 0.2 0.18 0.18 0.17 0.16 0.16 0.16 0.15 0.16 0.16 0.17 0.18 0.19 0.22 0.3 0.48 0.57 0.75 0.94 1.11 1.22 1.35 1.42 1.45 1.45 1.51 1.53 1.65 1.71 1.78 1.64 1.56 1.39 1.29 1.19 1.15 1.03 0.94 0.91 0.97 1.1 1.43 1.7 1.8 1.77 1.73 1.74 1.69 1.69 1.64 1.65 1.59 1.57 1.55 1.48 1.32 1.09 0.69 0.41 
0.38 0.46 0.56 0.62 0.67 0.69 0.72 0.79 0.93 0.92 0.91 0.89 0.88 0.92 0.96 0.97 0.92 0.97 1.17 1.15 1.2 1.28 1.3 1.21 1.08 1.1 1.07 1.09 1.09 1.02 0.94 0.9 0.75 0.55 0.44 0.42 0.33 0.23 0.19 0.19 0.19 0.17 0.15 0.15 0.14 0.13 0.14 0.14 0.13 0.12 0.1 0.11 0.16 0.19 0.23 0.32 0.5 0.59 0.77 0.96 1.1 1.19 1.25 1.31 1.35 1.38 1.48 1.51 1.57 1.61 1.67 1.53 1.45 1.28 1.18 1.1 1.08 1.02 0.97 0.94 0.98 1.07 1.4 1.66 1.75 1.74 1.7 1.71 1.66 1.66 1.6 1.61 1.55 1.53 1.51 1.44 1.29 1.07 0.68 0.41 
0.38 0.46 0.56 0.62 0.67 0.69 0.72 0.8 0.94 0.94 0.91 0.9 0.91 0.94 0.97 0.99 0.94 0.99 1.22 1.21 1.26 1.35 1.4 1.3 1.17 1.18 1.16 1.16 1.15 1.08 0.98 0.94 0.79 0.56 0.44 0.41 0.32 0.19 0.14 0.14 0.14 0.12 0.11 0.11 0.12 0.13 0.14 0.14 0.13 0.13 0.11 0.12 0.2 0.24 0.29 0.43 0.62 0.69 0.86 1.05 1.16 1.18 1.23 1.28 1.32 1.35 1.45 1.47 1.5 1.52 1.56 1.38 1.29 1.14 1.04 0.98 1 0.98 0.95 0.93 0.96 1.05 1.36 1.55 1.61 1.61 1.56 1.57 1.52 1.52 1.46 1.47 1.41 1.39 1.37 1.3 1.15 0.92 0.56 0.39 
0.37 0.45 0.55 0.61 0.66 0.68 0.71 0.79 0.93 0.93 0.9 0.89 0.91 0.93 0.97 0.96 0.91 0.96 1.2 1.19 1.24 1.33 1.39 1.29 1.16 1.17 1.14 1.13 1.11 1.04 0.96 0.93 0.79 0.55 0.43 0.4 0.31 0.17 0.12 0.12 0.12 0.1 0.1 0.11 0.12 0.13 0.14 0.14 0.13 0.13 0.11 0.12 0.2 0.24 0.31 0.46 0.66 0.73 0.89 1.06 1.14 1.15 1.2 1.25 1.3 1.33 1.43 1.45 1.48 1.49 1.51 1.33 1.23 1.09 0.99 0.97 1.02 1 0.97 0.95 0.96 1.03 1.31 1.47 1.52 1.48 1.43 1.44 1.39 1.39 1.32 1.33 1.27 1.25 1.23 1.17 1.03 0.83 0.5 0.34 
0.34 0.43 0.53 0.59 0.64 0.66 0.69 0.77 0.91 0.92 0.9 0.89 0.91 0.92 0.96 0.91 0.87 0.94 1.19 1.2 1.26 1.35 1.41 1.31 1.18 1.19 1.15 1.15 1.13 1.08 1.04 1 0.84 0.59 0.43 0.39 0.3 0.16 0.11 0.11 0.11 0.09 0.09 0.1 0.11 0.12 0.13 0.13 0.12 0.12 0.11 0.12 0.2 0.24 0.32 0.47 0.67 0.74 0.87 1.02 1.08 1.08 1.12 1.16 1.21 1.24 1.34 1.36 1.4 1.39 1.41 1.23 1.14 1.02 0.93 0.95 1 1 0.97 0.96 0.96 1 1.24 1.27 1.27 1.21 1.15 1.14 1.09 1.09 1.02 1.03 0.97 0.95 0.93 0.88 0.77 0.59 0.37 0.28 
0.34 0.42 0.51 0.57 0.62 0.64 0.67 0.75 0.89 0.9 0.88 0.87 0.89 0.9 0.94 0.88 0.84 1.02 1.35 1.38 1.47 1.57 1.63 1.53 1.4 1.41 1.37 1.37 1.35 1.3 1.27 1.22 1.03 0.67 0.47 0.41 0.29 0.15 0.09 0.1 0.1 0.08 0.08 0.09 0.1 0.11 0.13 0.13 0.12 0.12 0.11 0.13 0.24 0.32 0.41 0.56 0.76 0.82 0.94 1.09 1.15 1.15 1.19 1.23 1.28 1.3 1.4 1.4 1.4 1.38 1.4 1.22 1.13 1.03 0.94 0.96 1.01 1.01 0.98 0.97 0.96 0.98 1.15 1.09 1.03 0.96 0.9 0.89 0.84 0.84 0.77 0.78 0.72 0.7 0.68 0.63 0.55 0.38 0.28 0.23 
0.34 0.41 0.46 0.5 0.52 0.54 0.57 0.65 0.79 0.8 0.77 0.76 0.78 0.79 0.82 0.78 0.76 0.96 1.25 1.33 1.45 1.58 1.67 1.57 1.44 1.44 1.41 1.39 1.37 1.33 1.29 1.22 1.02 0.68 0.54 0.49 0.33 0.15 0.07 0.08 0.08 0.07 0.09 0.1 0.11 0.12 0.14 0.14 0.12 0.12 0.11 0.14 0.26 0.34 0.44 0.6 0.8 0.86 0.97 1.1 1.14 1.15 1.18 1.23 1.28 1.29 1.33 1.33 1.33 1.31 1.31 1.13 1.04 0.95 0.87 0.91 0.97 0.97 0.93 0.9 0.87 0.91 0.96 0.88 0.8 0.72 0.65 0.64 0.59 0.59 0.52 0.53 0.47 0.45 0.43 0.41 0.37 0.27 0.23 0.21 
0.35 0.43 0.48 0.5 0.51 0.53 0.56 0.64 0.78 0.79 0.76 0.75 0.77 0.77 0.8 0.77 0.75 0.96 1.25 1.36 1.54 1.7 1.8 1.75 1.62 1.62 1.59 1.57 1.55 1.52 1.47 1.4 1.2 0.84 0.69 0.65 0.41 0.21 0.08 0.08 0.07 0.07 0.09 0.1 0.1 0.12 0.13 0.14 0.12 0.12 0.11 0.15 0.27 0.35 0.45 0.61 0.81 0.86 0.97 1.12 1.15 1.16 1.19 1.23 1.28 1.3 1.32 1.32 1.32 1.3 1.3 1.12 1.02 0.94 0.86 0.89 0.95 0.93 0.89 0.85 0.81 0.81 0.85 0.77 0.67 0.58 0.51 0.51 0.46 0.43 0.37 0.39 0.33 0.32 0.31 0.3 0.28 0.21 0.18 0.17 
0.35 0.43 0.48 0.5 0.51 0.53 0.56 0.63 0.77 0.79 0.77 0.76 0.78 0.78 0.8 0.76 0.71 0.92 1.21 1.32 1.5 1.66 1.85 1.91 1.8 1.81 1.78 1.76 1.74 1.72 1.67 1.62 1.43 1.07 0.91 0.87 0.65 0.4 0.13 0.1 0.07 0.08 0.1 0.11 0.11 0.12 0.11 0.12 0.1 0.11 0.11 0.15 0.27 0.35 0.45 0.61 0.78 0.83 0.95 1.08 1.12 1.15 1.2 1.24 1.28 1.3 1.32 1.32 1.32 1.3 1.3 1.17 1.07 0.98 0.9 0.94 0.98 0.94 0.89 0.85 0.8 0.79 0.81 0.72 0.61 0.52 0.45 0.4 0.36 0.33 0.27 0.29 0.24 0.24 0.24 0.23 0.22 0.17 0.16 0.15 
0.34 0.42 0.47 0.49 0.5 0.52 0.54 0.61 0.77 0.79 0.77 0.76 0.78 0.77 0.81 0.77 0.72 0.93 1.21 1.32 1.51 1.69 1.98 2.17 2.13 2.19 2.16 2.14 2.12 2.09 2.03 1.98 1.79 1.44 1.28 1.24 1 0.69 0.35 0.21 0.16 0.13 0.14 0.15 0.15 0.16 0.15 0.16 0.14 0.15 0.18 0.22 0.35 0.42 0.48 0.62 0.79 0.84 0.97 1.08 1.11 1.15 1.2 1.24 1.28 1.29 1.3 1.29 1.29 1.27 1.26 1.16 1.05 0.94 0.86 0.91 0.93 0.88 0.83 0.79 0.74 0.7 0.7 0.6 0.48 0.39 0.34 0.26 0.24 0.22 0.17 0.18 0.14 0.14 0.14 0.13 0.13 0.11 0.11 0.11 
0.32 0.41 0.46 0.48 0.49 0.51 0.53 0.6 0.76 0.8 0.78 0.77 0.79 0.8 0.84 0.8 0.73 0.93 1.21 1.32 1.49 1.67 2.04 2.39 2.4 2.48 2.48 2.46 2.43 2.4 2.34 2.29 2.11 1.77 1.62 1.58 1.36 1.02 0.59 0.31 0.23 0.16 0.17 0.18 0.18 0.18 0.17 0.18 0.16 0.18 0.21 0.25 0.38 0.44 0.51 0.59 0.67 0.69 0.8 0.88 0.92 0.96 1.01 1.05 1.07 1.07 1.08 1.07 1.07 1.03 1.03 1.02 0.97 0.89 0.82 0.88 0.9 0.85 0.8 0.79 0.73 0.68 0.68 0.59 0.47 0.39 0.35 0.27 0.25 0.23 0.18 0.14 0.09 0.09 0.09 0.08 0.08 0.06 0.05 0.05 
0.3 0.39 0.44 0.46 0.47 0.49 0.51 0.58 0.74 0.78 0.77 0.77 0.8 0.81 0.85 0.82 0.74 0.91 1.2 1.31 1.48 1.62 1.99 2.39 2.42 2.55 2.56 2.54 2.5 2.47 2.42 2.37 2.22 1.87 1.71 1.67 1.46 1.14 0.67 0.37 0.26 0.15 0.16 0.17 0.17 0.16 0.15 0.16 0.15 0.18 0.23 0.27 0.41 0.47 0.53 0.6 0.63 0.65 0.67 0.7 0.75 0.79 0.83 0.86 0.88 0.86 0.87 0.84 0.81 0.76 0.74 0.77 0.74 0.74 0.72 0.79 0.79 0.72 0.68 0.67 0.61 0.56 0.56 0.49 0.4 0.36 0.33 0.25 0.22 0.2 0.15 0.11 0.08 0.08 0.08 0.07 0.07 0.05 0.04 0.04 
0.26 0.35 0.4 0.42 0.43 0.45 0.47 0.54 0.69 0.75 0.76 0.77 0.8 0.8 0.84 0.81 0.71 0.86 1.16 1.27 1.44 1.56 1.93 2.39 2.43 2.59 2.61 2.59 2.55 2.52 2.47 2.43 2.31 1.94 1.78 1.74 1.53 1.25 0.74 0.41 0.27 0.15 0.15 0.16 0.16 0.16 0.15 0.16 0.16 0.21 0.26 0.29 0.43 0.49 0.55 0.62 0.63 0.62 0.62 0.63 0.69 0.77 0.82 0.85 0.85 0.83 0.84 0.81 0.71 0.64 0.62 0.66 0.66 0.68 0.69 0.72 0.65 0.56 0.52 0.5 0.44 0.39 0.39 0.36 0.33 0.29 0.26 0.19 0.15 0.13 0.1 0.07 0.06 0.06 0.06 0.06 0.06 0.04 0.03 0.03 
0.22 0.31 0.36 0.38 0.39 0.41 0.43 0.5 0.65 0.72 0.74 0.77 0.8 0.8 0.84 0.82 0.72 0.84 1.13 1.24 1.41 1.53 1.9 2.36 2.4 2.58 2.62 2.65 2.61 2.58 2.53 2.48 2.39 2.04 1.88 1.84 1.63 1.35 0.84 0.51 0.36 0.2 0.17 0.15 0.15 0.16 0.15 0.16 0.16 0.21 0.26 0.29 0.43 0.49 0.54 0.61 0.62 0.61 0.62 0.64 0.69 0.78 0.84 0.88 0.88 0.86 0.87 0.84 0.72 0.64 0.62 0.66 0.66 0.68 0.68 0.68 0.6 0.49 0.46 0.43 0.37 0.32 0.32 0.3 0.28 0.26 0.23 0.16 0.12 0.1 0.08 0.06 0.05 0.05 0.05 0.05 0.05 0.03 0.02 0.02 
0.15 0.21 0.26 0.28 0.3 0.3 0.32 0.39 0.53 0.59 0.62 0.66 0.7 0.68 0.72 0.75 0.7 0.81 1.1 1.19 1.36 1.51 1.88 2.34 2.4 2.62 2.66 2.72 2.73 2.7 2.67 2.63 2.55 2.2 2.05 2.01 1.79 1.51 1 0.67 0.49 0.31 0.25 0.2 0.19 0.18 0.16 0.17 0.18 0.25 0.31 0.35 0.49 0.54 0.57 0.64 0.65 0.64 0.65 0.68 0.76 0.85 0.92 0.95 0.93 0.9 0.9 0.86 0.74 0.69 0.66 0.7 0.7 0.71 0.69 0.68 0.56 0.44 0.43 0.4 0.34 0.29 0.29 0.27 0.25 0.24 0.21 0.14 0.11 0.1 0.08 0.07 0.06 0.06 0.05 0.05 0.05 0.03 0.02 0.02 
0.09 0.12 0.16 0.18 0.2 0.2 0.21 0.26 0.37 0.42 0.46 0.52 0.57 0.58 0.65 0.69 0.71 0.83 1.1 1.18 1.35 1.51 1.9 2.38 2.46 2.7 2.73 2.8 2.78 2.81 2.81 2.85 2.78 2.47 2.36 2.34 2.12 1.85 1.35 1.05 0.87 0.69 0.61 0.56 0.5 0.45 0.35 0.32 0.33 0.4 0.46 0.5 0.67 0.72 0.74 0.78 0.78 0.74 0.75 0.79 0.87 0.96 1.04 1.07 1.01 0.96 0.94 0.85 0.7 0.65 0.62 0.65 0.67 0.68 0.65 0.64 0.52 0.4 0.38 0.35 0.31 0.27 0.28 0.27 0.25 0.24 0.22 0.14 0.11 0.1 0.08 0.07 0.06 0.06 0.05 0.05 0.05 0.03 0.02 0.02 
0.06 0.09 0.1 0.1 0.11 0.11 0.11 0.13 0.15 0.19 0.23 0.29 0.34 0.35 0.43 0.49 0.51 0.64 0.85 0.92 1.09 1.26 1.66 2.2 2.33 2.58 2.62 2.7 2.69 2.75 2.77 2.85 2.8 2.59 2.53 2.51 2.29 2.04 1.57 1.28 1.15 0.98 0.9 0.85 0.79 0.71 0.58 0.52 0.52 0.6 0.68 0.73 0.89 0.91 0.91 0.94 0.89 0.82 0.84 0.89 0.98 1.09 1.17 1.21 1.14 1.05 0.96 0.86 0.72 0.69 0.63 0.66 0.68 0.69 0.62 0.61 0.46 0.34 0.32 0.28 0.25 0.24 0.25 0.24 0.22 0.22 0.22 0.14 0.11 0.1 0.08 0.07 0.06 0.06 0.05 0.05 0.05 0.03 0.02 0.02 
0.08 0.11 0.12 0.12 0.13 0.13 0.13 0.13 0.13 0.14 0.17 0.22 0.27 0.27 0.34 0.4 0.42 0.55 0.72 0.78 0.95 1.11 1.5 2.06 2.23 2.5 2.57 2.66 2.65 2.71 2.78 2.86 2.82 2.65 2.6 2.58 2.36 2.13 1.7 1.41 1.28 1.14 1.04 0.99 0.93 0.84 0.68 0.65 0.64 0.72 0.81 0.88 0.99 1 0.98 0.98 0.88 0.83 0.86 0.91 1 1.11 1.18 1.19 1.12 1.03 0.92 0.81 0.73 0.7 0.65 0.71 0.73 0.72 0.65 0.62 0.47 0.35 0.33 0.3 0.27 0.26 0.26 0.24 0.22 0.22 0.22 0.12 0.09 0.09 0.08 0.07 0.06 0.06 0.05 0.05 0.05 0.04 0.03 0.03 
0.09 0.12 0.13 0.13 0.14 0.15 0.16 0.16 0.18 0.18 0.21 0.26 0.29 0.29 0.35 0.4 0.42 0.57 0.73 0.78 0.95 1.09 1.45 2 2.16 2.44 2.53 2.64 2.63 2.69 2.77 2.85 2.8 2.63 2.58 2.59 2.37 2.18 1.77 1.48 1.35 1.21 1.1 1.06 1 0.91 0.75 0.72 0.71 0.78 0.87 0.92 1.02 0.99 0.96 0.93 0.8 0.75 0.77 0.82 0.91 1.02 1.09 1.09 1.01 0.92 0.81 0.71 0.64 0.6 0.57 0.66 0.71 0.7 0.63 0.6 0.45 0.33 0.31 0.29 0.28 0.27 0.27 0.25 0.23 0.24 0.23 0.13 0.09 0.09 0.08 0.07 0.06 0.06 0.05 0.05 0.05 0.04 0.03 0.03 
0.09 0.12 0.13 0.13 0.14 0.15 0.16 0.17 0.19 0.19 0.22 0.27 0.29 0.29 0.32 0.37 0.39 0.53 0.7 0.74 0.91 1.05 1.41 1.95 2.11 2.42 2.52 2.63 2.63 2.71 2.8 2.88 2.84 2.67 2.62 2.63 2.42 2.24 1.83 1.54 1.39 1.24 1.12 1.09 1.03 0.94 0.79 0.76 0.76 0.84 0.96 1.01 1.1 1.06 1 0.97 0.84 0.8 0.82 0.87 0.96 1.07 1.12 1.12 1.03 0.93 0.8 0.7 0.63 0.61 0.59 0.69 0.76 0.74 0.66 0.62 0.47 0.35 0.34 0.32 0.31 0.29 0.29 0.27 0.25 0.26 0.24 0.12 0.08 0.08 0.08 0.08 0.07 0.07 0.06 0.06 0.06 0.05 0.04 0.04 
0.09 0.11 0.11 0.11 0.13 0.14 0.15 0.19 0.24 0.24 0.27 0.31 0.33 0.33 0.36 0.41 0.43 0.52 0.64 0.65 0.81 0.95 1.3 1.78 1.94 2.3 2.42 2.54 2.54 2.62 2.71 2.79 2.77 2.68 2.66 2.69 2.48 2.3 1.9 1.61 1.43 1.27 1.14 1.11 1.05 0.96 0.81 0.79 0.79 0.9 1.1 1.2 1.28 1.23 1.17 1.14 1 0.96 0.99 1.05 1.14 1.25 1.29 1.29 1.2 1.05 0.84 0.71 0.63 0.61 0.59 0.69 0.76 0.74 0.64 0.6 0.45 0.33 0.32 0.3 0.29 0.27 0.27 0.26 0.26 0.26 0.24 0.11 0.07 0.07 0.07 0.07 0.06 0.06 0.05 0.05 0.05 0.04 0.03 0.03 
0.1 0.12 0.12 0.12 0.14 0.15 0.16 0.21 0.26 0.26 0.28 0.32 0.34 0.34 0.37 0.42 0.43 0.46 0.51 0.49 0.61 0.73 1.06 1.55 1.72 2.12 2.3 2.44 2.45 2.53 2.62 2.7 2.71 2.69 2.73 2.77 2.6 2.44 2.05 1.74 1.54 1.31 1.14 1.1 1.04 0.95 0.81 0.79 0.82 1 1.25 1.37 1.48 1.4 1.32 1.29 1.17 1.19 1.22 1.28 1.37 1.47 1.51 1.5 1.36 1.17 0.9 0.76 0.68 0.67 0.66 0.76 0.81 0.76 0.66 0.62 0.47 0.35 0.34 0.32 0.31 0.29 0.3 0.3 0.3 0.31 0.29 0.14 0.1 0.1 0.1 0.1 0.09 0.09 0.08 0.08 0.08 0.07 0.05 0.05 
0.11 0.13 0.13 0.13 0.15 0.16 0.17 0.22 0.27 0.27 0.29 0.33 0.35 0.34 0.37 0.4 0.39 0.4 0.45 0.44 0.49 0.59 0.89 1.36 1.55 1.97 2.19 2.44 2.48 2.57 2.67 2.76 2.78 2.78 2.81 2.85 2.75 2.62 2.27 1.96 1.73 1.48 1.22 1.12 1.03 0.94 0.81 0.78 0.83 1.02 1.29 1.42 1.53 1.45 1.37 1.33 1.21 1.24 1.28 1.35 1.44 1.53 1.57 1.54 1.38 1.19 0.89 0.75 0.67 0.66 0.66 0.76 0.8 0.74 0.63 0.59 0.44 0.34 0.34 0.32 0.31 0.28 0.29 0.29 0.29 0.3 0.28 0.13 0.09 0.09 0.09 0.09 0.08 0.08 0.07 0.07 0.07 0.07 0.05 0.05 
0.09 0.1 0.1 0.1 0.12 0.13 0.15 0.2 0.25 0.25 0.27 0.31 0.33 0.32 0.35 0.37 0.37 0.39 0.44 0.43 0.45 0.5 0.77 1.19 1.39 1.86 2.19 2.49 2.57 2.67 2.78 2.88 2.9 2.9 2.93 2.97 2.91 2.82 2.53 2.23 1.99 1.7 1.3 1.16 1.05 0.95 0.82 0.79 0.84 1.03 1.32 1.45 1.56 1.48 1.4 1.36 1.26 1.29 1.34 1.4 1.49 1.58 1.62 1.59 1.43 1.22 0.93 0.78 0.7 0.69 0.69 0.72 0.75 0.68 0.57 0.53 0.38 0.29 0.29 0.27 0.26 0.23 0.24 0.24 0.25 0.26 0.24 0.13 0.09 0.1 0.1 0.1 0.09 0.09 0.08 0.08 0.08 0.08 0.06 0.06 
0.09 0.1 0.1 0.1 0.12 0.14 0.18 0.23 0.28 0.28 0.29 0.33 0.35 0.34 0.34 0.36 0.36 0.39 0.45 0.44 0.44 0.46 0.59 0.89 1.07 1.5 1.87 2.19 2.29 2.4 2.53 2.63 2.65 2.63 2.66 2.7 2.66 2.64 2.52 2.24 2.02 1.74 1.31 1.15 1.03 0.93 0.8 0.77 0.82 1 1.28 1.41 1.54 1.46 1.39 1.37 1.34 1.38 1.42 1.48 1.56 1.65 1.68 1.65 1.5 1.29 1 0.84 0.75 0.74 0.74 0.72 0.69 0.61 0.51 0.47 0.34 0.26 0.26 0.24 0.23 0.21 0.22 0.22 0.23 0.24 0.22 0.13 0.1 0.11 0.11 0.11 0.09 0.09 0.08 0.08 0.08 0.08 0.06 0.06 
0.09 0.09 0.09 0.09 0.11 0.14 0.18 0.23 0.28 0.28 0.29 0.33 0.34 0.33 0.33 0.35 0.36 0.39 0.45 0.44 0.44 0.43 0.47 0.6 0.71 1.13 1.5 1.82 1.94 2.07 2.2 2.3 2.32 2.3 2.32 2.36 2.35 2.37 2.26 2.17 1.98 1.71 1.27 1.09 0.97 0.86 0.73 0.7 0.75 0.93 1.2 1.34 1.47 1.42 1.38 1.37 1.35 1.39 1.43 1.49 1.56 1.64 1.67 1.64 1.49 1.28 0.99 0.83 0.73 0.73 0.73 0.68 0.65 0.57 0.47 0.44 0.32 0.24 0.24 0.22 0.21 0.2 0.21 0.2 0.21 0.22 0.2 0.12 0.09 0.1 0.1 0.1 0.08 0.08 0.07 0.07 0.07 0.07 0.06 0.06 
0.11 0.11 0.11 0.11 0.15 0.18 0.22 0.27 0.32 0.32 0.33 0.37 0.39 0.35 0.37 0.41 0.42 0.45 0.5 0.48 0.47 0.45 0.45 0.51 0.57 0.96 1.3 1.62 1.74 1.84 1.95 2.04 2.06 2.05 2.07 2.11 2.11 2.15 2.12 2.08 1.9 1.69 1.25 1.07 0.95 0.86 0.73 0.7 0.74 0.91 1.17 1.31 1.46 1.44 1.4 1.4 1.39 1.43 1.47 1.53 1.6 1.68 1.71 1.69 1.53 1.34 1.05 0.89 0.78 0.76 0.77 0.7 0.66 0.58 0.48 0.45 0.33 0.25 0.25 0.23 0.23 0.22 0.23 0.21 0.21 0.21 0.19 0.11 0.09 0.1 0.1 0.1 0.08 0.08 0.07 0.07 0.07 0.07 0.06 0.06 
0.11 0.11 0.11 0.11 0.16 0.2 0.24 0.29 0.34 0.34 0.35 0.39 0.44 0.41 0.43 0.46 0.47 0.5 0.55 0.52 0.51 0.49 0.48 0.48 0.54 0.91 1.25 1.56 1.67 1.76 1.87 1.98 2 1.99 2.01 2.04 2.04 2.08 2.09 2.08 1.92 1.71 1.27 1.08 0.96 0.87 0.73 0.7 0.74 0.9 1.15 1.29 1.45 1.44 1.4 1.4 1.39 1.46 1.5 1.56 1.61 1.68 1.71 1.69 1.54 1.36 1.07 0.9 0.8 0.77 0.78 0.71 0.66 0.57 0.47 0.44 0.34 0.26 0.26 0.24 0.24 0.23 0.24 0.21 0.21 0.21 0.19 0.11 0.08 0.09 0.09 0.1 0.08 0.08 0.07 0.07 0.07 0.07 0.06 0.06 
0.13 0.13 0.13 0.15 0.2 0.24 0.28 0.33 0.38 0.37 0.38 0.42 0.45 0.43 0.45 0.48 0.48 0.53 0.57 0.53 0.52 0.5 0.48 0.46 0.51 0.84 1.15 1.46 1.57 1.67 1.78 1.9 1.91 1.9 1.91 1.94 1.94 1.98 2.01 2.01 1.88 1.71 1.28 1.09 0.96 0.86 0.72 0.69 0.74 0.89 1.14 1.29 1.45 1.44 1.4 1.41 1.43 1.51 1.56 1.61 1.65 1.66 1.66 1.63 1.49 1.31 1.02 0.85 0.75 0.72 0.72 0.62 0.56 0.47 0.37 0.35 0.3 0.28 0.28 0.26 0.26 0.24 0.25 0.22 0.22 0.22 0.21 0.12 0.09 0.09 0.09 0.1 0.08 0.08 0.07 0.07 0.07 0.07 0.06 0.06 
0.14 0.14 0.15 0.17 0.21 0.25 0.29 0.35 0.4 0.39 0.4 0.42 0.44 0.42 0.45 0.5 0.5 0.54 0.57 0.54 0.53 0.5 0.47 0.45 0.5 0.79 1.11 1.38 1.47 1.57 1.66 1.76 1.77 1.77 1.78 1.81 1.82 1.86 1.89 1.89 1.78 1.64 1.24 1.07 0.95 0.84 0.71 0.68 0.73 0.88 1.14 1.29 1.45 1.44 1.41 1.43 1.45 1.53 1.59 1.63 1.66 1.67 1.66 1.62 1.48 1.3 0.99 0.83 0.73 0.7 0.69 0.58 0.51 0.42 0.33 0.31 0.27 0.26 0.25 0.24 0.24 0.22 0.23 0.2 0.2 0.2 0.19 0.1 0.08 0.08 0.08 0.09 0.08 0.08 0.08 0.08 0.08 0.08 0.07 0.07 
0.13 0.16 0.18 0.2 0.24 0.29 0.34 0.4 0.45 0.44 0.45 0.46 0.52 0.52 0.53 0.58 0.57 0.58 0.61 0.58 0.56 0.52 0.49 0.47 0.52 0.78 1.1 1.32 1.37 1.44 1.52 1.61 1.62 1.62 1.61 1.64 1.65 1.68 1.7 1.68 1.59 1.47 1.08 0.93 0.83 0.76 0.63 0.61 0.64 0.76 1.02 1.19 1.35 1.35 1.37 1.42 1.46 1.55 1.62 1.67 1.68 1.69 1.66 1.62 1.52 1.36 1.06 0.88 0.78 0.74 0.69 0.58 0.47 0.38 0.28 0.28 0.26 0.26 0.26 0.25 0.25 0.23 0.24 0.21 0.21 0.21 0.2 0.13 0.1 0.1 0.09 0.1 0.09 0.09 0.09 0.09 0.09 0.09 0.08 0.08 
0.15 0.19 0.21 0.24 0.29 0.36 0.41 0.47 0.53 0.53 0.53 0.57 0.62 0.6 0.61 0.64 0.63 0.63 0.65 0.62 0.58 0.52 0.49 0.47 0.52 0.77 1.06 1.25 1.34 1.37 1.4 1.41 1.4 1.36 1.34 1.35 1.36 1.37 1.38 1.34 1.2 1.03 0.66 0.51 0.42 0.39 0.34 0.38 0.42 0.55 0.79 0.96 1.15 1.22 1.31 1.4 1.49 1.66 1.73 1.78 1.78 1.78 1.75 1.7 1.62 1.46 1.2 1.01 0.91 0.79 0.71 0.59 0.44 0.33 0.26 0.26 0.25 0.25 0.25 0.25 0.25 0.23 0.24 0.21 0.21 0.21 0.2 0.14 0.11 0.11 0.1 0.11 0.1 0.1 0.1 0.1 0.1 0.1 0.09 0.09 
0.23 0.28 0.3 0.33 0.38 0.45 0.5 0.57 0.65 0.66 0.64 0.68 0.72 0.69 0.68 0.7 0.68 0.68 0.7 0.67 0.63 0.57 0.53 0.5 0.53 0.77 1.04 1.23 1.31 1.33 1.32 1.34 1.32 1.27 1.24 1.25 1.26 1.26 1.26 1.22 1.06 0.89 0.52 0.37 0.28 0.26 0.24 0.25 0.31 0.43 0.65 0.84 1.08 1.29 1.46 1.56 1.69 1.96 2.06 2.1 2.1 2.09 2.06 2.03 1.95 1.83 1.58 1.35 1.19 0.93 0.81 0.68 0.49 0.3 0.24 0.24 0.25 0.25 0.25 0.25 0.24 0.21 0.22 0.2 0.2 0.2 0.19 0.14 0.11 0.1 0.1 0.11 0.1 0.1 0.1 0.1 0.1 0.1 0.09 0.09 
0.31 0.38 0.41 0.48 0.54 0.6 0.64 0.73 0.8 0.78 0.74 0.76 0.8 0.78 0.75 0.77 0.76 0.72 0.73 0.68 0.65 0.61 0.56 0.52 0.56 0.78 1.04 1.22 1.3 1.32 1.3 1.32 1.33 1.27 1.23 1.22 1.23 1.23 1.2 1.16 1.01 0.81 0.45 0.29 0.2 0.19 0.17 0.14 0.2 0.34 0.57 0.77 1.05 1.32 1.53 1.63 1.83 2.08 2.23 2.27 2.26 2.25 2.23 2.2 2.1 1.98 1.73 1.53 1.29 1.05 0.9 0.8 0.59 0.37 0.31 0.32 0.33 0.33 0.34 0.34 0.33 0.3 0.3 0.25 0.24 0.23 0.19 0.15 0.14 0.13 0.13 0.14 0.13 0.12 0.12 0.12 0.12 0.12 0.11 0.11 
0.49 0.59 0.62 0.75 0.81 0.88 0.92 1.01 1.06 1.02 0.87 0.87 0.91 0.89 0.85 0.86 0.82 0.77 0.73 0.66 0.62 0.58 0.53 0.5 0.54 0.76 1 1.18 1.26 1.28 1.26 1.3 1.32 1.28 1.26 1.24 1.24 1.23 1.2 1.16 1.01 0.82 0.47 0.3 0.21 0.2 0.18 0.14 0.16 0.3 0.53 0.81 1.18 1.56 1.79 1.9 2.1 2.34 2.5 2.55 2.54 2.53 2.51 2.48 2.39 2.25 2 1.68 1.32 1.07 0.9 0.83 0.58 0.37 0.31 0.31 0.32 0.32 0.33 0.33 0.32 0.3 0.3 0.25 0.24 0.22 0.16 0.14 0.14 0.13 0.13 0.14 0.13 0.12 0.12 0.12 0.12 0.12 0.11 0.11 
0.56 0.66 0.69 0.82 0.87 0.94 0.98 1.07 1.1 1.04 0.85 0.84 0.88 0.87 0.83 0.84 0.8 0.75 0.7 0.64 0.6 0.56 0.51 0.5 0.54 0.71 0.93 1.1 1.17 1.19 1.18 1.22 1.26 1.26 1.25 1.23 1.23 1.21 1.18 1.14 1.02 0.86 0.53 0.37 0.28 0.27 0.24 0.18 0.2 0.34 0.55 0.86 1.24 1.65 1.88 1.99 2.19 2.43 2.56 2.61 2.65 2.64 2.63 2.58 2.48 2.34 2.1 1.74 1.38 1.11 0.94 0.87 0.62 0.41 0.37 0.34 0.32 0.32 0.33 0.33 0.32 0.3 0.3 0.25 0.24 0.22 0.16 0.14 0.14 0.15 0.19 0.19 0.18 0.17 0.17 0.17 0.17 0.17 0.16 0.16 
0.57 0.67 0.7 0.83 0.88 0.95 0.99 1.04 1.06 1 0.81 0.82 0.87 0.86 0.82 0.83 0.78 0.73 0.68 0.62 0.58 0.54 0.51 0.51 0.55 0.66 0.84 1 1.06 1.08 1.07 1.11 1.15 1.16 1.15 1.13 1.13 1.11 1.08 1.06 0.97 0.83 0.53 0.4 0.32 0.31 0.28 0.22 0.25 0.36 0.49 0.72 1.06 1.49 1.72 1.83 2.05 2.25 2.36 2.4 2.47 2.51 2.49 2.43 2.33 2.22 2.09 1.78 1.45 1.16 0.99 0.91 0.66 0.46 0.43 0.38 0.31 0.29 0.3 0.3 0.29 0.27 0.26 0.21 0.2 0.18 0.12 0.12 0.12 0.13 0.18 0.18 0.17 0.16 0.16 0.16 0.16 0.16 0.16 0.16 
0.55 0.65 0.69 0.82 0.87 0.94 0.98 1.03 1.05 0.99 0.81 0.84 0.89 0.89 0.85 0.86 0.82 0.78 0.72 0.65 0.61 0.57 0.54 0.52 0.53 0.62 0.77 0.87 0.89 0.91 0.9 0.93 0.97 0.97 0.98 0.96 0.96 0.94 0.92 0.91 0.86 0.77 0.54 0.5 0.51 0.51 0.49 0.45 0.49 0.54 0.63 0.84 1.16 1.59 1.84 1.96 2.15 2.29 2.38 2.34 2.37 2.41 2.38 2.29 2.23 2.14 2.06 1.76 1.44 1.13 0.95 0.89 0.66 0.48 0.46 0.39 0.32 0.3 0.31 0.31 0.3 0.28 0.27 0.22 0.21 0.19 0.12 0.13 0.13 0.14 0.2 0.21 0.2 0.19 0.19 0.19 0.19 0.19 0.19 0.19 
0.55 0.65 0.69 0.82 0.87 0.94 0.97 1.02 1.04 0.99 0.81 0.84 0.89 0.89 0.85 0.86 0.82 0.78 0.72 0.65 0.61 0.58 0.54 0.52 0.51 0.56 0.57 0.54 0.54 0.55 0.54 0.57 0.61 0.61 0.63 0.61 0.61 0.6 0.59 0.59 0.54 0.49 0.47 0.51 0.56 0.56 0.54 0.5 0.54 0.59 0.67 0.88 1.19 1.62 1.89 2.02 2.2 2.34 2.42 2.34 2.37 2.41 2.39 2.3 2.24 2.14 2.06 1.77 1.45 1.15 0.95 0.91 0.7 0.53 0.52 0.45 0.38 0.35 0.36 0.36 0.35 0.33 0.32 0.28 0.25 0.24 0.18 0.17 0.17 0.17 0.23 0.24 0.23 0.22 0.22 0.22 0.22 0.22 0.21 0.21 
0.55 0.68 0.72 0.85 0.9 0.97 0.98 1.04 1.06 1.01 0.83 0.86 0.91 0.91 0.87 0.88 0.83 0.77 0.71 0.64 0.6 0.57 0.55 0.52 0.5 0.52 0.49 0.45 0.43 0.43 0.42 0.45 0.49 0.5 0.52 0.5 0.5 0.51 0.51 0.51 0.48 0.46 0.49 0.56 0.65 0.66 0.64 0.6 0.64 0.68 0.76 0.98 1.26 1.67 1.94 2.08 2.26 2.45 2.53 2.43 2.44 2.48 2.46 2.38 2.32 2.23 2.13 1.85 1.54 1.24 1.01 0.99 0.76 0.58 0.57 0.5 0.42 0.39 0.4 0.39 0.38 0.36 0.36 0.33 0.3 0.34 0.28 0.26 0.23 0.23 0.29 0.3 0.3 0.29 0.29 0.29 0.29 0.28 0.26 0.26 
0.55 0.69 0.73 0.86 0.91 0.96 0.97 1.03 1.05 1 0.82 0.85 0.9 0.9 0.86 0.87 0.81 0.74 0.68 0.61 0.59 0.58 0.56 0.53 0.5 0.5 0.46 0.41 0.35 0.34 0.33 0.36 0.4 0.42 0.44 0.42 0.43 0.53 0.57 0.6 0.6 0.6 0.65 0.75 0.85 0.87 0.85 0.82 0.86 0.9 0.97 1.18 1.43 1.75 1.97 2.09 2.24 2.4 2.5 2.4 2.41 2.45 2.43 2.34 2.29 2.2 2.1 1.82 1.51 1.21 0.98 0.97 0.8 0.62 0.59 0.52 0.44 0.41 0.42 0.4 0.39 0.37 0.37 0.35 0.32 0.37 0.33 0.31 0.27 0.27 0.33 0.34 0.34 0.33 0.33 0.33 0.33 0.32 0.3 0.29 
0.53 0.69 0.73 0.86 0.89 0.95 0.96 1.02 1.04 0.99 0.81 0.84 0.9 0.91 0.86 0.85 0.78 0.7 0.64 0.58 0.57 0.54 0.52 0.48 0.45 0.45 0.4 0.35 0.29 0.29 0.29 0.33 0.37 0.39 0.42 0.41 0.45 0.58 0.64 0.67 0.67 0.67 0.73 0.83 0.93 0.98 0.96 0.93 0.97 1 1.07 1.26 1.47 1.75 1.96 2.08 2.24 2.4 2.51 2.41 2.41 2.43 2.41 2.33 2.29 2.21 2.12 1.84 1.55 1.26 1.03 1.01 0.84 0.66 0.63 0.56 0.48 0.45 0.45 0.43 0.41 0.4 0.41 0.4 0.38 0.43 0.39 0.37 0.34 0.33 0.39 0.4 0.4 0.39 0.39 0.39 0.37 0.35 0.32 0.3 
0.53 0.69 0.73 0.86 0.89 0.94 0.95 1.01 1.03 0.98 0.81 0.84 0.88 0.88 0.82 0.81 0.74 0.66 0.6 0.54 0.54 0.51 0.49 0.45 0.42 0.41 0.35 0.31 0.26 0.28 0.28 0.31 0.36 0.38 0.41 0.44 0.49 0.62 0.68 0.71 0.71 0.72 0.78 0.88 0.98 1.03 1.02 0.99 1.03 1.08 1.14 1.32 1.51 1.76 1.97 2.08 2.24 2.41 2.52 2.42 2.42 2.44 2.42 2.33 2.27 2.19 2.1 1.81 1.52 1.25 1.01 1 0.82 0.64 0.61 0.54 0.46 0.43 0.45 0.43 0.42 0.41 0.43 0.43 0.42 0.48 0.44 0.42 0.4 0.38 0.44 0.45 0.45 0.42 0.42 0.41 0.39 0.36 0.32 0.3 
0.53 0.69 0.73 0.86 0.88 0.93 0.94 1 1.02 0.97 0.8 0.83 0.84 0.84 0.78 0.77 0.7 0.61 0.55 0.49 0.48 0.45 0.43 0.39 0.36 0.35 0.3 0.25 0.22 0.24 0.24 0.27 0.32 0.35 0.4 0.46 0.51 0.64 0.71 0.74 0.74 0.75 0.81 0.92 1.02 1.07 1.07 1.05 1.08 1.14 1.18 1.36 1.59 1.85 2.05 2.18 2.33 2.47 2.58 2.51 2.54 2.58 2.54 2.46 2.4 2.31 2.22 1.9 1.58 1.31 1.06 1.05 0.89 0.73 0.7 0.61 0.5 0.47 0.5 0.48 0.47 0.47 0.48 0.49 0.48 0.54 0.5 0.48 0.46 0.42 0.48 0.48 0.48 0.43 0.43 0.42 0.4 0.37 0.32 0.3 
0.49 0.65 0.68 0.83 0.85 0.9 0.91 0.97 0.99 0.95 0.77 0.8 0.84 0.84 0.78 0.76 0.69 0.6 0.52 0.46 0.45 0.42 0.4 0.36 0.33 0.33 0.28 0.22 0.19 0.2 0.2 0.24 0.3 0.33 0.38 0.46 0.51 0.64 0.71 0.74 0.74 0.75 0.81 0.93 1.07 1.12 1.12 1.1 1.13 1.19 1.23 1.38 1.61 1.87 2.07 2.18 2.32 2.46 2.6 2.55 2.56 2.6 2.62 2.55 2.49 2.4 2.32 2 1.68 1.42 1.18 1.19 1.03 0.83 0.78 0.71 0.6 0.52 0.54 0.52 0.51 0.52 0.53 0.54 0.53 0.58 0.53 0.51 0.49 0.45 0.5 0.49 0.49 0.43 0.43 0.42 0.4 0.36 0.31 0.29 
0.54 0.67 0.69 0.84 0.86 0.91 0.92 0.97 0.99 0.95 0.76 0.79 0.82 0.81 0.72 0.67 0.61 0.55 0.47 0.41 0.4 0.37 0.36 0.32 0.29 0.29 0.23 0.18 0.16 0.17 0.19 0.21 0.28 0.31 0.37 0.48 0.55 0.68 0.75 0.78 0.78 0.79 0.86 1.01 1.15 1.2 1.22 1.2 1.22 1.27 1.27 1.4 1.63 1.89 2.07 2.17 2.31 2.44 2.57 2.51 2.52 2.57 2.59 2.57 2.51 2.42 2.35 2.04 1.74 1.53 1.32 1.33 1.19 1 1 0.92 0.83 0.74 0.71 0.7 0.69 0.7 0.7 0.69 0.65 0.68 0.63 0.61 0.58 0.5 0.53 0.5 0.5 0.44 0.43 0.42 0.4 0.36 0.31 0.29 
0.54 0.67 0.69 0.83 0.84 0.86 0.86 0.91 0.93 0.88 0.69 0.71 0.71 0.7 0.61 0.56 0.5 0.44 0.37 0.31 0.33 0.32 0.31 0.27 0.24 0.24 0.19 0.16 0.14 0.15 0.17 0.19 0.26 0.3 0.42 0.62 0.69 0.82 0.89 0.92 0.92 0.94 1.01 1.17 1.32 1.37 1.39 1.37 1.38 1.41 1.35 1.42 1.62 1.86 1.97 2.06 2.17 2.29 2.41 2.34 2.36 2.42 2.46 2.52 2.46 2.35 2.28 2.01 1.72 1.56 1.4 1.42 1.32 1.19 1.21 1.15 1.06 0.95 0.87 0.83 0.81 0.82 0.82 0.81 0.77 0.8 0.74 0.7 0.66 0.54 0.55 0.48 0.48 0.42 0.41 0.4 0.38 0.34 0.29 0.27 
0.54 0.65 0.67 0.81 0.82 0.84 0.85 0.9 0.89 0.84 0.65 0.61 0.61 0.58 0.49 0.47 0.42 0.37 0.3 0.24 0.26 0.24 0.23 0.2 0.18 0.18 0.17 0.15 0.13 0.14 0.16 0.17 0.24 0.34 0.52 0.84 0.93 1.07 1.14 1.17 1.18 1.2 1.29 1.45 1.6 1.65 1.68 1.67 1.69 1.69 1.51 1.51 1.65 1.74 1.79 1.87 1.96 1.99 2.09 2.02 2.05 2.13 2.22 2.34 2.25 2.15 2.09 1.86 1.62 1.61 1.51 1.53 1.54 1.55 1.69 1.65 1.6 1.43 1.25 1.21 1.18 1.18 1.18 1.17 1.13 1.14 1.07 1.01 0.9 0.68 0.6 0.49 0.48 0.42 0.41 0.4 0.38 0.34 0.29 0.27 
0.55 0.66 0.67 0.8 0.8 0.82 0.83 0.85 0.84 0.8 0.64 0.62 0.63 0.54 0.43 0.41 0.35 0.3 0.22 0.17 0.18 0.16 0.17 0.15 0.13 0.13 0.12 0.1 0.08 0.08 0.11 0.11 0.17 0.29 0.53 0.95 1.1 1.25 1.33 1.37 1.41 1.45 1.54 1.7 1.86 1.92 1.94 1.98 2.05 2.05 1.8 1.66 1.73 1.78 1.79 1.84 1.89 1.88 1.92 1.85 1.89 1.96 2.04 2.16 2.09 1.99 1.96 1.74 1.56 1.59 1.55 1.62 1.66 1.78 1.93 1.91 1.85 1.68 1.49 1.37 1.35 1.34 1.32 1.33 1.27 1.26 1.18 1.08 0.93 0.69 0.59 0.47 0.46 0.4 0.39 0.38 0.36 0.32 0.27 0.25 
0.41 0.47 0.48 0.55 0.55 0.56 0.57 0.58 0.58 0.57 0.45 0.45 0.46 0.36 0.29 0.27 0.24 0.22 0.18 0.15 0.17 0.15 0.16 0.15 0.13 0.13 0.12 0.1 0.08 0.1 0.13 0.17 0.22 0.35 0.6 1.03 1.19 1.35 1.44 1.5 1.57 1.62 1.73 1.89 2.04 2.09 2.09 2.12 2.19 2.17 1.9 1.72 1.67 1.59 1.56 1.58 1.59 1.57 1.6 1.52 1.57 1.66 1.78 1.94 1.9 1.83 1.83 1.7 1.7 1.71 1.76 1.84 1.91 2.08 2.25 2.24 2.17 1.94 1.72 1.56 1.52 1.5 1.46 1.45 1.4 1.38 1.26 1.15 0.94 0.67 0.57 0.45 0.44 0.39 0.38 0.37 0.35 0.31 0.26 0.24 
0.3 0.36 0.37 0.42 0.42 0.43 0.44 0.45 0.45 0.45 0.45 0.46 0.47 0.37 0.3 0.25 0.22 0.2 0.17 0.15 0.17 0.15 0.16 0.15 0.13 0.13 0.12 0.1 0.08 0.1 0.12 0.15 0.19 0.29 0.52 0.96 1.12 1.28 1.37 1.44 1.54 1.61 1.72 1.87 2.02 2.07 2.08 2.12 2.22 2.22 1.94 1.68 1.61 1.5 1.46 1.45 1.43 1.41 1.45 1.37 1.39 1.47 1.62 1.78 1.75 1.7 1.7 1.67 1.69 1.73 1.84 1.98 2.1 2.38 2.57 2.58 2.53 2.3 2.05 1.89 1.84 1.82 1.77 1.76 1.71 1.68 1.49 1.3 0.97 0.67 0.56 0.44 0.43 0.38 0.37 0.36 0.34 0.3 0.25 0.23 
0.31 0.37 0.38 0.43 0.43 0.44 0.45 0.46 0.46 0.48 0.48 0.48 0.47 0.36 0.29 0.24 0.21 0.19 0.16 0.14 0.16 0.14 0.15 0.14 0.12 0.12 0.11 0.09 0.09 0.12 0.14 0.17 0.21 0.31 0.55 1.01 1.17 1.33 1.42 1.49 1.59 1.66 1.77 1.91 2.05 2.1 2.1 2.15 2.21 2.17 1.84 1.58 1.52 1.39 1.35 1.34 1.31 1.29 1.33 1.24 1.2 1.27 1.43 1.61 1.59 1.6 1.64 1.61 1.63 1.7 1.83 2 2.16 2.45 2.64 2.68 2.68 2.46 2.21 2.05 1.98 1.95 1.88 1.86 1.81 1.76 1.54 1.31 0.97 0.66 0.5 0.38 0.37 0.32 0.31 0.3 0.28 0.24 0.19 0.17 
0.32 0.39 0.39 0.44 0.44 0.45 0.47 0.48 0.48 0.51 0.5 0.46 0.44 0.33 0.26 0.2 0.18 0.15 0.13 0.11 0.13 0.1 0.12 0.11 0.08 0.09 0.1 0.11 0.12 0.15 0.17 0.2 0.25 0.37 0.63 1.09 1.25 1.4 1.5 1.57 1.67 1.72 1.82 1.89 1.96 2.01 2 2.03 2.05 2.01 1.66 1.4 1.34 1.21 1.15 1.15 1.13 1.11 1.18 1.15 1.14 1.2 1.37 1.57 1.59 1.6 1.67 1.65 1.69 1.79 1.94 2.11 2.29 2.61 2.82 2.89 2.89 2.68 2.43 2.26 2.17 2.12 2.04 1.99 1.93 1.86 1.62 1.36 1.01 0.67 0.48 0.36 0.35 0.3 0.29 0.28 0.26 0.22 0.17 0.15 
0.32 0.39 0.39 0.47 0.47 0.5 0.55 0.56 0.56 0.58 0.57 0.53 0.51 0.4 0.33 0.29 0.27 0.23 0.2 0.17 0.18 0.13 0.15 0.15 0.15 0.16 0.17 0.17 0.18 0.21 0.21 0.25 0.31 0.44 0.68 1.14 1.3 1.44 1.52 1.58 1.67 1.72 1.78 1.83 1.89 1.94 1.93 1.96 1.92 1.86 1.51 1.25 1.21 1.07 1 0.99 0.97 0.98 1.06 1.05 1.06 1.11 1.29 1.54 1.62 1.66 1.73 1.73 1.77 1.91 2.09 2.25 2.43 2.83 3.05 3.12 3.12 2.91 2.64 2.44 2.34 2.28 2.18 2.12 2.03 1.93 1.69 1.45 1.06 0.66 0.47 0.33 0.32 0.27 0.26 0.25 0.23 0.19 0.14 0.12 
0.32 0.39 0.39 0.47 0.49 0.56 0.63 0.65 0.66 0.69 0.68 0.65 0.64 0.53 0.46 0.43 0.48 0.44 0.42 0.37 0.36 0.28 0.3 0.28 0.28 0.28 0.28 0.28 0.28 0.31 0.33 0.32 0.38 0.51 0.73 1.2 1.36 1.49 1.57 1.63 1.72 1.77 1.82 1.87 1.89 1.93 1.9 1.92 1.86 1.81 1.45 1.17 1.13 0.99 0.92 0.89 0.85 0.83 0.9 0.92 0.95 1.02 1.19 1.47 1.56 1.6 1.69 1.69 1.73 1.86 2.05 2.24 2.46 2.89 3.22 3.33 3.32 3.11 2.8 2.6 2.51 2.45 2.35 2.27 2.19 2.06 1.82 1.56 1.18 0.69 0.43 0.28 0.27 0.22 0.21 0.2 0.17 0.13 0.1 0.08 
0.37 0.41 0.41 0.5 0.52 0.59 0.67 0.68 0.68 0.71 0.71 0.68 0.66 0.55 0.46 0.44 0.54 0.52 0.52 0.47 0.45 0.36 0.38 0.37 0.37 0.36 0.36 0.36 0.36 0.39 0.42 0.4 0.46 0.58 0.8 1.27 1.41 1.48 1.52 1.56 1.63 1.67 1.7 1.75 1.76 1.79 1.75 1.73 1.67 1.62 1.25 0.97 0.96 0.89 0.85 0.81 0.76 0.73 0.79 0.82 0.85 0.94 1.13 1.46 1.55 1.61 1.71 1.71 1.75 1.88 2.09 2.3 2.54 3.02 3.36 3.48 3.47 3.23 2.87 2.66 2.56 2.5 2.39 2.3 2.22 2.05 1.79 1.51 1.12 0.62 0.36 0.21 0.2 0.15 0.14 0.13 0.1 0.07 0.04 0.03 
0.41 0.44 0.44 0.53 0.55 0.62 0.7 0.71 0.71 0.72 0.72 0.68 0.65 0.54 0.45 0.43 0.54 0.52 0.53 0.48 0.46 0.37 0.39 0.38 0.38 0.37 0.38 0.38 0.41 0.45 0.51 0.51 0.58 0.71 0.91 1.38 1.5 1.5 1.52 1.55 1.62 1.65 1.68 1.73 1.7 1.68 1.62 1.59 1.53 1.48 1.11 0.84 0.85 0.84 0.83 0.79 0.74 0.71 0.76 0.79 0.83 0.95 1.15 1.47 1.54 1.59 1.69 1.69 1.73 1.86 2.07 2.28 2.52 3.04 3.41 3.55 3.55 3.28 2.93 2.73 2.64 2.57 2.45 2.36 2.28 2.11 1.85 1.57 1.19 0.64 0.36 0.19 0.18 0.13 0.12 0.11 0.1 0.08 0.05 0.04 
0.41 0.42 0.42 0.51 0.53 0.59 0.67 0.68 0.68 0.69 0.68 0.64 0.61 0.51 0.41 0.39 0.51 0.5 0.52 0.47 0.45 0.37 0.38 0.37 0.37 0.36 0.38 0.4 0.44 0.5 0.57 0.59 0.66 0.78 0.98 1.42 1.52 1.53 1.56 1.59 1.66 1.69 1.71 1.75 1.7 1.66 1.58 1.54 1.47 1.42 1.06 0.8 0.82 0.83 0.81 0.77 0.71 0.67 0.72 0.75 0.79 0.93 1.14 1.52 1.59 1.64 1.74 1.75 1.79 1.9 2.11 2.33 2.58 3.11 3.53 3.67 3.67 3.43 3.05 2.82 2.73 2.66 2.54 2.44 2.35 2.18 1.92 1.64 1.28 0.73 0.42 0.25 0.21 0.16 0.15 0.14 0.13 0.11 0.1 0.1 
0.43 0.44 0.44 0.53 0.55 0.61 0.69 0.7 0.7 0.71 0.7 0.66 0.62 0.52 0.41 0.39 0.51 0.5 0.52 0.48 0.46 0.38 0.39 0.38 0.38 0.38 0.41 0.44 0.48 0.57 0.65 0.67 0.74 0.86 1.06 1.47 1.57 1.58 1.61 1.64 1.7 1.72 1.73 1.77 1.71 1.64 1.55 1.51 1.44 1.36 1 0.72 0.7 0.7 0.7 0.66 0.59 0.54 0.59 0.64 0.69 0.85 1.11 1.49 1.58 1.64 1.74 1.8 1.86 1.96 2.17 2.39 2.64 3.18 3.58 3.73 3.74 3.45 3.05 2.82 2.72 2.65 2.53 2.43 2.34 2.17 1.92 1.66 1.33 0.8 0.47 0.29 0.24 0.2 0.19 0.19 0.18 0.17 0.17 0.17 
0.43 0.44 0.44 0.53 0.55 0.61 0.69 0.7 0.7 0.71 0.71 0.67 0.63 0.53 0.42 0.4 0.52 0.51 0.53 0.49 0.48 0.4 0.41 0.4 0.4 0.4 0.46 0.5 0.57 0.67 0.75 0.77 0.84 0.96 1.15 1.51 1.61 1.62 1.64 1.67 1.73 1.73 1.71 1.74 1.63 1.55 1.46 1.41 1.34 1.26 0.92 0.67 0.65 0.65 0.66 0.61 0.54 0.49 0.51 0.6 0.75 0.94 1.2 1.6 1.7 1.76 1.86 1.92 1.98 2.08 2.29 2.52 2.77 3.33 3.72 3.78 3.78 3.52 3.08 2.86 2.75 2.67 2.56 2.47 2.39 2.22 1.97 1.71 1.38 0.86 0.52 0.34 0.25 0.23 0.22 0.21 0.2 0.19 0.19 0.17 
0.39 0.4 0.4 0.45 0.47 0.53 0.61 0.62 0.62 0.63 0.64 0.6 0.56 0.46 0.36 0.36 0.48 0.47 0.51 0.49 0.49 0.41 0.42 0.42 0.43 0.53 0.68 0.79 0.88 0.98 1.07 1.11 1.17 1.29 1.48 1.83 1.9 1.91 1.92 1.95 1.99 1.84 1.75 1.73 1.61 1.53 1.41 1.36 1.3 1.22 0.89 0.66 0.64 0.64 0.65 0.6 0.53 0.48 0.5 0.6 0.88 1.11 1.38 1.75 1.85 1.91 2.01 2.07 2.13 2.18 2.38 2.61 2.86 3.43 3.81 3.76 3.73 3.52 3.12 2.94 2.86 2.79 2.68 2.6 2.6 2.47 2.22 1.97 1.63 1.13 0.8 0.63 0.42 0.4 0.35 0.31 0.28 0.26 0.26 0.2 
0.39 0.4 0.4 0.45 0.47 0.53 0.61 0.62 0.62 0.63 0.64 0.6 0.56 0.46 0.36 0.36 0.49 0.48 0.52 0.5 0.5 0.42 0.44 0.45 0.47 0.63 0.85 1 1.11 1.23 1.31 1.34 1.4 1.52 1.65 1.92 1.99 2 1.99 2.02 2.04 1.81 1.67 1.58 1.44 1.36 1.24 1.19 1.13 1.1 0.85 0.63 0.61 0.61 0.62 0.57 0.5 0.48 0.52 0.62 0.94 1.17 1.43 1.76 1.86 1.92 2.02 2.08 2.12 2.17 2.36 2.59 2.83 3.31 3.66 3.6 3.56 3.44 3.08 2.93 2.89 2.82 2.71 2.65 2.65 2.52 2.28 2.03 1.71 1.26 0.95 0.78 0.52 0.47 0.41 0.33 0.28 0.26 0.26 0.2 
0.39 0.4 0.4 0.45 0.47 0.53 0.61 0.62 0.62 0.62 0.63 0.59 0.55 0.45 0.35 0.35 0.48 0.47 0.51 0.49 0.49 0.41 0.43 0.44 0.47 0.69 0.94 1.1 1.25 1.37 1.45 1.48 1.54 1.65 1.74 1.96 2.03 2.03 2.02 2.05 2.03 1.76 1.59 1.45 1.31 1.23 1.11 1.06 1.01 0.97 0.73 0.56 0.55 0.55 0.56 0.51 0.44 0.43 0.5 0.63 0.94 1.18 1.41 1.62 1.72 1.81 1.91 1.97 2.01 2.06 2.24 2.47 2.68 3.08 3.33 3.24 3.17 3.14 2.88 2.76 2.74 2.67 2.56 2.5 2.5 2.37 2.14 1.9 1.64 1.26 0.99 0.86 0.56 0.48 0.42 0.33 0.28 0.26 0.26 0.2 
0.32 0.33 0.33 0.37 0.39 0.45 0.52 0.53 0.53 0.53 0.54 0.52 0.48 0.44 0.34 0.34 0.46 0.45 0.5 0.48 0.48 0.42 0.44 0.45 0.5 0.72 0.97 1.14 1.29 1.41 1.49 1.52 1.58 1.63 1.66 1.71 1.71 1.69 1.68 1.7 1.67 1.39 1.21 1.06 0.92 0.84 0.72 0.65 0.56 0.53 0.44 0.4 0.41 0.41 0.42 0.37 0.31 0.31 0.38 0.53 0.83 1.08 1.3 1.57 1.68 1.75 1.85 1.93 1.97 2.02 2.17 2.4 2.58 2.94 3.09 2.94 2.84 2.85 2.62 2.55 2.57 2.52 2.41 2.34 2.34 2.24 2.01 1.78 1.56 1.24 1.05 0.95 0.66 0.54 0.47 0.36 0.29 0.26 0.26 0.2 
0.24 0.25 0.25 0.29 0.31 0.37 0.44 0.45 0.45 0.45 0.46 0.44 0.4 0.4 0.34 0.34 0.46 0.45 0.5 0.48 0.49 0.43 0.45 0.46 0.51 0.73 0.98 1.15 1.3 1.41 1.48 1.49 1.55 1.6 1.6 1.62 1.62 1.59 1.56 1.55 1.48 1.18 0.99 0.84 0.7 0.62 0.53 0.45 0.34 0.31 0.25 0.22 0.23 0.25 0.27 0.27 0.24 0.25 0.33 0.48 0.77 1.02 1.24 1.44 1.56 1.61 1.68 1.74 1.76 1.79 1.91 2.04 2.2 2.55 2.69 2.54 2.45 2.48 2.29 2.29 2.31 2.29 2.22 2.18 2.2 2.13 1.96 1.78 1.57 1.27 1.08 0.98 0.69 0.57 0.48 0.36 0.29 0.26 0.26 0.2 
0.23 0.24 0.24 0.28 0.3 0.36 0.43 0.44 0.44 0.44 0.45 0.43 0.39 0.39 0.34 0.34 0.46 0.45 0.5 0.48 0.49 0.43 0.45 0.46 0.51 0.73 0.98 1.15 1.3 1.4 1.47 1.46 1.52 1.55 1.55 1.57 1.56 1.53 1.5 1.48 1.36 1.05 0.85 0.7 0.57 0.49 0.4 0.34 0.24 0.22 0.16 0.13 0.15 0.17 0.19 0.21 0.23 0.25 0.33 0.48 0.77 1.01 1.17 1.36 1.45 1.48 1.54 1.59 1.61 1.63 1.69 1.78 1.89 2.11 2.23 2.08 1.99 2.06 1.91 1.93 1.98 1.96 1.91 1.87 1.89 1.84 1.73 1.61 1.53 1.26 1.08 0.98 0.69 0.57 0.48 0.36 0.29 0.26 0.26 0.2 
0.17 0.18 0.18 0.22 0.24 0.3 0.37 0.38 0.38 0.38 0.39 0.38 0.36 0.36 0.31 0.34 0.46 0.45 0.5 0.48 0.49 0.43 0.45 0.46 0.51 0.73 0.98 1.15 1.3 1.39 1.46 1.45 1.51 1.53 1.53 1.54 1.53 1.5 1.47 1.45 1.33 1.01 0.81 0.65 0.53 0.45 0.36 0.3 0.21 0.19 0.13 0.1 0.12 0.14 0.16 0.18 0.2 0.22 0.3 0.46 0.75 0.99 1.15 1.34 1.43 1.45 1.49 1.55 1.57 1.59 1.6 1.6 1.69 1.87 1.98 1.83 1.74 1.81 1.66 1.68 1.74 1.73 1.69 1.65 1.67 1.63 1.62 1.55 1.52 1.26 1.08 0.98 0.69 0.57 0.48 0.36 0.29 0.26 0.26 0.2 
0.15 0.16 0.16 0.2 0.22 0.28 0.35 0.36 0.36 0.36 0.37 0.37 0.35 0.35 0.3 0.34 0.46 0.45 0.5 0.48 0.49 0.43 0.44 0.45 0.5 0.72 0.96 1.13 1.27 1.36 1.43 1.42 1.45 1.47 1.45 1.44 1.43 1.41 1.38 1.36 1.24 0.92 0.72 0.56 0.44 0.36 0.27 0.22 0.15 0.13 0.11 0.08 0.09 0.1 0.12 0.13 0.15 0.18 0.26 0.43 0.72 0.95 1.11 1.3 1.37 1.38 1.39 1.45 1.46 1.47 1.48 1.49 1.54 1.71 1.8 1.65 1.57 1.64 1.49 1.52 1.6 1.6 1.58 1.56 1.59 1.56 1.55 1.52 1.49 1.25 1.08 0.98 0.69 0.57 0.48 0.36 0.29 0.26 0.26 0.2 
0.14 0.14 0.14 0.17 0.19 0.23 0.29 0.3 0.3 0.29 0.31 0.31 0.29 0.29 0.24 0.28 0.4 0.4 0.46 0.44 0.46 0.42 0.43 0.44 0.49 0.7 0.94 1.11 1.25 1.34 1.41 1.4 1.42 1.41 1.37 1.36 1.35 1.32 1.28 1.27 1.15 0.84 0.64 0.48 0.36 0.28 0.18 0.12 0.08 0.07 0.07 0.04 0.05 0.07 0.09 0.1 0.12 0.15 0.23 0.4 0.68 0.92 1.09 1.28 1.33 1.34 1.34 1.36 1.36 1.32 1.31 1.31 1.36 1.5 1.59 1.44 1.36 1.43 1.28 1.32 1.41 1.42 1.42 1.43 1.49 1.5 1.51 1.48 1.47 1.24 1.08 0.98 0.69 0.57 0.48 0.36 0.29 0.26 0.26 0.2 
0.14 0.14 0.14 0.15 0.16 0.18 0.19 0.19 0.18 0.16 0.18 0.17 0.14 0.14 0.09 0.1 0.17 0.17 0.21 0.21 0.24 0.23 0.24 0.26 0.3 0.52 0.77 0.94 1.09 1.18 1.27 1.29 1.32 1.31 1.3 1.28 1.27 1.26 1.24 1.23 1.12 0.81 0.61 0.45 0.33 0.24 0.14 0.08 0.06 0.05 0.05 0.03 0.03 0.05 0.06 0.07 0.09 0.12 0.2 0.37 0.66 0.89 1.05 1.22 1.24 1.24 1.24 1.27 1.27 1.24 1.23 1.21 1.24 1.3 1.29 1.11 1.03 1.11 0.99 1.05 1.14 1.16 1.16 1.17 1.23 1.24 1.25 1.25 1.27 1.18 1.06 0.97 0.68 0.56 0.47 0.35 0.29 0.26 0.26 0.2 
0.13 0.13 0.13 0.14 0.14 0.14 0.14 0.14 0.13 0.11 0.13 0.12 0.09 0.09 0.04 0.05 0.06 0.06 0.1 0.11 0.15 0.16 0.17 0.19 0.24 0.46 0.71 0.88 1.03 1.12 1.19 1.23 1.24 1.22 1.21 1.18 1.17 1.16 1.14 1.13 1.02 0.71 0.51 0.35 0.23 0.14 0.07 0.05 0.04 0.03 0.03 0.01 0.01 0.03 0.04 0.05 0.06 0.09 0.17 0.34 0.63 0.83 0.99 1.09 1.1 1.11 1.11 1.14 1.14 1.11 1.1 1.08 1.09 1.12 1.08 0.87 0.8 0.9 0.85 0.93 1.02 1.04 1.04 1.05 1.11 1.12 1.13 1.16 1.2 1.13 1.05 0.97 0.68 0.56 0.47 0.35 0.29 0.26 0.26 0.2 
0.06 0.06 0.06 0.06 0.06 0.06 0.06 0.06 0.06 0.06 0.07 0.07 0.05 0.05 0.02 0.02 0.02 0.02 0.04 0.05 0.08 0.09 0.1 0.12 0.16 0.39 0.63 0.8 0.94 1.03 1.08 1.12 1.13 1.12 1.11 1.09 1.09 1.08 1.06 1.05 0.95 0.65 0.45 0.29 0.18 0.11 0.05 0.04 0.03 0.03 0.03 0.01 0.01 0.03 0.04 0.05 0.06 0.09 0.17 0.34 0.63 0.82 0.95 1.05 1.06 1.06 1.06 1.09 1.09 1.06 1.05 1.03 1.03 1.02 0.96 0.73 0.65 0.78 0.74 0.82 0.92 0.94 0.94 0.95 1.01 1.02 1.03 1.06 1.12 1.09 1.02 0.96 0.67 0.55 0.46 0.34 0.28 0.25 0.25 0.19 
