0 0 625 625 0 0 0 0 0 0 0 0 0 0 0 0 0 0 0 0 0 0 0 625 625 625 0 0 0 0 0 0 0 0 0 0 0 0 0 0 0 0 0 0 625 625 625 0 625 625 
0 0 625 625 0 0 0 0 0 0 0 0 0 0 0 0 0 0 0 0 0 0 0 625 625 625 0 0 0 0 0 0 0 625 625 625 0 0 0 0 0 0 0 0 625 625 625 0 625 625 
0 0 0 0 0 625 625 625 0 0 0 0 0 0 0 0 0 0 0 0 0 0 0 625 625 625 0 0 625 625 625 0 0 625 625 625 0 0 0 0 0 0 0 0 0 0 0 0 625 625 
625 625 0 0 0 625 625 625 0 0 0 0 0 0 0 0 0 0 0 0 0 0 0 0 0 0 0 0 625 625 625 0 0 0 0 0 0 625 625 625 0 0 0 0 0 0 0 0 0 0 
625 625 0 0 0 625 625 625 0 0 0 0 0 0 0 0 0 0 0 0 0 0 0 0 0 0 0 0 0 0 0 625 625 0 0 0 0 625 625 625 0 0 625 625 0 0 0 0 0 0 
625 625 0 0 0 0 0 0 0 0 0 625 625 0 0 0 0 0 0 0 0 0 0 0 0 0 0 0 0 0 0 625 625 0 0 0 0 625 625 625 0 0 625 625 0 0 0 0 0 0 
0 0 0 0 0 0 0 0 0 0 0 625 625 0 0 0 0 0 0 0 0 0 0 0 625 625 625 0 0 0 0 0 0 0 0 0 0 0 0 0 0 0 0 0 0 0 0 625 625 625 
0 0 0 0 0 0 0 0 0 0 0 625 625 0 0 0 0 0 0 0 0 0 0 0 625 625 625 0 0 0 0 0 0 625 625 625 0 0 0 0 0 0 0 0 0 0 0 625 625 625 
0 0 0 0 0 0 0 0 0 0 0 0 0 0 0 0 0 0 0 0 0 0 0 0 625 625 625 0 0 0 0 0 0 625 625 625 0 0 0 0 0 0 0 0 0 0 0 625 625 625 
0 0 0 0 0 0 625 625 625 0 0 0 0 0 0 0 625 625 625 0 0 0 0 0 0 0 0 625 625 625 0 0 0 625 625 625 0 0 0 0 0 0 0 0 0 0 0 0 0 0 
0 0 0 0 0 0 625 625 625 0 0 0 0 0 0 0 625 625 625 0 0 0 0 0 0 0 0 625 625 625 0 0 0 0 0 0 0 0 0 0 0 625 625 0 0 0 0 0 625 625 
0 625 625 625 0 0 0 0 0 0 0 0 0 0 0 0 0 0 0 0 0 0 0 0 0 0 0 0 0 0 0 625 625 0 0 625 625 625 0 0 0 625 625 0 0 0 0 0 625 625 
0 625 625 625 0 0 0 0 0 0 0 0 0 0 0 0 0 0 0 0 0 0 625 625 625 0 0 0 0 0 0 625 625 0 0 625 625 625 0 0 0 0 0 0 0 0 0 0 625 625 
0 0 0 0 0 0 0 0 0 0 0 0 0 0 0 0 0 0 0 0 0 0 625 625 625 0 0 0 0 0 0 625 625 0 0 625 625 625 0 0 0 0 0 0 0 0 0 0 625 625 
0 0 0 0 625 625 0 0 0 0 0 0 0 0 0 0 0 0 0 0 0 0 0 0 0 0 0 0 0 0 0 0 0 0 0 0 0 0 0 0 0 0 625 625 625 0 0 0 625 625 
0 0 0 0 625 625 0 0 0 0 0 0 0 0 625 625 625 0 625 625 625 0 0 0 0 0 0 0 0 0 0 625 625 625 0 0 0 0 0 0 0 0 625 625 625 0 0 0 625 625 
0 0 0 0 625 625 0 0 0 0 0 0 0 0 625 625 625 0 625 625 625 0 0 0 0 0 0 0 0 0 0 625 625 625 0 0 0 0 0 0 0 0 625 625 625 0 0 0 0 0 
0 0 0 0 0 0 0 0 0 0 0 0 0 0 0 0 0 0 0 0 0 0 0 0 0 0 0 0 0 0 0 0 0 0 0 0 0 0 0 0 0 0 0 0 0 0 0 0 0 0 
625 625 625 0 0 0 0 0 0 0 0 0 0 0 0 0 0 0 0 0 0 0 0 0 0 0 0 0 625 625 0 0 0 0 0 0 0 0 0 0 0 0 0 0 0 0 0 0 0 0 
625 625 625 0 0 0 0 0 0 0 0 0 0 0 0 0 0 0 0 0 0 0 0 0 0 0 0 0 625 625 0 0 0 0 625 625 0 0 0 0 0 0 0 0 0 0 0 0 0 0 
625 625 625 0 0 0 0 0 0 0 0 0 0 0 0 0 0 0 0 0 0 0 625 625 0 0 0 0 625 625 0 0 0 0 625 625 0 0 0 0 0 0 0 0 0 0 0 0 0 0 
0 0 0 0 0 0 0 0 0 0 0 0 0 0 0 0 0 0 0 0 0 0 625 625 0 0 0 0 0 0 0 0 0 0 625 625 0 0 0 0 0 0 0 0 0 0 0 0 0 0 
0 0 0 0 0 0 0 0 0 0 625 625 0 0 0 0 0 0 0 0 0 0 0 0 0 0 0 0 0 0 0 0 0 0 0 0 0 0 0 0 0 0 0 0 0 0 625 625 625 0 
0 0 0 0 0 0 0 0 0 0 625 625 0 0 0 0 0 0 0 0 0 0 0 0 0 0 0 0 0 0 0 0 0 0 0 0 0 0 0 0 0 0 0 0 0 0 625 625 625 0 
0 0 0 0 0 0 0 0 0 0 0 0 0 0 0 0 0 0 0 0 0 0 0 0 0 0 0 0 0 0 0 0 0 0 0 0 0 625 625 0 0 0 0 0 0 0 625 625 625 0 
0 0 625 625 625 0 0 0 0 0 0 0 0 0 0 0 0 0 0 0 0 0 0 0 0 0 0 0 0 0 625 625 625 0 0 0 0 625 625 0 0 0 0 0 0 0 0 0 625 625 
0 0 625 625 625 0 0 0 0 0 0 0 0 0 0 0 0 0 0 0 0 0 0 0 0 0 0 0 0 0 625 625 625 0 0 0 0 625 625 0 0 0 0 625 625 625 0 0 625 625 
0 0 625 625 625 625 625 625 0 0 0 0 0 0 0 0 0 0 0 0 0 0 0 0 0 0 0 0 0 0 625 625 625 0 0 0 0 0 0 0 0 0 0 625 625 625 0 0 0 0 
0 0 0 0 0 625 625 625 0 625 625 625 0 0 0 0 0 0 0 0 0 0 0 0 0 0 0 0 0 0 0 0 0 0 0 0 0 0 0 0 0 0 0 625 625 625 0 0 0 0 
0 0 0 0 0 625 625 625 0 625 625 625 0 0 0 0 625 625 625 0 0 0 0 0 0 0 0 0 0 0 0 0 0 0 0 0 0 0 0 625 625 0 0 0 0 0 0 0 0 0 
0 0 0 0 0 0 0 0 0 625 625 625 0 0 0 0 625 625 625 0 0 0 0 0 0 0 625 625 0 0 0 0 0 0 0 0 0 0 0 625 625 0 0 0 0 0 0 625 625 625 
0 0 0 0 0 0 0 0 0 0 0 0 0 0 0 0 0 0 0 0 0 0 625 625 0 0 625 625 0 0 0 0 0 0 0 0 0 0 0 625 625 0 0 0 0 0 0 625 625 625 
0 0 0 0 0 0 0 0 0 0 0 0 0 0 0 0 0 0 0 0 0 0 625 625 0 0 625 625 0 0 0 0 0 0 0 0 0 0 0 0 0 0 0 0 625 625 625 625 625 625 
0 0 0 0 0 0 0 0 0 0 0 0 0 0 0 0 0 0 0 0 0 0 0 0 0 0 0 0 0 0 0 0 0 0 0 0 0 0 0 0 0 0 0 0 625 625 625 0 0 0 
0 0 0 0 0 0 0 0 625 625 0 0 0 0 0 0 0 0 0 0 0 0 0 0 0 625 625 0 0 0 0 0 0 0 0 0 0 0 0 0 0 0 0 0 625 625 625 0 0 0 
0 0 0 0 0 0 0 0 625 625 0 0 0 0 0 0 0 0 0 0 0 0 0 0 0 625 625 0 0 0 0 0 0 0 0 0 0 0 0 0 0 0 0 0 0 0 0 0 0 0 
0 0 0 0 0 0 0 0 625 625 0 0 0 0 0 0 0 0 0 0 0 0 0 0 0 625 625 0 0 0 0 0 0 0 0 0 0 0 0 0 0 0 0 0 0 0 0 0 0 0 
0 0 0 0 0 0 0 0 0 0 0 0 625 625 625 0 0 0 0 0 0 0 0 0 0 0 0 0 0 0 0 0 0 0 0 0 0 625 625 625 0 0 0 0 0 0 0 0 0 0 
0 0 0 0 0 0 0 0 0 0 0 0 625 625 625 0 0 0 0 0 0 0 0 0 0 0 0 0 0 0 0 0 0 0 0 0 0 625 625 625 0 625 625 625 0 0 0 0 0 0 
0 0 0 0 0 0 0 0 0 625 625 625 625 625 625 0 0 0 0 625 625 625 0 0 0 0 0 0 0 0 0 0 0 0 625 625 625 625 625 625 0 625 625 625 0 0 0 0 0 0 
0 0 0 0 0 0 0 0 0 625 625 625 0 0 0 0 625 625 625 625 625 625 0 0 0 0 0 0 0 625 625 0 0 0 625 625 625 0 0 0 0 625 625 625 0 0 0 0 0 0 
0 0 0 0 0 0 0 0 0 625 625 625 0 0 0 0 625 625 625 0 0 0 0 0 0 0 0 0 0 625 625 0 0 0 625 625 625 0 0 0 0 0 0 0 0 0 0 0 0 0 
0 625 625 625 0 0 0 0 0 0 0 0 0 0 0 0 0 0 0 0 0 0 0 0 0 0 0 0 0 625 625 0 0 0 0 0 0 0 0 0 0 0 0 0 0 0 0 0 0 0 
0 625 625 625 0 0 0 0 0 0 0 625 625 625 0 0 0 0 0 0 0 0 0 0 0 0 0 0 0 0 0 0 0 0 0 0 0 0 0 0 0 0 0 0 0 0 0 0 0 0 
0 0 0 0 0 0 0 0 625 625 625 625 625 625 0 0 0 0 0 0 0 0 0 0 0 0 0 0 0 0 0 0 0 0 0 0 0 0 0 0 0 0 0 0 0 0 0 0 0 0 
0 0 0 0 0 0 0 0 625 625 625 625 625 625 0 0 0 0 0 0 0 0 0 0 0 0 0 0 625 625 625 0 0 0 0 0 0 0 0 0 0 0 0 0 0 0 0 0 0 0 
0 0 0 0 0 0 0 0 625 625 625 0 0 0 0 0 0 0 625 625 0 0 0 0 0 0 0 0 625 625 625 0 0 0 625 625 0 0 0 0 0 0 0 0 0 0 0 0 0 0 
0 0 0 0 0 0 625 625 0 0 0 625 625 0 0 0 0 0 625 625 0 0 0 0 0 0 0 0 625 625 625 0 0 0 625 625 0 0 0 0 0 0 625 625 0 0 0 0 0 0 
0 625 625 625 0 0 625 625 0 0 0 625 625 0 0 0 0 0 625 625 0 0 0 0 0 0 0 0 0 0 0 0 0 0 625 625 0 625 625 0 0 0 625 625 0 0 0 0 0 0 
0 625 625 625 0 0 625 625 0 0 0 625 625 0 0 0 0 0 0 0 0 0 0 0 0 0 0 0 0 0 0 0 0 0 0 0 0 625 625 0 0 0 625 625 0 0 0 0 0 0 
