1.30375 2.36571 3.14211 3.05529 2.30418 1.57758 1.14665 0.813857 0.467444 0.197134 0.0600895 0.0145256 0.0040731 0.00176933 0.000784416 0.000264135 8.15331e-05 0.000299563 0.0031162 0.0235088 0.12419 0.459212 1.1887 2.15575 2.7497 2.51528 1.80143 1.31633 1.23718 1.20251 0.994134 0.842444 1.07907 1.6689 2.11856 1.96415 1.32375 0.688836 0.322124 0.162959 0.112684 0.187255 0.523434 1.29684 2.413 3.28838 3.41352 3.07615 2.84403 2.62458 
1.66786 2.63187 3.27884 3.21327 2.72283 2.37945 2.17133 1.71458 1.02017 0.438345 0.142123 0.0457032 0.0225428 0.0133231 0.00631257 0.00214392 0.000536869 0.000427191 0.00362758 0.0272595 0.143991 0.532497 1.37884 2.50319 3.20738 2.99635 2.3362 2.07582 2.30504 2.39626 2.04253 1.68339 1.87944 2.60298 3.1671 2.93655 2.08679 1.27485 0.791586 0.514531 0.360663 0.395369 0.706386 1.35139 2.22341 2.91523 3.12607 3.16002 3.36813 3.37484 
2.1753 2.66358 2.7971 2.65911 2.62776 2.92606 3.10071 2.58543 1.57024 0.700476 0.27328 0.14786 0.111665 0.0739932 0.0357445 0.012201 0.00301034 0.000884635 0.0030995 0.022144 0.116664 0.43176 1.11979 2.03967 2.639 2.55735 2.25321 2.45918 3.11102 3.44258 3.12907 2.68386 2.69233 3.15101 3.49625 3.23182 2.56413 2.01737 1.65212 1.25832 0.929144 0.916293 1.2087 1.58486 1.89146 2.06933 2.1707 2.44388 2.93299 3.10607 
2.90251 2.83776 2.31687 1.93414 2.13155 2.80438 3.21758 2.75829 1.71851 0.858518 0.509872 0.465708 0.424601 0.291218 0.141563 0.0487396 0.0126928 0.0036902 0.00339641 0.0136131 0.0675352 0.250631 0.657726 1.2204 1.63095 1.69621 1.73359 2.22489 3.06667 3.64698 3.70801 3.54044 3.39314 3.27103 3.08408 2.80783 2.66046 2.75935 2.72252 2.24919 1.74305 1.75133 2.13953 2.30372 2.00042 1.54725 1.35222 1.58036 2.02564 2.17618 
3.29294 2.89953 1.96874 1.33588 1.42702 2.00692 2.3885 2.09418 1.39787 0.943654 0.981531 1.19652 1.15911 0.802899 0.392071 0.138328 0.0422084 0.0193765 0.0143718 0.0141426 0.035134 0.125377 0.353128 0.723414 1.08971 1.28177 1.38992 1.71198 2.31746 2.97287 3.52127 3.86141 3.74792 3.15748 2.48625 2.17983 2.46093 3.08405 3.33022 2.86095 2.31449 2.43763 2.98663 3.066 2.36922 1.49545 1.10441 1.2762 1.59642 1.59027 
2.78584 2.36989 1.48069 0.841047 0.772238 1.08075 1.32335 1.22622 0.996425 1.10016 1.67775 2.25926 2.22479 1.54667 0.762892 0.289036 0.124531 0.0946797 0.0800379 0.0543194 0.0440382 0.105379 0.332623 0.800126 1.38545 1.74846 1.71152 1.53551 1.59482 2.02368 2.73778 3.38651 3.46366 2.89332 2.16964 1.82785 2.089 2.68463 2.94118 2.56901 2.16733 2.40491 3.00026 3.06491 2.33925 1.51404 1.312 1.714 2.08479 1.88735 
1.67891 1.41773 0.865441 0.458115 0.395105 0.588627 0.80471 0.871254 0.918571 1.32761 2.21855 3.02783 2.98661 2.08428 1.0589 0.483623 0.348832 0.368263 0.331383 0.217859 0.122878 0.161046 0.47671 1.19679 2.14669 2.74198 2.5664 1.92205 1.43186 1.41665 1.84173 2.41407 2.74046 2.67845 2.36571 2.00514 1.82922 1.89564 1.90359 1.65547 1.47516 1.73136 2.18166 2.22057 1.73597 1.32787 1.59749 2.42012 2.97903 2.63293 
0.735782 0.646168 0.430714 0.290123 0.373224 0.702782 1.10641 1.30992 1.31285 1.52162 2.19297 2.86675 2.80511 1.97715 1.094 0.732767 0.858049 1.0503 0.96586 0.631437 0.316481 0.247265 0.58196 1.43519 2.5911 3.36831 3.27028 2.58343 1.89627 1.47816 1.38855 1.64683 2.17371 2.74891 2.98359 2.60869 1.89007 1.31899 1.02144 0.881246 0.916744 1.15643 1.38239 1.31878 1.03981 1.00603 1.6246 2.70341 3.39124 3.01404 
0.344247 0.413847 0.418074 0.432909 0.658128 1.24663 1.97877 2.31191 2.04504 1.67055 1.70061 1.946 1.85369 1.34581 0.924731 1.04989 1.64427 2.12476 1.9683 1.28628 0.621115 0.347236 0.564528 1.27886 2.28634 3.08077 3.31749 3.14394 2.75395 2.16344 1.5958 1.47424 1.99676 2.88392 3.42271 3.05888 2.05203 1.12612 0.676041 0.681982 0.987886 1.32437 1.37404 1.07485 0.724627 0.745292 1.39288 2.45669 3.17584 2.90023 
0.469469 0.778397 0.954201 0.966493 1.13498 1.80359 2.73087 3.12878 2.60842 1.71166 1.15147 0.991617 0.877383 0.692739 0.721958 1.29212 2.29146 3.01524 2.80224 1.84166 0.90985 0.495361 0.591229 1.02958 1.63989 2.25451 2.82517 3.32891 3.46111 2.95836 2.18871 1.8166 2.10428 2.78203 3.2376 2.96846 2.09925 1.21392 0.785839 0.977229 1.62573 2.19749 2.14248 1.49573 0.828617 0.668425 1.21167 2.23948 3.04254 2.92059 
0.935448 1.61691 1.98942 1.85166 1.65126 1.97877 2.70408 3.01544 2.45013 1.46137 0.729849 0.417921 0.313767 0.304561 0.536684 1.22918 2.2695 3.00114 2.80123 1.88218 1.04684 0.784268 0.971033 1.23773 1.40269 1.61892 2.14948 2.92204 3.39343 3.20415 2.72945 2.49709 2.54942 2.71154 2.85358 2.776 2.32183 1.64047 1.18846 1.40902 2.25933 3.02125 2.91636 1.99971 1.0492 0.726487 1.24175 2.36858 3.34767 3.33666 
1.41314 2.45167 3.00948 2.70309 2.03664 1.77843 1.99256 2.0808 1.6474 0.94348 0.407414 0.165097 0.104978 0.155596 0.385803 0.910598 1.6444 2.1558 2.04266 1.48317 1.09956 1.28367 1.80845 2.08314 1.84209 1.47573 1.52786 2.0292 2.52143 2.74844 2.95536 3.23944 3.26312 2.9805 2.84393 2.992 2.9405 2.35566 1.66763 1.60197 2.28568 2.99797 2.91317 2.03812 1.11031 0.792664 1.3408 2.56089 3.64949 3.66836 
1.50329 2.62743 3.27511 3.00793 2.22724 1.61121 1.34041 1.14855 0.826552 0.449411 0.18271 0.0728486 0.0815762 0.192546 0.41993 0.756157 1.1256 1.37335 1.37315 1.22717 1.29433 1.86646 2.68887 3.01351 2.46927 1.57636 1.0702 1.11963 1.45864 1.979 2.77856 3.57127 3.7295 3.26977 2.99249 3.25564 3.40223 2.81309 1.86906 1.41213 1.69989 2.20374 2.26032 1.76005 1.13689 0.918227 1.45087 2.64114 3.69691 3.67447 
1.13484 2.0365 2.69839 2.79507 2.44581 1.90763 1.32427 0.801759 0.418062 0.18358 0.0721781 0.062865 0.174407 0.451539 0.853875 1.20021 1.35947 1.42471 1.52205 1.62512 1.79221 2.26882 2.9559 3.18041 2.53192 1.48101 0.741637 0.530359 0.72024 1.30241 2.31818 3.36001 3.69802 3.25907 2.84285 2.93773 3.02114 2.47991 1.56772 0.986518 1.02986 1.44984 1.81933 1.84546 1.54386 1.31166 1.69341 2.75965 3.72245 3.62439 
0.653214 1.25851 1.9458 2.56568 2.89706 2.64909 1.84828 0.956194 0.36875 0.111692 0.0438596 0.0989826 0.349362 0.909299 1.67598 2.23532 2.33169 2.27751 2.43398 2.6044 2.50968 2.38722 2.47063 2.41432 1.85868 1.0505 0.460832 0.251031 0.378183 0.907616 1.92304 3.07702 3.60603 3.21132 2.51575 2.16107 1.98946 1.56782 0.959718 0.571462 0.660285 1.22699 2.02161 2.53091 2.3842 1.92612 1.96809 2.77832 3.59002 3.43377 
0.430544 0.860847 1.54412 2.466 3.22072 3.17619 2.26535 1.14845 0.412591 0.108779 0.0450646 0.137995 0.502559 1.30814 2.40256 3.17852 3.26157 3.11279 3.26733 3.40543 2.99037 2.24655 1.70452 1.37325 0.985412 0.549294 0.255246 0.181315 0.329871 0.812204 1.77819 2.9825 3.64734 3.26325 2.28539 1.48943 1.05589 0.73516 0.435574 0.301998 0.531953 1.26856 2.355 3.13544 3.00943 2.28642 1.92017 2.32149 2.86384 2.7041 
0.64935 1.05097 1.56786 2.27607 2.89533 2.84856 2.033 1.02806 0.366171 0.0954522 0.0429119 0.139325 0.50632 1.31597 2.41433 3.18612 3.24629 3.05231 3.1501 3.23146 2.73534 1.8389 1.10886 0.704972 0.452451 0.272996 0.224918 0.336931 0.579372 0.998957 1.75329 2.7456 3.35193 3.03794 2.08715 1.18841 0.639939 0.34113 0.178067 0.164677 0.425205 1.11659 2.13214 2.87061 2.74724 1.99332 1.43065 1.46312 1.7042 1.58882 
1.32572 1.82303 2.01375 2.06625 2.09583 1.87626 1.29817 0.65099 0.233784 0.0669793 0.0390854 0.108376 0.363118 0.927038 1.69389 2.22992 2.25875 2.09618 2.13487 2.18945 1.89329 1.35503 0.913961 0.637647 0.429148 0.320192 0.440072 0.812063 1.25254 1.56611 1.842 2.2506 2.58753 2.49274 1.98155 1.3413 0.774085 0.365576 0.144862 0.103243 0.268115 0.715975 1.37442 1.8533 1.76655 1.24432 0.792418 0.679118 0.730843 0.668306 
2.14634 2.79794 2.66925 2.02376 1.40932 0.974389 0.6041 0.297335 0.122951 0.0720647 0.0822227 0.12017 0.227299 0.479021 0.837198 1.09051 1.09703 1.00759 1.02825 1.11657 1.16319 1.22497 1.30637 1.21641 0.903096 0.660934 0.854661 1.53064 2.25421 2.46773 2.16285 1.86343 1.90812 2.16653 2.29984 2.024 1.36605 0.67588 0.244343 0.0899829 0.128035 0.323746 0.620969 0.839914 0.806619 0.575041 0.359334 0.271897 0.254291 0.214502 
2.47839 3.18368 2.89839 1.92248 1.00265 0.474673 0.229027 0.124437 0.123519 0.206085 0.303261 0.332038 0.292848 0.274806 0.325689 0.381335 0.373887 0.343759 0.380812 0.548907 0.939209 1.58972 2.19699 2.24738 1.69008 1.13301 1.22953 2.05696 2.96567 3.11837 2.43544 1.69376 1.61717 2.22893 2.89808 2.87516 2.05565 1.04238 0.375216 0.104694 0.0546734 0.104672 0.200148 0.283977 0.314054 0.309779 0.304413 0.281245 0.215567 0.128732 
2.00577 2.56732 2.30844 1.46996 0.680192 0.248171 0.0991413 0.114861 0.284191 0.599189 0.903208 0.957491 0.719618 0.401912 0.199378 0.121495 0.0947998 0.0901668 0.145596 0.377503 0.980319 1.9907 2.92306 3.04048 2.27124 1.41152 1.27174 1.94473 2.75583 2.86476 2.17128 1.42861 1.40063 2.16154 3.02164 3.10404 2.26411 1.17374 0.440903 0.127536 0.0378574 0.0310337 0.0600594 0.128202 0.271006 0.504341 0.727817 0.764314 0.57221 0.304999 
1.13788 1.46119 1.32014 0.844184 0.387986 0.138317 0.0782286 0.197299 0.584433 1.25744 1.89863 2.00738 1.48701 0.774878 0.28975 0.0853123 0.0281862 0.0250215 0.0788307 0.300555 0.885963 1.86769 2.77186 2.88923 2.1424 1.25705 0.947354 1.29401 1.79844 1.86944 1.42499 0.960936 1.00423 1.62193 2.31566 2.42771 1.84363 1.0523 0.487849 0.200227 0.0749476 0.0320928 0.0510695 0.176618 0.514557 1.09371 1.6541 1.77087 1.34674 0.735479 
0.475315 0.642876 0.636954 0.474836 0.275057 0.13503 0.108688 0.291031 0.858448 1.84538 2.78572 2.9444 2.17852 1.12865 0.410131 0.105539 0.0210279 0.0110384 0.0459018 0.193141 0.583101 1.23715 1.83923 1.91678 1.4135 0.7955 0.511409 0.61524 0.849987 0.924923 0.779175 0.605748 0.639226 0.945928 1.32958 1.49228 1.36221 1.09151 0.783471 0.469159 0.217483 0.0885594 0.0972224 0.303363 0.859685 1.80609 2.73632 2.97889 2.35297 1.37831 
0.230025 0.423981 0.606376 0.659453 0.535703 0.332082 0.212063 0.339302 0.894776 1.89649 2.85602 3.01637 2.23066 1.15491 0.419018 0.10744 0.02119 0.00782344 0.0223968 0.0897736 0.269877 0.572598 0.851361 0.886917 0.651615 0.356796 0.205789 0.237828 0.387411 0.573737 0.719089 0.752019 0.68418 0.645284 0.755123 1.03651 1.42403 1.69459 1.56585 1.05873 0.518127 0.218085 0.204519 0.486122 1.16466 2.25634 3.35513 3.76493 3.21752 2.14312 
0.298041 0.713633 1.22252 1.49427 1.31608 0.866427 0.489697 0.403965 0.719953 1.40778 2.08339 2.18618 1.61065 0.832561 0.304772 0.0857304 0.0289882 0.019948 0.0202349 0.0360636 0.0898352 0.185585 0.274995 0.286308 0.21008 0.115049 0.0751838 0.141354 0.37912 0.828109 1.3342 1.54689 1.29859 0.870085 0.718235 1.10735 1.93123 2.63014 2.57387 1.7819 0.891886 0.416677 0.437075 0.846473 1.54727 2.45237 3.36179 3.90321 3.76005 2.94298 
0.492182 1.22471 2.15256 2.70158 2.48717 1.7771 1.08864 0.693357 0.66244 0.941863 1.25516 1.25555 0.897369 0.458806 0.184531 0.0957513 0.0962827 0.101009 0.0798527 0.0494805 0.0363875 0.0467495 0.0638376 0.0660181 0.049474 0.0322565 0.0481186 0.174649 0.569965 1.34726 2.24738 2.63368 2.17854 1.34271 0.890327 1.23382 2.20978 3.07874 3.04734 2.1308 1.10425 0.622786 0.825442 1.50115 2.25363 2.79361 3.21239 3.67697 3.92768 3.48173 
0.608586 1.52687 2.72425 3.53616 3.50251 2.85607 2.06408 1.40579 1.06924 1.07822 1.15242 0.994608 0.633572 0.313477 0.19 0.246856 0.364833 0.405013 0.317427 0.175828 0.0729299 0.031253 0.0237015 0.0237467 0.0238362 0.030762 0.0687091 0.224935 0.696103 1.62966 2.71701 3.18382 2.62418 1.5757 0.912645 1.0607 1.83738 2.57481 2.58741 1.86707 1.0571 0.769921 1.22483 2.1986 3.0464 3.25346 3.10037 3.21147 3.50512 3.27957 
0.529477 1.34354 2.46392 3.40344 3.7978 3.67289 3.1391 2.40683 1.93498 1.91264 1.91898 1.53369 0.903375 0.447791 0.38378 0.659315 1.02342 1.1426 0.896243 0.497277 0.20869 0.0944117 0.077366 0.083158 0.0937052 0.122165 0.177997 0.30727 0.670509 1.41702 2.30821 2.69108 2.21233 1.30945 0.688201 0.667037 1.11481 1.62193 1.76623 1.46777 1.03576 0.907385 1.39684 2.38965 3.19905 3.21257 2.71648 2.46421 2.54268 2.36683 
0.323799 0.840493 1.62474 2.49437 3.27311 3.7564 3.65026 3.07524 2.72003 2.88097 2.94643 2.34442 1.36999 0.704176 0.700562 1.28555 2.01236 2.24911 1.76754 0.99465 0.45931 0.289873 0.311779 0.349635 0.378516 0.456348 0.562572 0.622911 0.706448 0.989726 1.41324 1.59735 1.30328 0.763634 0.377125 0.327003 0.584648 1.02675 1.45587 1.63541 1.46979 1.21676 1.33312 1.92069 2.47141 2.45878 2.05008 1.78221 1.72584 1.51535 
0.140283 0.380654 0.807278 1.44283 2.25238 2.95776 3.12771 2.8345 2.75354 3.12937 3.28026 2.62404 1.54104 0.828934 0.922083 1.75603 2.76019 3.08766 2.43665 1.41457 0.781859 0.722224 0.923214 1.04862 1.09008 1.23869 1.44342 1.4131 1.1032 0.811512 0.72188 0.690306 0.540552 0.313036 0.155296 0.163907 0.41512 0.996561 1.81864 2.42675 2.35077 1.7429 1.26552 1.28478 1.53972 1.658 1.67141 1.75949 1.77018 1.44084 
0.0437333 0.128608 0.313884 0.667962 1.20608 1.73221 1.94161 1.88837 2.01592 2.42854 2.58462 2.07049 1.22173 0.691108 0.853311 1.67411 2.63991 2.95738 2.35544 1.46025 1.07391 1.38844 1.94678 2.21488 2.22525 2.39671 2.68344 2.53663 1.80347 0.971136 0.464707 0.260745 0.165565 0.0919745 0.0555536 0.116078 0.410407 1.12936 2.21544 3.06723 3.00071 2.13318 1.28603 1.01406 1.20875 1.56957 2.03115 2.51821 2.6274 2.07342 
0.0100771 0.0336824 0.0977473 0.243768 0.489749 0.757578 0.92636 1.02765 1.22513 1.49251 1.53611 1.19346 0.694747 0.410188 0.554848 1.11394 1.76092 1.97814 1.60774 1.13441 1.20526 1.97465 2.90434 3.31818 3.27697 3.38307 3.62842 3.32963 2.29701 1.14595 0.423176 0.132622 0.0469268 0.0213665 0.022785 0.0909373 0.358476 1.01354 2.01256 2.80322 2.75282 1.97834 1.27659 1.21497 1.68435 2.29831 2.90634 3.42361 3.43248 2.64266 
0.00178329 0.00707576 0.0245533 0.0710478 0.165686 0.319513 0.543225 0.835402 1.10925 1.19542 1.00858 0.656977 0.339469 0.192577 0.262044 0.521784 0.821275 0.926511 0.786309 0.695618 1.0739 2.0279 3.0837 3.61425 3.66275 3.75003 3.83125 3.33329 2.20276 1.05615 0.36335 0.091623 0.0190075 0.00541399 0.0111156 0.0574609 0.230396 0.651691 1.29343 1.80298 1.78789 1.37266 1.17149 1.62326 2.51502 3.25845 3.60034 3.66243 3.34271 2.46511 
0.00025629 0.00127877 0.00579401 0.0237723 0.0881293 0.280783 0.709284 1.33587 1.81944 1.77577 1.24987 0.654811 0.286264 0.147553 0.139207 0.200452 0.280141 0.309269 0.284917 0.350426 0.72995 1.50085 2.39672 3.05152 3.45911 3.75058 3.66977 2.91551 1.75881 0.7812 0.251843 0.0586494 0.0101359 0.00237134 0.0067061 0.0326323 0.120516 0.322329 0.617119 0.84386 0.848812 0.759392 0.982485 1.79794 2.90617 3.58382 3.50918 3.01904 2.40083 1.64584 
4.16478e-05 0.000332827 0.00269187 0.0186299 0.0990178 0.38313 1.05454 2.04589 2.78991 2.6797 1.84066 0.971922 0.505233 0.34783 0.268853 0.187014 0.125476 0.0944095 0.0913572 0.158021 0.385007 0.835031 1.47168 2.24044 3.09461 3.71484 3.56322 2.58157 1.3807 0.541847 0.156001 0.0331525 0.00591723 0.00387125 0.0133954 0.0463944 0.125474 0.254406 0.383886 0.435584 0.399364 0.413822 0.730825 1.49621 2.42643 2.88948 2.60003 1.92713 1.29786 0.795351 
6.83129e-05 0.000304591 0.00247311 0.0189449 0.106365 0.421356 1.17129 2.2835 3.1278 3.03637 2.17533 1.35407 1.02152 0.948196 0.777757 0.479047 0.223336 0.100556 0.0849494 0.136258 0.246519 0.449556 0.843251 1.5696 2.57956 3.3405 3.19844 2.20739 1.09189 0.38972 0.103129 0.0227802 0.00889072 0.0168866 0.0509626 0.145309 0.337559 0.587633 0.741636 0.682984 0.499786 0.406471 0.564282 0.994285 1.49486 1.6955 1.4327 0.946605 0.539387 0.284306 
0.000694828 0.0013199 0.00318251 0.0157258 0.0835001 0.330531 0.925139 1.8258 2.55865 2.61069 2.12807 1.78328 1.88156 2.01271 1.70649 1.06709 0.519834 0.273057 0.269673 0.37951 0.47603 0.512951 0.626455 1.04976 1.78374 2.3692 2.27242 1.54931 0.758432 0.282128 0.0956021 0.0418544 0.0376191 0.0734537 0.175235 0.408522 0.845706 1.39171 1.70129 1.53308 1.10694 0.819773 0.779821 0.846651 0.884503 0.809901 0.604051 0.356739 0.17445 0.0771856 
0.00608484 0.0104116 0.0132609 0.018253 0.0522291 0.191002 0.548378 1.14758 1.77193 2.11462 2.19047 2.38516 2.85889 3.1272 2.67855 1.75421 0.997064 0.702701 0.794016 1.06912 1.23714 1.09989 0.816462 0.739118 0.974058 1.23743 1.18957 0.843273 0.487792 0.294565 0.210753 0.157823 0.153425 0.258073 0.506089 0.938173 1.62643 2.44451 2.89266 2.62462 2.02017 1.671 1.57865 1.37069 0.957662 0.544261 0.267808 0.11773 0.0460543 0.0164992 
0.0376041 0.0639044 0.0763297 0.0665354 0.0573432 0.107323 0.313097 0.780521 1.50151 2.24359 2.74488 3.0759 3.42881 3.54879 3.06305 2.23748 1.65845 1.52844 1.76765 2.21077 2.43886 2.07113 1.31055 0.702818 0.48656 0.490613 0.49231 0.475057 0.535363 0.642788 0.645574 0.520868 0.464839 0.684321 1.1785 1.79941 2.49516 3.20436 3.53999 3.22288 2.71659 2.61474 2.68691 2.31064 1.47251 0.67892 0.231331 0.0618968 0.0144261 0.00331376 
0.162133 0.275411 0.327559 0.273819 0.168822 0.121588 0.257182 0.742248 1.66737 2.74773 3.40808 3.46029 3.2655 3.03271 2.6977 2.43763 2.46996 2.66653 2.92939 3.29596 3.41759 2.82104 1.71629 0.771903 0.307391 0.193744 0.266179 0.533279 1.01422 1.4759 1.55247 1.2377 1.00896 1.31907 2.09069 2.81608 3.18305 3.2975 3.19995 2.86639 2.68332 2.99144 3.30926 2.89599 1.83251 0.819698 0.258718 0.0581252 0.00954224 0.00122952 
0.487374 0.827861 0.984297 0.819803 0.484152 0.240925 0.272022 0.728327 1.68569 2.81556 3.41857 3.19047 2.57884 2.12097 2.03835 2.42706 3.0983 3.53823 3.59273 3.56666 3.40147 2.70924 1.61935 0.699191 0.232162 0.123614 0.284857 0.801527 1.68418 2.50748 2.64272 2.06957 1.55692 1.81558 2.7075 3.40348 3.34819 2.79891 2.23626 1.88695 1.95348 2.46731 2.87857 2.55488 1.62008 0.722658 0.226027 0.0495846 0.00765145 0.00083804 
1.02143 1.73502 2.0628 1.71715 1.00574 0.446086 0.292993 0.60011 1.34306 2.22677 2.69876 2.50213 1.95618 1.5354 1.56144 2.16374 3.01733 3.44619 3.2397 2.82523 2.42251 1.83353 1.07496 0.458718 0.151121 0.105541 0.324861 0.961729 2.03229 3.01905 3.16612 2.43757 1.70877 1.77674 2.50623 3.03313 2.76348 1.97355 1.26954 0.945927 1.04825 1.45419 1.75864 1.57564 1.00126 0.4467 0.139596 0.0305452 0.00468069 0.000502768 
1.49318 2.53631 3.0155 2.51038 1.46969 0.639337 0.341609 0.53113 1.06378 1.68964 2.1067 2.1925 2.00995 1.68327 1.48321 1.70713 2.20943 2.43673 2.15081 1.6672 1.26081 0.885439 0.503155 0.212945 0.0766876 0.0897684 0.313067 0.900958 1.84826 2.68183 2.75893 2.07425 1.36461 1.26734 1.681 1.97547 1.72423 1.11958 0.600516 0.372473 0.414693 0.611005 0.756746 0.682714 0.434909 0.194322 0.0608097 0.0133236 0.00204393 0.00021956 
1.52828 2.59574 3.08635 2.57183 1.5171 0.699595 0.468228 0.764132 1.36167 1.96536 2.41864 2.75363 2.84645 2.45786 1.77916 1.34128 1.30436 1.33323 1.15551 0.845751 0.564317 0.346696 0.180009 0.0743551 0.0395153 0.0979969 0.33791 0.871143 1.61419 2.14613 2.05402 1.4594 0.918684 0.806581 0.998124 1.10224 0.905224 0.542607 0.252806 0.12688 0.131744 0.202393 0.258667 0.238812 0.155579 0.0712252 0.0228995 0.00517092 0.000820278 9.14374e-05 
1.12875 1.91597 2.27879 1.9091 1.16799 0.665477 0.72057 1.33046 2.2293 2.98146 3.41916 3.72219 3.77852 3.18666 2.09333 1.18532 0.839468 0.860139 0.890668 0.754117 0.495835 0.250693 0.0981971 0.0344937 0.0399939 0.15521 0.50539 1.17232 1.9292 2.26155 1.91327 1.24778 0.836073 0.865315 1.05813 1.04743 0.762253 0.411438 0.178301 0.086172 0.0918964 0.154243 0.217185 0.220652 0.158074 0.0795476 0.0280959 0.00696226 0.00121015 0.000147506 
0.737036 1.24633 1.4839 1.27524 0.89668 0.783688 1.16515 2.03199 3.10941 3.90428 4.21143 4.2678 4.06086 3.26138 2.04326 1.09913 0.853847 1.14773 1.47832 1.4167 0.967046 0.466865 0.160183 0.0464722 0.0578835 0.234227 0.746015 1.67245 2.63329 2.92178 2.32808 1.49315 1.17931 1.4941 1.89678 1.83133 1.30575 0.730744 0.369838 0.224966 0.253947 0.422372 0.606219 0.631954 0.46393 0.238648 0.0859494 0.0216693 0.00382425 0.000472434 
0.763125 1.27991 1.52516 1.36843 1.15244 1.30656 1.89655 2.71618 3.52436 4.07724 4.28864 4.25043 3.84766 2.89813 1.72881 1.00409 1.09629 1.81749 2.48997 2.43945 1.67834 0.80912 0.274147 0.0735346 0.0685107 0.263762 0.83495 1.85915 2.90094 3.18352 2.52105 1.68816 1.56687 2.2297 2.92043 2.89053 2.20148 1.43452 0.907787 0.635209 0.672243 1.04346 1.47398 1.53404 1.12702 0.58033 0.209202 0.0527867 0.00932257 0.00115239 
1.19587 1.99819 2.3787 2.15741 1.8827 2.14685 2.81346 3.32863 3.51514 3.63713 3.89454 4.07979 3.70672 2.6543 1.48779 0.91366 1.23307 2.20883 3.06805 3.01536 2.07672 1.00131 0.338665 0.0868927 0.0590644 0.209731 0.661671 1.4715 2.29286 2.51509 2.01131 1.44079 1.55771 2.4078 3.26244 3.41753 2.96202 2.38367 1.83707 1.36799 1.30047 1.83518 2.52887 2.62048 1.9239 0.990593 0.357105 0.0901088 0.0159144 0.00196727 
1.6047 2.67908 3.18479 2.87642 2.47253 2.72098 3.35095 3.54928 3.19284 2.95427 3.27827 3.73061 3.50539 2.46712 1.31643 0.770297 1.05016 1.90311 2.64992 2.60569 1.79482 0.865407 0.292462 0.0728998 0.0368172 0.116666 0.366558 0.814978 1.26994 1.39586 1.13473 0.884892 1.11102 1.8471 2.6363 3.07101 3.22928 3.22586 2.84436 2.15337 1.81718 2.27867 3.03305 3.12309 2.29052 1.17916 0.425072 0.107259 0.0189434 0.0023417 
1.54547 2.57934 3.06221 2.74967 2.31844 2.47388 2.95132 2.97472 2.45498 2.10031 2.37689 2.85337 2.74977 1.93286 1.00314 0.530593 0.646758 1.14867 1.597 1.57024 1.0816 0.521508 0.176153 0.0430835 0.0166912 0.0453608 0.141645 0.314881 0.490857 0.541281 0.450051 0.388982 0.566094 1.01665 1.58853 2.19571 2.88309 3.40199 3.23258 2.43504 1.83348 2.00415 2.54444 2.59635 1.90134 0.978573 0.352749 0.0890088 0.0157202 0.00194326 
