596.831 596.831 596.831 596.831 596.831 596.831 397.887 397.887 397.887 397.887 397.887 397.887 397.887 198.944 0 0 0 0 198.944 198.944 198.944 198.944 198.944 397.887 397.887 397.887 397.887 596.831 795.775 795.775 795.775 596.831 596.831 795.775 795.775 596.831 596.831 397.887 596.831 795.775 795.775 596.831 596.831 795.775 596.831 596.831 596.831 596.831 397.887 397.887 
596.831 596.831 596.831 596.831 596.831 596.831 397.887 397.887 596.831 596.831 397.887 397.887 397.887 198.944 198.944 198.944 0 0 198.944 198.944 198.944 198.944 198.944 596.831 596.831 596.831 795.775 795.775 795.775 795.775 795.775 596.831 596.831 795.775 795.775 795.775 596.831 795.775 596.831 795.775 795.775 596.831 596.831 795.775 596.831 795.775 795.775 795.775 795.775 596.831 
596.831 596.831 596.831 596.831 596.831 596.831 596.831 596.831 596.831 397.887 397.887 397.887 397.887 198.944 198.944 198.944 198.944 0 198.944 198.944 198.944 397.887 397.887 596.831 596.831 596.831 795.775 795.775 994.718 994.718 795.775 596.831 994.718 994.718 994.718 994.718 795.775 795.775 596.831 795.775 795.775 596.831 596.831 795.775 994.718 795.775 795.775 795.775 795.775 596.831 
596.831 596.831 596.831 596.831 596.831 596.831 994.718 795.775 795.775 397.887 397.887 397.887 397.887 198.944 198.944 198.944 397.887 397.887 397.887 198.944 397.887 397.887 397.887 596.831 596.831 596.831 795.775 994.718 1193.66 1193.66 1193.66 795.775 994.718 994.718 994.718 994.718 795.775 994.718 994.718 596.831 795.775 596.831 596.831 994.718 994.718 795.775 795.775 795.775 795.775 795.775 
596.831 596.831 596.831 795.775 795.775 795.775 994.718 795.775 596.831 596.831 596.831 397.887 397.887 198.944 397.887 397.887 397.887 397.887 198.944 397.887 596.831 596.831 397.887 596.831 596.831 994.718 994.718 994.718 994.718 1392.61 1392.61 1193.66 994.718 994.718 994.718 994.718 994.718 994.718 994.718 795.775 994.718 795.775 795.775 1193.66 994.718 795.775 795.775 795.775 795.775 795.775 
596.831 596.831 994.718 795.775 795.775 994.718 994.718 795.775 596.831 596.831 596.831 596.831 397.887 397.887 397.887 397.887 397.887 397.887 397.887 596.831 596.831 596.831 596.831 596.831 795.775 994.718 994.718 994.718 994.718 1392.61 1193.66 1193.66 1193.66 994.718 994.718 795.775 994.718 994.718 1193.66 994.718 795.775 795.775 994.718 994.718 1193.66 994.718 994.718 994.718 994.718 994.718 
596.831 795.775 994.718 994.718 994.718 1193.66 795.775 596.831 596.831 596.831 596.831 596.831 596.831 397.887 397.887 397.887 397.887 397.887 397.887 397.887 596.831 596.831 596.831 994.718 795.775 795.775 994.718 994.718 1193.66 1193.66 1392.61 1392.61 1392.61 1392.61 1392.61 994.718 994.718 1392.61 1392.61 994.718 795.775 596.831 795.775 994.718 1193.66 1193.66 1193.66 994.718 994.718 795.775 
397.887 596.831 994.718 994.718 795.775 994.718 994.718 596.831 596.831 596.831 596.831 596.831 596.831 596.831 397.887 397.887 397.887 397.887 397.887 397.887 596.831 596.831 994.718 994.718 994.718 994.718 1193.66 795.775 1193.66 1193.66 1193.66 1392.61 1591.55 1591.55 1392.61 1193.66 1392.61 1392.61 1193.66 994.718 994.718 596.831 795.775 795.775 795.775 795.775 994.718 994.718 795.775 596.831 
397.887 596.831 596.831 795.775 795.775 795.775 795.775 795.775 596.831 596.831 596.831 596.831 596.831 596.831 397.887 397.887 397.887 397.887 198.944 596.831 596.831 596.831 795.775 795.775 596.831 596.831 994.718 1193.66 1193.66 1193.66 1193.66 1392.61 1193.66 1392.61 1392.61 1193.66 1193.66 1193.66 994.718 994.718 994.718 795.775 795.775 994.718 795.775 795.775 994.718 994.718 795.775 596.831 
397.887 596.831 596.831 795.775 994.718 795.775 994.718 795.775 795.775 397.887 397.887 596.831 596.831 596.831 596.831 596.831 596.831 397.887 596.831 795.775 795.775 596.831 795.775 795.775 596.831 596.831 795.775 994.718 1392.61 1193.66 994.718 1392.61 1193.66 1193.66 1193.66 1193.66 1193.66 994.718 994.718 994.718 994.718 795.775 994.718 994.718 994.718 1193.66 994.718 994.718 596.831 596.831 
397.887 795.775 795.775 795.775 596.831 596.831 795.775 795.775 795.775 397.887 397.887 596.831 795.775 795.775 596.831 596.831 795.775 994.718 795.775 596.831 795.775 795.775 994.718 994.718 596.831 596.831 795.775 795.775 1193.66 1392.61 1392.61 1392.61 1193.66 1193.66 1193.66 1392.61 994.718 994.718 795.775 994.718 1193.66 994.718 994.718 994.718 1193.66 1193.66 1193.66 994.718 795.775 596.831 
397.887 596.831 596.831 596.831 596.831 596.831 596.831 795.775 795.775 596.831 397.887 795.775 795.775 795.775 596.831 795.775 795.775 795.775 795.775 795.775 994.718 795.775 994.718 994.718 795.775 795.775 795.775 795.775 994.718 1193.66 1193.66 1193.66 1193.66 994.718 994.718 994.718 994.718 994.718 795.775 795.775 795.775 596.831 994.718 1193.66 1193.66 994.718 994.718 994.718 994.718 596.831 
397.887 596.831 596.831 596.831 596.831 596.831 596.831 596.831 795.775 596.831 795.775 596.831 795.775 795.775 795.775 596.831 596.831 795.775 795.775 795.775 795.775 795.775 994.718 994.718 795.775 795.775 795.775 994.718 994.718 1193.66 994.718 994.718 994.718 994.718 994.718 994.718 994.718 994.718 994.718 795.775 596.831 596.831 795.775 795.775 795.775 994.718 994.718 994.718 795.775 795.775 
596.831 596.831 795.775 795.775 795.775 596.831 596.831 596.831 596.831 596.831 596.831 397.887 596.831 596.831 596.831 596.831 596.831 795.775 795.775 795.775 795.775 795.775 596.831 795.775 795.775 994.718 994.718 1193.66 1193.66 994.718 1193.66 994.718 994.718 994.718 795.775 795.775 994.718 994.718 1193.66 596.831 596.831 596.831 795.775 795.775 795.775 795.775 994.718 994.718 795.775 795.775 
596.831 596.831 596.831 795.775 795.775 795.775 596.831 596.831 596.831 596.831 596.831 596.831 198.944 596.831 596.831 596.831 596.831 795.775 795.775 795.775 795.775 994.718 795.775 596.831 795.775 795.775 994.718 994.718 994.718 994.718 994.718 994.718 1392.61 1193.66 994.718 994.718 1193.66 1392.61 795.775 596.831 596.831 596.831 795.775 795.775 795.775 795.775 795.775 795.775 596.831 596.831 
596.831 596.831 596.831 596.831 795.775 795.775 795.775 596.831 397.887 596.831 596.831 397.887 198.944 397.887 596.831 596.831 596.831 795.775 795.775 994.718 994.718 994.718 596.831 596.831 795.775 994.718 1193.66 994.718 994.718 994.718 1193.66 1193.66 994.718 994.718 795.775 795.775 795.775 1193.66 994.718 795.775 596.831 596.831 795.775 596.831 795.775 795.775 795.775 596.831 596.831 596.831 
596.831 596.831 596.831 596.831 596.831 596.831 596.831 795.775 198.944 397.887 596.831 596.831 198.944 397.887 397.887 397.887 596.831 596.831 994.718 795.775 795.775 795.775 596.831 795.775 795.775 795.775 795.775 1193.66 994.718 795.775 795.775 994.718 994.718 994.718 994.718 795.775 795.775 795.775 994.718 795.775 795.775 596.831 596.831 596.831 596.831 795.775 596.831 596.831 596.831 596.831 
596.831 596.831 596.831 596.831 596.831 596.831 596.831 596.831 397.887 596.831 596.831 596.831 397.887 596.831 596.831 397.887 397.887 596.831 795.775 795.775 795.775 795.775 596.831 795.775 795.775 795.775 795.775 795.775 795.775 795.775 795.775 795.775 994.718 994.718 994.718 795.775 596.831 795.775 795.775 596.831 596.831 397.887 397.887 397.887 596.831 596.831 596.831 795.775 795.775 795.775 
596.831 596.831 596.831 596.831 596.831 397.887 596.831 596.831 397.887 596.831 596.831 397.887 397.887 596.831 596.831 596.831 397.887 596.831 596.831 795.775 795.775 795.775 596.831 795.775 795.775 795.775 795.775 596.831 596.831 795.775 795.775 795.775 795.775 994.718 994.718 795.775 596.831 596.831 795.775 596.831 397.887 397.887 198.944 596.831 596.831 596.831 596.831 596.831 596.831 596.831 
397.887 397.887 397.887 397.887 397.887 596.831 596.831 596.831 397.887 397.887 596.831 397.887 397.887 397.887 596.831 596.831 596.831 596.831 596.831 596.831 596.831 596.831 795.775 795.775 795.775 397.887 397.887 596.831 795.775 795.775 596.831 596.831 596.831 596.831 596.831 795.775 596.831 596.831 596.831 596.831 596.831 397.887 397.887 397.887 596.831 596.831 596.831 596.831 795.775 596.831 
397.887 596.831 596.831 596.831 596.831 795.775 596.831 596.831 397.887 397.887 198.944 397.887 397.887 397.887 397.887 596.831 795.775 596.831 596.831 596.831 596.831 397.887 596.831 596.831 397.887 397.887 397.887 397.887 795.775 994.718 795.775 795.775 795.775 795.775 795.775 795.775 596.831 596.831 397.887 596.831 596.831 795.775 397.887 397.887 397.887 596.831 795.775 795.775 795.775 596.831 
397.887 397.887 596.831 596.831 596.831 795.775 795.775 795.775 198.944 198.944 198.944 198.944 397.887 397.887 397.887 397.887 795.775 795.775 596.831 397.887 397.887 397.887 397.887 397.887 397.887 397.887 397.887 596.831 596.831 994.718 795.775 795.775 795.775 994.718 994.718 994.718 596.831 397.887 397.887 397.887 596.831 994.718 795.775 596.831 795.775 795.775 795.775 596.831 397.887 397.887 
397.887 397.887 397.887 397.887 795.775 795.775 795.775 795.775 596.831 198.944 198.944 198.944 198.944 198.944 397.887 397.887 397.887 397.887 198.944 397.887 198.944 198.944 198.944 397.887 397.887 397.887 596.831 596.831 596.831 795.775 596.831 795.775 994.718 994.718 795.775 596.831 596.831 397.887 397.887 397.887 596.831 596.831 596.831 795.775 596.831 596.831 596.831 596.831 596.831 596.831 
397.887 397.887 596.831 596.831 795.775 795.775 795.775 795.775 795.775 596.831 397.887 397.887 397.887 397.887 198.944 397.887 397.887 596.831 397.887 198.944 198.944 198.944 198.944 198.944 397.887 596.831 596.831 596.831 596.831 596.831 596.831 596.831 795.775 795.775 795.775 596.831 596.831 397.887 397.887 596.831 795.775 596.831 596.831 795.775 596.831 596.831 596.831 596.831 596.831 596.831 
397.887 596.831 596.831 596.831 596.831 795.775 795.775 795.775 795.775 795.775 596.831 397.887 397.887 596.831 596.831 397.887 397.887 397.887 397.887 397.887 397.887 198.944 198.944 198.944 397.887 596.831 596.831 596.831 596.831 397.887 596.831 795.775 795.775 795.775 596.831 596.831 596.831 596.831 596.831 795.775 596.831 795.775 596.831 795.775 795.775 596.831 596.831 596.831 596.831 596.831 
596.831 596.831 596.831 596.831 397.887 795.775 795.775 795.775 795.775 795.775 596.831 596.831 596.831 596.831 596.831 596.831 397.887 198.944 397.887 397.887 397.887 397.887 397.887 397.887 397.887 596.831 795.775 795.775 596.831 596.831 397.887 795.775 795.775 596.831 596.831 596.831 795.775 795.775 795.775 596.831 596.831 795.775 994.718 994.718 795.775 596.831 795.775 795.775 795.775 795.775 
397.887 397.887 397.887 397.887 596.831 795.775 795.775 795.775 795.775 795.775 596.831 596.831 795.775 596.831 596.831 596.831 596.831 198.944 198.944 198.944 596.831 596.831 596.831 596.831 596.831 795.775 795.775 397.887 397.887 397.887 397.887 397.887 397.887 596.831 596.831 795.775 795.775 596.831 596.831 596.831 596.831 795.775 994.718 994.718 1193.66 795.775 795.775 795.775 795.775 795.775 
397.887 397.887 397.887 397.887 596.831 596.831 795.775 795.775 795.775 795.775 596.831 795.775 795.775 596.831 596.831 596.831 397.887 198.944 397.887 397.887 397.887 397.887 596.831 795.775 397.887 596.831 596.831 596.831 397.887 397.887 397.887 397.887 397.887 397.887 596.831 596.831 596.831 596.831 596.831 596.831 596.831 596.831 795.775 1392.61 1193.66 1193.66 994.718 994.718 795.775 795.775 
397.887 397.887 397.887 397.887 596.831 596.831 596.831 795.775 795.775 795.775 596.831 795.775 795.775 596.831 596.831 397.887 397.887 397.887 397.887 397.887 397.887 596.831 596.831 596.831 397.887 596.831 596.831 596.831 596.831 397.887 397.887 397.887 596.831 397.887 596.831 596.831 596.831 596.831 596.831 596.831 596.831 795.775 795.775 1392.61 1193.66 1193.66 994.718 994.718 994.718 994.718 
397.887 397.887 397.887 397.887 596.831 596.831 795.775 795.775 795.775 994.718 795.775 994.718 795.775 397.887 397.887 397.887 397.887 397.887 397.887 397.887 397.887 596.831 795.775 795.775 596.831 795.775 795.775 795.775 795.775 397.887 397.887 397.887 397.887 596.831 596.831 596.831 596.831 397.887 397.887 596.831 795.775 795.775 994.718 994.718 994.718 1193.66 1193.66 994.718 994.718 994.718 
397.887 397.887 397.887 397.887 795.775 795.775 795.775 795.775 795.775 596.831 596.831 795.775 795.775 596.831 397.887 397.887 397.887 397.887 397.887 397.887 596.831 795.775 795.775 795.775 596.831 596.831 795.775 795.775 795.775 795.775 596.831 397.887 397.887 596.831 596.831 596.831 596.831 397.887 397.887 795.775 795.775 795.775 795.775 795.775 994.718 994.718 994.718 795.775 795.775 795.775 
397.887 397.887 397.887 596.831 795.775 795.775 795.775 795.775 596.831 596.831 596.831 795.775 596.831 596.831 397.887 397.887 596.831 397.887 397.887 397.887 795.775 795.775 795.775 795.775 596.831 596.831 596.831 795.775 795.775 795.775 596.831 397.887 397.887 596.831 397.887 596.831 397.887 397.887 397.887 596.831 795.775 596.831 795.775 795.775 795.775 994.718 994.718 795.775 795.775 795.775 
198.944 397.887 397.887 596.831 596.831 795.775 795.775 596.831 596.831 596.831 795.775 994.718 795.775 795.775 795.775 596.831 596.831 397.887 397.887 397.887 795.775 795.775 795.775 596.831 596.831 596.831 596.831 596.831 795.775 795.775 596.831 596.831 397.887 596.831 198.944 198.944 397.887 397.887 397.887 596.831 596.831 795.775 795.775 795.775 795.775 795.775 596.831 795.775 795.775 596.831 
0 0 397.887 397.887 397.887 596.831 596.831 596.831 596.831 795.775 795.775 596.831 795.775 795.775 795.775 596.831 397.887 596.831 397.887 795.775 795.775 994.718 994.718 596.831 596.831 596.831 596.831 596.831 596.831 596.831 397.887 397.887 198.944 0 397.887 397.887 397.887 397.887 397.887 596.831 795.775 795.775 994.718 994.718 994.718 795.775 596.831 397.887 397.887 397.887 
0 0 198.944 397.887 397.887 397.887 596.831 795.775 994.718 795.775 795.775 795.775 994.718 994.718 795.775 596.831 596.831 994.718 795.775 795.775 795.775 994.718 795.775 795.775 795.775 596.831 596.831 596.831 596.831 397.887 397.887 397.887 397.887 397.887 596.831 596.831 596.831 596.831 397.887 795.775 795.775 795.775 994.718 994.718 795.775 596.831 596.831 397.887 397.887 397.887 
0 0 198.944 198.944 198.944 198.944 397.887 596.831 795.775 795.775 795.775 795.775 795.775 596.831 994.718 795.775 795.775 994.718 994.718 1193.66 994.718 596.831 795.775 795.775 795.775 795.775 596.831 795.775 795.775 596.831 596.831 596.831 795.775 397.887 397.887 596.831 596.831 596.831 795.775 994.718 795.775 795.775 795.775 994.718 994.718 596.831 596.831 596.831 397.887 397.887 
0 198.944 397.887 397.887 198.944 397.887 397.887 596.831 596.831 596.831 596.831 596.831 795.775 795.775 795.775 795.775 596.831 795.775 795.775 994.718 795.775 795.775 795.775 795.775 795.775 795.775 795.775 795.775 596.831 596.831 795.775 795.775 596.831 596.831 596.831 397.887 397.887 795.775 795.775 994.718 994.718 795.775 795.775 596.831 795.775 596.831 596.831 596.831 596.831 397.887 
198.944 198.944 198.944 397.887 596.831 596.831 397.887 596.831 596.831 596.831 596.831 596.831 795.775 795.775 994.718 795.775 795.775 596.831 596.831 795.775 795.775 795.775 795.775 596.831 795.775 994.718 994.718 596.831 596.831 596.831 596.831 596.831 596.831 596.831 596.831 397.887 596.831 596.831 596.831 596.831 795.775 596.831 596.831 596.831 596.831 596.831 596.831 596.831 596.831 397.887 
198.944 198.944 198.944 397.887 596.831 596.831 596.831 596.831 596.831 596.831 596.831 994.718 994.718 994.718 1193.66 795.775 795.775 596.831 596.831 596.831 596.831 795.775 795.775 596.831 795.775 596.831 596.831 397.887 397.887 596.831 596.831 596.831 596.831 596.831 596.831 596.831 596.831 596.831 596.831 596.831 596.831 795.775 596.831 596.831 596.831 397.887 397.887 397.887 397.887 198.944 
198.944 198.944 198.944 198.944 596.831 596.831 596.831 994.718 795.775 994.718 994.718 1193.66 994.718 994.718 994.718 994.718 994.718 596.831 596.831 596.831 397.887 596.831 596.831 596.831 596.831 596.831 596.831 397.887 397.887 596.831 596.831 397.887 596.831 596.831 596.831 596.831 795.775 596.831 596.831 596.831 596.831 596.831 596.831 596.831 596.831 397.887 397.887 397.887 198.944 0 
198.944 198.944 198.944 198.944 397.887 795.775 795.775 994.718 1193.66 994.718 994.718 1193.66 1193.66 994.718 994.718 994.718 994.718 795.775 596.831 596.831 397.887 397.887 596.831 795.775 596.831 596.831 795.775 596.831 596.831 795.775 596.831 596.831 596.831 596.831 596.831 596.831 795.775 596.831 596.831 596.831 596.831 596.831 397.887 397.887 397.887 198.944 198.944 198.944 198.944 0 
198.944 198.944 198.944 198.944 596.831 596.831 795.775 994.718 1193.66 994.718 994.718 994.718 994.718 994.718 1193.66 994.718 1193.66 994.718 994.718 596.831 596.831 596.831 397.887 596.831 596.831 795.775 795.775 596.831 397.887 596.831 596.831 795.775 795.775 994.718 795.775 795.775 994.718 795.775 596.831 596.831 596.831 596.831 397.887 397.887 397.887 198.944 198.944 198.944 198.944 0 
198.944 397.887 397.887 397.887 596.831 795.775 795.775 994.718 994.718 994.718 994.718 1193.66 1193.66 1193.66 1193.66 1193.66 1193.66 994.718 994.718 596.831 596.831 596.831 596.831 397.887 596.831 596.831 596.831 397.887 397.887 596.831 795.775 795.775 795.775 994.718 994.718 795.775 795.775 795.775 795.775 795.775 795.775 795.775 596.831 596.831 397.887 397.887 198.944 198.944 198.944 0 
397.887 397.887 397.887 795.775 795.775 994.718 994.718 994.718 1193.66 994.718 1193.66 1193.66 1193.66 1193.66 1392.61 1591.55 994.718 994.718 795.775 596.831 596.831 596.831 596.831 795.775 596.831 596.831 397.887 397.887 397.887 795.775 795.775 795.775 795.775 795.775 994.718 994.718 994.718 994.718 994.718 1193.66 994.718 795.775 596.831 397.887 397.887 397.887 397.887 397.887 0 0 
397.887 397.887 596.831 795.775 795.775 994.718 1193.66 1193.66 1193.66 994.718 994.718 994.718 1193.66 1392.61 1392.61 1392.61 994.718 795.775 795.775 795.775 596.831 596.831 596.831 596.831 795.775 397.887 397.887 397.887 397.887 596.831 795.775 795.775 795.775 795.775 994.718 994.718 795.775 795.775 1193.66 1193.66 1193.66 596.831 397.887 397.887 397.887 397.887 397.887 198.944 198.944 0 
397.887 596.831 596.831 795.775 795.775 795.775 1392.61 1392.61 1193.66 994.718 994.718 994.718 1193.66 1193.66 994.718 994.718 795.775 994.718 795.775 596.831 596.831 596.831 397.887 596.831 397.887 397.887 397.887 397.887 596.831 596.831 596.831 795.775 795.775 994.718 994.718 795.775 596.831 795.775 795.775 795.775 795.775 596.831 596.831 397.887 397.887 397.887 198.944 198.944 198.944 0 
397.887 596.831 596.831 795.775 795.775 795.775 1193.66 1193.66 1193.66 994.718 994.718 994.718 1193.66 994.718 994.718 994.718 795.775 795.775 596.831 397.887 596.831 198.944 198.944 397.887 397.887 397.887 397.887 397.887 596.831 596.831 596.831 596.831 994.718 994.718 994.718 795.775 596.831 795.775 795.775 596.831 596.831 596.831 397.887 397.887 198.944 198.944 198.944 198.944 198.944 198.944 
596.831 596.831 596.831 795.775 795.775 994.718 994.718 994.718 994.718 795.775 795.775 795.775 994.718 994.718 795.775 994.718 795.775 795.775 795.775 198.944 198.944 198.944 198.944 397.887 397.887 397.887 198.944 397.887 596.831 596.831 596.831 596.831 795.775 596.831 596.831 596.831 397.887 596.831 596.831 596.831 596.831 596.831 397.887 397.887 198.944 198.944 198.944 198.944 198.944 198.944 
596.831 596.831 596.831 795.775 795.775 994.718 795.775 994.718 994.718 795.775 795.775 795.775 994.718 994.718 795.775 795.775 596.831 596.831 397.887 198.944 198.944 198.944 198.944 397.887 397.887 397.887 198.944 198.944 397.887 397.887 397.887 596.831 596.831 596.831 596.831 596.831 596.831 596.831 596.831 596.831 596.831 397.887 397.887 397.887 397.887 198.944 198.944 198.944 198.944 198.944 
397.887 596.831 596.831 596.831 596.831 795.775 795.775 795.775 994.718 795.775 795.775 795.775 795.775 994.718 795.775 596.831 596.831 596.831 397.887 198.944 198.944 198.944 198.944 397.887 397.887 198.944 198.944 198.944 198.944 397.887 397.887 596.831 596.831 596.831 596.831 397.887 397.887 596.831 596.831 596.831 596.831 397.887 397.887 397.887 397.887 198.944 198.944 198.944 198.944 198.944 
