0
0.000128419
0.000256839
0.000385258
0.000513678
0.000642097
0.000770517
0.000898936
0.00102736
0.00115578
0.00128419
0.00141261
0.00154103
0.00166945
0.00179787
0.00192629
0.00205471
0.00218313
0.00231155
0.00243997
0.00256839
0.00269681
0.00282523
0.00295365
0.00308207
0.00321049
0.00333891
0.00346733
0.00359575
0.00372416
0.00385258
0.003981
0.00410942
0.00423784
0.00436626
0.00449468
0.0046231
0.00475152
0.00487994
0.00500836
0.00513678
0.0052652
0.00539362
0.00552204
0.00565046
0.00577888
0.0059073
0.00603572
0.00616414
0.00629255
0.00642097
0.00654939
0.00667781
0.00680623
0.00693465
0.00706307
0.00719149
0.00731991
0.00744833
0.00757675
0.00770517
0.00783359
0.00796201
0.00809043
0.00821885
0.00834727
0.00847569
0.00860411
0.00873252
0.00886094
0.00898936
0.00911778
0.0092462
0.00937462
0.00950304
0.00963146
0.00975988
0.0098883
0.0100167
0.0101451
0.0102736
0.010402
0.0105304
0.0106588
0.0107872
0.0109157
0.0110441
0.0111725
0.0113009
0.0114293
0.0115578
0.0116862
0.0118146
0.011943
0.0120714
0.0121999
0.0123283
0.0124567
0.0125851
0.0127135
0.0128419
0.0129704
0.0130988
0.0132272
0.0133556
0.013484
0.0136125
0.0137409
0.0138693
0.0139977
0.0141261
0.0142546
0.014383
0.0145114
0.0146398
0.0147682
0.0148967
0.0150251
0.0151535
0.0152819
0.0154103
0.0155388
0.0156672
0.0157956
0.015924
0.0160524
0.0161809
0.0163093
0.0164377
0.0165661
0.0166945
0.016823
0.0169514
0.0170798
0.0172082
0.0173366
0.017465
0.0175935
0.0177219
0.0178503
0.0179787
0.0181071
0.0182356
0.018364
0.0184924
0.0186208
0.0187492
0.0188777
0.0190061
0.0191345
0.0192629
0.0193913
0.0195198
0.0196482
0.0197766
0.019905
0.0200334
0.0201619
0.0202903
0.0204187
0.0205471
0.0206755
0.020804
0.0209324
0.0210608
0.0211892
0.0213176
0.0214461
0.0215745
0.0217029
0.0218313
0.0219597
0.0220882
0.0222166
0.022345
0.0224734
0.0226018
0.0227302
0.0228587
0.0229871
0.0231155
0.0232439
0.0233723
0.0235008
0.0236292
0.0237576
0.023886
0.0240144
0.0241429
0.0242713
0.0243997
0.0245281
0.0246565
0.024785
0.0249134
0.0250418
0.0251702
0.0252986
0.0254271
0.0255555
0.0256839
0.0258123
0.0259407
0.0260692
0.0261976
0.026326
0.0264544
0.0265828
0.0267113
0.0268397
0.0269681
0.0270965
0.0272249
0.0273533
0.0274818
0.0276102
0.0277386
0.027867
0.0279954
0.0281239
0.0282523
0.0283807
0.0285091
0.0286375
0.028766
0.0288944
0.0290228
0.0291512
0.0292796
0.0294081
0.0295365
0.0296649
0.0297933
0.0299217
0.0300502
0.0301786
0.030307
0.0304354
0.0305638
0.0306923
0.0308207
0.0309491
0.0310775
0.0312059
0.0313344
0.0314628
0.0315912
0.0317196
0.031848
0.0319765
0.0321049
0.0322333
0.0323617
0.0324901
0.0326185
0.032747
0.0328754
0.0330038
0.0331322
0.0332606
0.0333891
0.0335175
0.0336459
0.0337743
0.0339027
0.0340312
0.0341596
0.034288
0.0344164
0.0345448
0.0346733
0.0348017
0.0349301
0.0350585
0.0351869
0.0353154
0.0354438
0.0355722
0.0357006
0.035829
0.0359575
0.0360859
0.0362143
0.0363427
0.0364711
0.0365996
0.036728
0.0368564
0.0369848
0.0371132
0.0372416
0.0373701
0.0374985
0.0376269
0.0377553
0.0378837
0.0380122
0.0381406
0.038269
0.0383974
0.0385258
0.0386543
0.0387827
0.0389111
0.0390395
0.0391679
0.0392964
0.0394248
0.0395532
0.0396816
0.03981
0.0399385
0.0400669
0.0401953
0.0403237
0.0404521
0.0405806
0.040709
0.0408374
0.0409658
0.0410942
0.0412227
0.0413511
0.0414795
0.0416079
0.0417363
0.0418648
0.0419932
0.0421216
0.04225
0.0423784
0.0425068
0.0426353
0.0427637
0.0428921
0.0430205
0.0431489
0.0432774
0.0434058
0.0435342
0.0436626
0.043791
0.0439195
0.0440479
0.0441763
0.0443047
0.0444331
0.0445616
0.04469
0.0448184
0.0449468
0.0450752
0.0452037
0.0453321
0.0454605
0.0455889
0.0457173
0.0458458
0.0459742
0.0461026
0.046231
0.0463594
0.0464879
0.0466163
0.0467447
0.0468731
0.0470015
0.0471299
0.0472584
0.0473868
0.0475152
0.0476436
0.047772
0.0479005
0.0480289
0.0481573
0.0482857
0.0484141
0.0485426
0.048671
0.0487994
0.0489278
0.0490562
0.0491847
0.0493131
0.0494415
0.0495699
0.0496983
0.0498268
0.0499552
0.0500836
0.050212
0.0503404
0.0504689
0.0505973
0.0507257
0.0508541
0.0509825
0.051111
0.0512394
0.0513678
0.0514962
0.0516246
0.0517531
0.0518815
0.0520099
0.0521383
0.0522667
0.0523951
0.0525236
0.052652
0.0527804
0.0529088
0.0530372
0.0531657
0.0532941
0.0534225
0.0535509
0.0536793
0.0538078
0.0539362
0.0540646
0.054193
0.0543214
0.0544499
0.0545783
0.0547067
0.0548351
0.0549635
0.055092
0.0552204
0.0553488
0.0554772
0.0556056
0.0557341
0.0558625
0.0559909
0.0561193
0.0562477
0.0563762
0.0565046
0.056633
0.0567614
0.0568898
0.0570182
0.0571467
0.0572751
0.0574035
0.0575319
0.0576603
0.0577888
0.0579172
0.0580456
0.058174
0.0583024
0.0584309
0.0585593
0.0586877
0.0588161
0.0589445
0.059073
0.0592014
0.0593298
0.0594582
0.0595866
0.0597151
0.0598435
0.0599719
0.0601003
0.0602287
0.0603572
0.0604856
0.060614
0.0607424
0.0608708
0.0609993
0.0611277
0.0612561
0.0613845
0.0615129
0.0616414
0.0617698
0.0618982
0.0620266
0.062155
0.0622834
0.0624119
0.0625403
0.0626687
0.0627971
0.0629255
0.063054
0.0631824
0.0633108
0.0634392
0.0635676
0.0636961
0.0638245
0.0639529
0.0640813
0.0642097
0.0643382
0.0644666
0.064595
0.0647234
0.0648518
0.0649803
0.0651087
0.0652371
0.0653655
0.0654939
0.0656224
0.0657508
