0
0.00048143
0.000962859
0.00144429
0.00192572
0.00240715
0.00288858
0.00337001
0.00385144
0.00433287
0.0048143
0.00529573
0.00577716
0.00625859
0.00674002
0.00722145
0.00770288
0.0081843
0.00866573
0.00914716
0.00962859
0.01011
0.0105915
0.0110729
0.0115543
0.0120357
0.0125172
0.0129986
0.01348
0.0139615
0.0144429
0.0149243
0.0154058
0.0158872
0.0163686
0.01685
0.0173315
0.0178129
0.0182943
0.0187758
0.0192572
0.0197386
0.02022
0.0207015
0.0211829
0.0216643
0.0221458
0.0226272
0.0231086
0.0235901
0.0240715
0.0245529
0.0250343
0.0255158
0.0259972
0.0264786
0.0269601
0.0274415
0.0279229
0.0284044
0.0288858
0.0293672
0.0298486
0.0303301
0.0308115
0.0312929
0.0317744
0.0322558
0.0327372
0.0332186
0.0337001
0.0341815
0.0346629
0.0351444
0.0356258
0.0361072
0.0365887
0.0370701
0.0375515
0.0380329
0.0385144
0.0389958
0.0394772
0.0399587
0.0404401
0.0409215
0.041403
0.0418844
0.0423658
0.0428472
0.0433287
0.0438101
0.0442915
0.044773
0.0452544
0.0457358
0.0462173
0.0466987
0.0471801
0.0476615
0.048143
0.0486244
0.0491058
0.0495873
0.0500687
0.0505501
0.0510315
0.051513
0.0519944
0.0524758
0.0529573
0.0534387
0.0539201
0.0544016
0.054883
0.0553644
0.0558458
0.0563273
0.0568087
0.0572901
0.0577716
0.058253
0.0587344
0.0592159
0.0596973
0.0601787
0.0606601
0.0611416
0.061623
0.0621044
0.0625859
0.0630673
0.0635487
0.0640301
0.0645116
0.064993
0.0654744
0.0659559
0.0664373
0.0669187
0.0674002
0.0678816
0.068363
0.0688444
0.0693259
0.0698073
0.0702887
0.0707702
0.0712516
0.071733
0.0722145
0.0726959
0.0731773
0.0736587
0.0741402
0.0746216
0.075103
0.0755845
0.0760659
0.0765473
0.0770288
0.0775102
0.0779916
0.078473
0.0789545
0.0794359
0.0799173
0.0803988
0.0808802
0.0813616
0.081843
0.0823245
0.0828059
0.0832873
0.0837688
0.0842502
0.0847316
0.0852131
0.0856945
0.0861759
0.0866573
0.0871388
0.0876202
0.0881016
0.0885831
0.0890645
0.0895459
0.0900274
0.0905088
0.0909902
0.0914716
0.0919531
0.0924345
0.0929159
0.0933974
0.0938788
0.0943602
0.0948416
0.0953231
0.0958045
0.0962859
0.0967674
0.0972488
0.0977302
0.0982117
0.0986931
0.0991745
0.0996559
0.100137
0.100619
0.1011
0.101582
0.102063
0.102545
0.103026
0.103507
0.103989
0.10447
0.104952
0.105433
0.105915
0.106396
0.106877
0.107359
0.10784
0.108322
0.108803
0.109285
0.109766
0.110247
0.110729
0.11121
0.111692
0.112173
0.112655
0.113136
0.113617
0.114099
0.11458
0.115062
0.115543
0.116025
0.116506
0.116987
0.117469
0.11795
0.118432
0.118913
0.119395
0.119876
0.120357
0.120839
0.12132
0.121802
0.122283
0.122765
0.123246
0.123727
0.124209
0.12469
0.125172
0.125653
0.126135
0.126616
0.127097
0.127579
0.12806
0.128542
0.129023
0.129505
0.129986
0.130467
0.130949
0.13143
0.131912
0.132393
0.132875
0.133356
0.133837
0.134319
0.1348
0.135282
0.135763
0.136245
0.136726
0.137207
0.137689
0.13817
0.138652
0.139133
0.139615
0.140096
0.140577
0.141059
0.14154
0.142022
0.142503
0.142985
0.143466
0.143947
0.144429
0.14491
0.145392
0.145873
0.146355
0.146836
0.147317
0.147799
0.14828
0.148762
0.149243
0.149725
0.150206
0.150687
0.151169
0.15165
0.152132
0.152613
0.153095
0.153576
0.154058
0.154539
0.15502
0.155502
0.155983
0.156465
0.156946
0.157428
0.157909
0.15839
0.158872
0.159353
0.159835
0.160316
0.160798
0.161279
0.16176
0.162242
0.162723
0.163205
0.163686
0.164168
0.164649
0.16513
0.165612
0.166093
0.166575
0.167056
0.167538
0.168019
0.1685
0.168982
0.169463
0.169945
0.170426
0.170908
0.171389
0.17187
0.172352
0.172833
0.173315
0.173796
0.174278
0.174759
0.17524
0.175722
0.176203
0.176685
0.177166
0.177648
0.178129
0.17861
0.179092
0.179573
0.180055
0.180536
0.181018
0.181499
0.18198
0.182462
0.182943
0.183425
0.183906
0.184388
0.184869
0.18535
0.185832
0.186313
0.186795
0.187276
0.187758
0.188239
0.18872
0.189202
0.189683
0.190165
0.190646
0.191128
0.191609
0.19209
0.192572
0.193053
0.193535
0.194016
0.194498
0.194979
0.19546
0.195942
0.196423
0.196905
0.197386
0.197868
0.198349
0.19883
0.199312
0.199793
0.200275
0.200756
0.201238
0.201719
0.2022
0.202682
0.203163
0.203645
0.204126
0.204608
0.205089
0.20557
0.206052
0.206533
0.207015
0.207496
0.207978
0.208459
0.20894
0.209422
0.209903
0.210385
0.210866
0.211348
0.211829
0.21231
0.212792
0.213273
0.213755
0.214236
0.214718
0.215199
0.215681
0.216162
0.216643
0.217125
0.217606
0.218088
0.218569
0.219051
0.219532
0.220013
0.220495
0.220976
0.221458
0.221939
0.222421
0.222902
0.223383
0.223865
0.224346
0.224828
0.225309
0.225791
0.226272
0.226753
0.227235
0.227716
0.228198
0.228679
0.229161
0.229642
0.230123
0.230605
0.231086
0.231568
0.232049
0.232531
0.233012
0.233493
0.233975
0.234456
0.234938
0.235419
0.235901
0.236382
0.236863
0.237345
0.237826
0.238308
0.238789
0.239271
0.239752
0.240233
0.240715
0.241196
0.241678
0.242159
0.242641
0.243122
0.243603
0.244085
0.244566
0.245048
0.245529
0.246011
0.246492
