0
0.000717762
0.00143552
0.00215329
0.00287105
0.00358881
0.00430657
0.00502434
0.0057421
0.00645986
0.00717762
0.00789538
0.00861315
0.00933091
0.0100487
0.0107664
0.0114842
0.012202
0.0129197
0.0136375
0.0143552
0.015073
0.0157908
0.0165085
0.0172263
0.0179441
0.0186618
0.0193796
0.0200973
0.0208151
0.0215329
0.0222506
0.0229684
0.0236862
0.0244039
0.0251217
0.0258394
0.0265572
0.027275
0.0279927
0.0287105
0.0294283
0.030146
0.0308638
0.0315815
0.0322993
0.0330171
0.0337348
0.0344526
0.0351703
0.0358881
0.0366059
0.0373236
0.0380414
0.0387592
0.0394769
0.0401947
0.0409124
0.0416302
0.042348
0.0430657
0.0437835
0.0445013
0.045219
0.0459368
0.0466545
0.0473723
0.0480901
0.0488078
0.0495256
0.0502434
0.0509611
0.0516789
0.0523966
0.0531144
0.0538322
0.0545499
0.0552677
0.0559855
0.0567032
0.057421
0.0581387
0.0588565
0.0595743
0.060292
0.0610098
0.0617275
0.0624453
0.0631631
0.0638808
0.0645986
0.0653164
0.0660341
0.0667519
0.0674696
0.0681874
0.0689052
0.0696229
0.0703407
0.0710585
0.0717762
0.072494
0.0732117
0.0739295
0.0746473
0.075365
0.0760828
0.0768006
0.0775183
0.0782361
0.0789538
0.0796716
0.0803894
0.0811071
0.0818249
0.0825427
0.0832604
0.0839782
0.0846959
0.0854137
0.0861315
0.0868492
0.087567
0.0882848
0.0890025
0.0897203
0.090438
0.0911558
0.0918736
0.0925913
0.0933091
0.0940268
0.0947446
0.0954624
0.0961801
0.0968979
0.0976157
0.0983334
0.0990512
0.0997689
0.100487
0.101204
0.101922
0.10264
0.103358
0.104076
0.104793
0.105511
0.106229
0.106947
0.107664
0.108382
0.1091
0.109818
0.110535
0.111253
0.111971
0.112689
0.113406
0.114124
0.114842
0.11556
0.116277
0.116995
0.117713
0.118431
0.119149
0.119866
0.120584
0.121302
0.12202
0.122737
0.123455
0.124173
0.124891
0.125608
0.126326
0.127044
0.127762
0.128479
0.129197
0.129915
0.130633
0.13135
0.132068
0.132786
0.133504
0.134222
0.134939
0.135657
0.136375
0.137093
0.13781
0.138528
0.139246
0.139964
0.140681
0.141399
0.142117
0.142835
0.143552
0.14427
0.144988
0.145706
0.146423
0.147141
0.147859
0.148577
0.149295
0.150012
0.15073
0.151448
0.152166
0.152883
0.153601
0.154319
0.155037
0.155754
0.156472
0.15719
0.157908
0.158625
0.159343
0.160061
0.160779
0.161496
0.162214
0.162932
0.16365
0.164368
0.165085
0.165803
0.166521
0.167239
0.167956
0.168674
0.169392
0.17011
0.170827
0.171545
0.172263
0.172981
0.173698
0.174416
0.175134
0.175852
0.17657
0.177287
0.178005
0.178723
0.179441
0.180158
0.180876
0.181594
0.182312
0.183029
0.183747
0.184465
0.185183
0.1859
0.186618
0.187336
0.188054
0.188771
0.189489
0.190207
0.190925
0.191643
0.19236
0.193078
0.193796
0.194514
0.195231
0.195949
0.196667
0.197385
0.198102
0.19882
0.199538
0.200256
0.200973
0.201691
0.202409
0.203127
0.203844
0.204562
0.20528
0.205998
0.206716
0.207433
0.208151
0.208869
0.209587
0.210304
0.211022
0.21174
0.212458
0.213175
0.213893
0.214611
0.215329
0.216046
0.216764
0.217482
0.2182
0.218917
0.219635
0.220353
0.221071
0.221789
0.222506
0.223224
0.223942
0.22466
0.225377
0.226095
0.226813
0.227531
0.228248
0.228966
0.229684
0.230402
0.231119
0.231837
0.232555
0.233273
0.23399
0.234708
0.235426
0.236144
0.236862
0.237579
0.238297
0.239015
0.239733
0.24045
0.241168
0.241886
0.242604
0.243321
0.244039
0.244757
0.245475
0.246192
0.24691
0.247628
0.248346
0.249063
0.249781
0.250499
0.251217
0.251935
0.252652
0.25337
0.254088
0.254806
0.255523
0.256241
0.256959
0.257677
0.258394
0.259112
0.25983
0.260548
0.261265
0.261983
0.262701
0.263419
0.264136
0.264854
0.265572
0.26629
0.267008
0.267725
0.268443
0.269161
0.269879
0.270596
0.271314
0.272032
0.27275
0.273467
0.274185
0.274903
0.275621
0.276338
0.277056
0.277774
0.278492
0.279209
0.279927
0.280645
0.281363
0.282081
0.282798
0.283516
0.284234
0.284952
0.285669
0.286387
0.287105
0.287823
0.28854
0.289258
0.289976
0.290694
0.291411
0.292129
0.292847
0.293565
0.294283
0.295
0.295718
0.296436
0.297154
0.297871
0.298589
0.299307
0.300025
0.300742
0.30146
0.302178
0.302896
0.303613
0.304331
0.305049
0.305767
0.306484
0.307202
0.30792
0.308638
0.309356
0.310073
0.310791
0.311509
0.312227
0.312944
0.313662
0.31438
0.315098
0.315815
0.316533
0.317251
0.317969
0.318686
0.319404
0.320122
0.32084
0.321557
0.322275
0.322993
0.323711
0.324429
0.325146
0.325864
0.326582
0.3273
0.328017
0.328735
0.329453
0.330171
0.330888
0.331606
0.332324
0.333042
0.333759
0.334477
0.335195
0.335913
0.33663
0.337348
0.338066
0.338784
0.339502
0.340219
0.340937
0.341655
0.342373
0.34309
0.343808
0.344526
0.345244
0.345961
0.346679
0.347397
0.348115
0.348832
0.34955
0.350268
0.350986
0.351703
0.352421
0.353139
0.353857
0.354575
0.355292
0.35601
0.356728
0.357446
0.358163
0.358881
0.359599
0.360317
0.361034
0.361752
0.36247
0.363188
0.363905
0.364623
0.365341
0.366059
0.366776
0.367494
