0
0.000187041
0.000374082
0.000561123
0.000748164
0.000935205
0.00112225
0.00130929
0.00149633
0.00168337
0.00187041
0.00205745
0.00224449
0.00243153
0.00261857
0.00280561
0.00299266
0.0031797
0.00336674
0.00355378
0.00374082
0.00392786
0.0041149
0.00430194
0.00448898
0.00467602
0.00486306
0.00505011
0.00523715
0.00542419
0.00561123
0.00579827
0.00598531
0.00617235
0.00635939
0.00654643
0.00673347
0.00692052
0.00710756
0.0072946
0.00748164
0.00766868
0.00785572
0.00804276
0.0082298
0.00841684
0.00860388
0.00879092
0.00897797
0.00916501
0.00935205
0.00953909
0.00972613
0.00991317
0.0101002
0.0102873
0.0104743
0.0106613
0.0108484
0.0110354
0.0112225
0.0114095
0.0115965
0.0117836
0.0119706
0.0121577
0.0123447
0.0125317
0.0127188
0.0129058
0.0130929
0.0132799
0.0134669
0.013654
0.013841
0.0140281
0.0142151
0.0144022
0.0145892
0.0147762
0.0149633
0.0151503
0.0153374
0.0155244
0.0157114
0.0158985
0.0160855
0.0162726
0.0164596
0.0166466
0.0168337
0.0170207
0.0172078
0.0173948
0.0175818
0.0177689
0.0179559
0.018143
0.01833
0.0185171
0.0187041
0.0188911
0.0190782
0.0192652
0.0194523
0.0196393
0.0198263
0.0200134
0.0202004
0.0203875
0.0205745
0.0207615
0.0209486
0.0211356
0.0213227
0.0215097
0.0216968
0.0218838
0.0220708
0.0222579
0.0224449
0.022632
0.022819
0.023006
0.0231931
0.0233801
0.0235672
0.0237542
0.0239412
0.0241283
0.0243153
0.0245024
0.0246894
0.0248764
0.0250635
0.0252505
0.0254376
0.0256246
0.0258117
0.0259987
0.0261857
0.0263728
0.0265598
0.0267469
0.0269339
0.0271209
0.027308
0.027495
0.0276821
0.0278691
0.0280561
0.0282432
0.0284302
0.0286173
0.0288043
0.0289913
0.0291784
0.0293654
0.0295525
0.0297395
0.0299266
0.0301136
0.0303006
0.0304877
0.0306747
0.0308618
0.0310488
0.0312358
0.0314229
0.0316099
0.031797
0.031984
0.032171
0.0323581
0.0325451
0.0327322
0.0329192
0.0331062
0.0332933
0.0334803
0.0336674
0.0338544
0.0340415
0.0342285
0.0344155
0.0346026
0.0347896
0.0349767
0.0351637
0.0353507
0.0355378
0.0357248
0.0359119
0.0360989
0.0362859
0.036473
0.03666
0.0368471
0.0370341
0.0372211
0.0374082
0.0375952
0.0377823
0.0379693
0.0381564
0.0383434
0.0385304
0.0387175
0.0389045
0.0390916
0.0392786
0.0394656
0.0396527
0.0398397
0.0400268
0.0402138
0.0404008
0.0405879
0.0407749
0.040962
0.041149
0.0413361
0.0415231
0.0417101
0.0418972
0.0420842
0.0422713
0.0424583
0.0426453
0.0428324
0.0430194
0.0432065
0.0433935
0.0435805
0.0437676
0.0439546
0.0441417
0.0443287
0.0445157
0.0447028
0.0448898
0.0450769
0.0452639
0.045451
0.045638
0.045825
0.0460121
0.0461991
0.0463862
0.0465732
0.0467602
0.0469473
0.0471343
0.0473214
0.0475084
0.0476954
0.0478825
0.0480695
0.0482566
0.0484436
0.0486306
0.0488177
0.0490047
0.0491918
0.0493788
0.0495659
0.0497529
0.0499399
0.050127
0.050314
0.0505011
0.0506881
0.0508751
0.0510622
0.0512492
0.0514363
0.0516233
0.0518103
0.0519974
0.0521844
0.0523715
0.0525585
0.0527455
0.0529326
0.0531196
0.0533067
0.0534937
0.0536808
0.0538678
0.0540548
0.0542419
0.0544289
0.054616
0.054803
0.05499
0.0551771
0.0553641
0.0555512
0.0557382
0.0559252
0.0561123
0.0562993
0.0564864
0.0566734
0.0568605
0.0570475
0.0572345
0.0574216
0.0576086
0.0577957
0.0579827
0.0581697
0.0583568
0.0585438
0.0587309
0.0589179
0.0591049
0.059292
0.059479
0.0596661
0.0598531
0.0600401
0.0602272
0.0604142
0.0606013
0.0607883
0.0609754
0.0611624
0.0613494
0.0615365
0.0617235
0.0619106
0.0620976
0.0622846
0.0624717
0.0626587
0.0628458
0.0630328
0.0632198
0.0634069
0.0635939
0.063781
0.063968
0.064155
0.0643421
0.0645291
0.0647162
0.0649032
0.0650903
0.0652773
0.0654643
0.0656514
0.0658384
0.0660255
0.0662125
0.0663995
0.0665866
0.0667736
0.0669607
0.0671477
0.0673347
0.0675218
0.0677088
0.0678959
0.0680829
0.0682699
0.068457
0.068644
0.0688311
0.0690181
0.0692052
0.0693922
0.0695792
0.0697663
0.0699533
0.0701404
0.0703274
0.0705144
0.0707015
0.0708885
0.0710756
0.0712626
0.0714496
0.0716367
0.0718237
0.0720108
0.0721978
0.0723848
0.0725719
0.0727589
0.072946
0.073133
0.0733201
0.0735071
0.0736941
0.0738812
0.0740682
0.0742553
0.0744423
0.0746293
0.0748164
0.0750034
0.0751905
0.0753775
0.0755645
0.0757516
0.0759386
0.0761257
0.0763127
0.0764998
0.0766868
0.0768738
0.0770609
0.0772479
0.077435
0.077622
0.077809
0.0779961
0.0781831
0.0783702
0.0785572
0.0787442
0.0789313
0.0791183
0.0793054
0.0794924
0.0796794
0.0798665
0.0800535
0.0802406
0.0804276
0.0806147
0.0808017
0.0809887
0.0811758
0.0813628
0.0815499
0.0817369
0.0819239
0.082111
0.082298
0.0824851
0.0826721
0.0828591
0.0830462
0.0832332
0.0834203
0.0836073
0.0837943
0.0839814
0.0841684
0.0843555
0.0845425
0.0847296
0.0849166
0.0851036
0.0852907
0.0854777
0.0856648
0.0858518
0.0860388
0.0862259
0.0864129
0.0866
0.086787
0.086974
0.0871611
0.0873481
0.0875352
0.0877222
0.0879092
0.0880963
0.0882833
0.0884704
0.0886574
0.0888445
0.0890315
0.0892185
0.0894056
0.0895926
0.0897797
0.0899667
0.0901537
0.0903408
0.0905278
0.0907149
0.0909019
0.0910889
0.091276
0.091463
0.0916501
0.0918371
0.0920241
0.0922112
0.0923982
0.0925853
0.0927723
0.0929594
0.0931464
0.0933334
0.0935205
0.0937075
0.0938946
0.0940816
0.0942686
0.0944557
0.0946427
0.0948298
0.0950168
0.0952038
0.0953909
0.0955779
0.095765
