199 -99.154 -0.779
204 -94.089 -0.739
197 -100.312 -0.788
200 -98.183 -0.771
188 -95.203 -0.748
213 -101.213 -0.795
215 -100.414 -0.789
187 -94.334 -0.741
170 -89.295 -0.701
209 -99.781 -0.784
182 -94.283 -0.740
195 -98.571 -0.774
188 -96.082 -0.755
203 -98.673 -0.775
189 -96.174 -0.755
188 -97.457 -0.765
211 -102.544 -0.805
208 -105.227 -0.826
216 -106.000 -0.833
189 -100.831 -0.792
178 -96.009 -0.754
206 -104.020 -0.817
201 -100.293 -0.788
203 -98.708 -0.775
203 -99.415 -0.781
171 -91.603 -0.719
180 -96.085 -0.755
174 -92.482 -0.726
218 -103.842 -0.816
201 -102.970 -0.809
189 -97.635 -0.767
195 -97.317 -0.764
184 -97.129 -0.763
219 -102.614 -0.806
198 -99.676 -0.783
196 -99.809 -0.784
200 -98.883 -0.777
213 -100.694 -0.791
195 -97.511 -0.766
204 -98.628 -0.775
186 -93.061 -0.731
200 -97.708 -0.767
196 -100.885 -0.792
195 -96.502 -0.758
212 -99.647 -0.783
215 -97.113 -0.763
220 -102.957 -0.809
200 -101.019 -0.793
222 -105.650 -0.830
218 -104.991 -0.825
208 -99.628 -0.782
218 -106.417 -0.836
196 -96.597 -0.759
203 -99.736 -0.783
221 -102.709 -0.807
171 -92.638 -0.728
193 -98.956 -0.777
202 -98.014 -0.770
167 -89.843 -0.706
186 -95.904 -0.753
185 -95.604 -0.751
192 -98.428 -0.773
173 -95.235 -0.748
179 -94.000 -0.738
210 -99.965 -0.785
207 -102.505 -0.805
204 -99.150 -0.779
188 -97.412 -0.765
174 -91.737 -0.720
193 -96.034 -0.754
191 -99.322 -0.780
214 -102.343 -0.804
206 -96.139 -0.755
245 -106.592 -0.837
207 -98.612 -0.774
234 -103.546 -0.813
172 -90.209 -0.708
188 -94.035 -0.739
201 -97.180 -0.763
207 -98.619 -0.775
200 -100.532 -0.790
205 -101.178 -0.795
221 -104.371 -0.820
197 -100.751 -0.791
205 -100.064 -0.786
220 -103.307 -0.811
193 -97.180 -0.763
206 -99.660 -0.783
197 -98.813 -0.776
215 -98.937 -0.777
159 -88.493 -0.695
200 -98.845 -0.776
195 -100.860 -0.792
205 -98.329 -0.772
190 -100.583 -0.790
207 -100.901 -0.792
210 -102.289 -0.803
202 -97.855 -0.769
204 -99.386 -0.781
177 -94.162 -0.740
214 -103.295 -0.811
206 -99.208 -0.779
190 -93.080 -0.731
198 -97.798 -0.768
203 -99.134 -0.779
188 -97.412 -0.765
187 -96.009 -0.754
187 -89.910 -0.706
204 -99.790 -0.784
211 -103.148 -0.810
224 -105.345 -0.827
231 -101.862 -0.800
229 -105.100 -0.825
195 -98.472 -0.773
211 -102.614 -0.806
215 -97.896 -0.769
203 -101.461 -0.797
206 -100.484 -0.789
208 -101.079 -0.794
180 -95.783 -0.752
197 -98.364 -0.773
198 -99.434 -0.781
205 -100.497 -0.789
187 -93.042 -0.731
201 -99.787 -0.784
202 -97.680 -0.767
192 -98.020 -0.770
226 -102.871 -0.808
215 -100.007 -0.785
218 -105.969 -0.832
211 -103.489 -0.813
186 -97.024 -0.762
210 -98.514 -0.774
210 -100.303 -0.788
199 -91.126 -0.716
185 -95.089 -0.747
192 -104.495 -0.821
205 -101.560 -0.798
227 -107.000 -0.840
210 -101.614 -0.798
196 -97.613 -0.767
212 -100.016 -0.786
185 -98.775 -0.776
208 -102.216 -0.803
205 -99.007 -0.778
192 -95.248 -0.748
201 -100.366 -0.788
187 -96.387 -0.757
205 -98.472 -0.773
199 -100.395 -0.788
198 -99.911 -0.785
188 -95.490 -0.750
199 -97.161 -0.763
195 -98.431 -0.773
200 -99.688 -0.783
180 -93.083 -0.731
204 -99.765 -0.784
189 -97.447 -0.765
201 -98.437 -0.773
206 -99.720 -0.783
210 -98.943 -0.777
204 -98.749 -0.776
207 -100.293 -0.788
213 -103.422 -0.812
221 -103.880 -0.816
173 -91.259 -0.717
192 -97.218 -0.764
194 -98.297 -0.772
204 -98.813 -0.776
210 -102.251 -0.803
203 -101.105 -0.794
202 -97.428 -0.765
184 -95.573 -0.751
181 -93.217 -0.732
179 -98.838 -0.776
191 -98.969 -0.777
204 -98.536 -0.774
196 -97.352 -0.765
204 -99.456 -0.781
169 -91.772 -0.721
201 -98.593 -0.774
188 -93.398 -0.734
185 -92.794 -0.729
213 -97.734 -0.768
189 -96.174 -0.755
218 -101.232 -0.795
206 -99.383 -0.781
213 -100.334 -0.788
217 -101.697 -0.799
180 -94.493 -0.742
205 -102.566 -0.806
211 -101.273 -0.795
197 -91.832 -0.721
202 -98.135 -0.771
219 -102.391 -0.804
205 -98.584 -0.774
188 -93.688 -0.736
197 -96.919 -0.761
184 -93.860 -0.737
204 -97.202 -0.763
229 -104.708 -0.822
190 -94.026 -0.738
168 -94.169 -0.740
206 -95.907 -0.753
212 -99.797 -0.784
194 -98.183 -0.771
187 -95.958 -0.754
192 -99.262 -0.780
208 -98.370 -0.773
183 -97.457 -0.765
196 -92.504 -0.727
195 -98.450 -0.773
182 -96.795 -0.760
183 -96.512 -0.758
195 -98.094 -0.770
195 -96.629 -0.759
230 -106.535 -0.837
196 -101.124 -0.794
208 -103.670 -0.814
166 -90.566 -0.711
201 -99.602 -0.782
195 -98.218 -0.771
195 -101.229 -0.795
171 -92.183 -0.724
191 -99.405 -0.781
179 -89.365 -0.702
200 -100.901 -0.792
187 -95.410 -0.749
186 -96.617 -0.759
217 -103.228 -0.811
181 -91.797 -0.721
219 -104.450 -0.820
210 -97.689 -0.767
186 -99.558 -0.782
179 -96.136 -0.755
210 -100.981 -0.793
171 -90.556 -0.711
203 -103.113 -0.810
195 -94.121 -0.739
201 -98.148 -0.771
205 -97.151 -0.763
183 -97.549 -0.766
200 -98.934 -0.777
203 -100.175 -0.787
179 -91.673 -0.720
211 -99.131 -0.779
196 -99.157 -0.779
201 -97.282 -0.764
183 -97.116 -0.763
183 -92.800 -0.729
202 -100.338 -0.788
194 -95.117 -0.747
159 -90.050 -0.707
179 -96.047 -0.754
195 -99.103 -0.778
194 -94.201 -0.740
209 -106.618 -0.837
193 -98.619 -0.775
224 -103.387 -0.812
208 -97.864 -0.769
189 -95.579 -0.751
198 -98.953 -0.777
189 -100.172 -0.787
190 -101.156 -0.794
204 -99.160 -0.779
212 -101.544 -0.798
198 -97.743 -0.768
213 -101.786 -0.799
224 -104.931 -0.824
206 -100.853 -0.792
183 -95.286 -0.748
228 -106.268 -0.835
217 -102.286 -0.803
205 -102.556 -0.805
211 -104.469 -0.820
203 -98.482 -0.773
167 -92.631 -0.728
219 -102.057 -0.802
171 -89.066 -0.700
214 -97.868 -0.769
210 -95.245 -0.748
198 -99.787 -0.784
183 -96.763 -0.760
197 -98.224 -0.771
204 -99.157 -0.779
179 -95.525 -0.750
199 -96.983 -0.762
219 -102.333 -0.804
221 -105.797 -0.831
184 -95.499 -0.750
212 -102.760 -0.807
211 -105.580 -0.829
195 -97.982 -0.770
212 -101.439 -0.797
191 -99.847 -0.784
187 -96.330 -0.757
211 -100.656 -0.791
188 -98.682 -0.775
189 -97.556 -0.766
171 -91.005 -0.715
212 -103.180 -0.810
200 -99.539 -0.782
207 -103.136 -0.810
198 -96.365 -0.757
211 -101.799 -0.800
213 -103.759 -0.815
196 -96.394 -0.757
197 -100.837 -0.792
211 -104.422 -0.820
218 -101.496 -0.797
187 -100.220 -0.787
194 -100.108 -0.786
239 -106.662 -0.838
194 -94.194 -0.740
197 -100.096 -0.786
230 -103.909 -0.816
175 -91.797 -0.721
179 -99.660 -0.783
198 -96.801 -0.760
206 -99.921 -0.785
206 -100.818 -0.792
208 -100.850 -0.792
209 -100.175 -0.787
202 -98.157 -0.771
207 -100.701 -0.791
214 -102.241 -0.803
197 -96.486 -0.758
184 -96.757 -0.760
197 -102.368 -0.804
214 -101.388 -0.796
201 -100.268 -0.787
179 -91.371 -0.718
188 -95.098 -0.747
192 -97.556 -0.766
183 -97.145 -0.763
209 -105.065 -0.825
193 -96.849 -0.761
217 -101.044 -0.794
194 -97.743 -0.768
204 -99.080 -0.778
209 -100.653 -0.791
187 -91.005 -0.715
206 -100.977 -0.793
215 -104.698 -0.822
220 -103.199 -0.811
220 -104.336 -0.819
232 -108.760 -0.854
213 -101.617 -0.798
186 -99.201 -0.779
213 -99.370 -0.780
209 -102.117 -0.802
210 -99.083 -0.778
202 -97.339 -0.764
192 -100.532 -0.790
238 -103.763 -0.815
190 -95.884 -0.753
189 -97.699 -0.767
190 -95.923 -0.753
201 -99.083 -0.778
188 -93.796 -0.737
204 -99.669 -0.783
198 -100.446 -0.789
220 -104.342 -0.819
198 -99.169 -0.779
202 -98.982 -0.777
188 -96.849 -0.761
211 -101.875 -0.800
209 -104.049 -0.817
201 -97.508 -0.766
204 -99.259 -0.780
189 -94.054 -0.739
172 -93.064 -0.731
209 -103.941 -0.816
192 -100.290 -0.788
179 -93.332 -0.733
193 -96.273 -0.756
205 -100.522 -0.789
207 -102.687 -0.806
202 -96.983 -0.762
192 -94.178 -0.740
202 -96.018 -0.754
192 -92.946 -0.730
201 -99.357 -0.780
213 -100.070 -0.786
180 -96.225 -0.756
192 -95.372 -0.749
199 -99.360 -0.780
201 -95.111 -0.747
202 -98.947 -0.777
214 -100.058 -0.786
195 -99.418 -0.781
160 -89.544 -0.703
197 -99.946 -0.785
208 -98.256 -0.772
225 -102.709 -0.807
190 -95.792 -0.752
198 -97.390 -0.765
187 -95.512 -0.750
182 -99.080 -0.778
217 -99.465 -0.781
210 -99.345 -0.780
193 -91.759 -0.721
204 -98.921 -0.777
206 -103.244 -0.811
198 -98.355 -0.772
194 -97.915 -0.769
208 -104.336 -0.819
219 -97.934 -0.769
198 -96.340 -0.757
193 -95.506 -0.750
188 -95.560 -0.751
200 -102.193 -0.803
185 -96.289 -0.756
229 -106.844 -0.839
207 -99.956 -0.785
162 -91.479 -0.718
183 -93.287 -0.733
223 -104.737 -0.823
205 -102.155 -0.802
191 -100.471 -0.789
186 -97.158 -0.763
207 -97.747 -0.768
204 -96.712 -0.760
181 -92.841 -0.729
211 -103.365 -0.812
211 -97.759 -0.768
210 -97.355 -0.765
211 -101.464 -0.797
214 -100.955 -0.793
204 -96.884 -0.761
191 -94.834 -0.745
202 -98.603 -0.774
185 -98.062 -0.770
209 -100.876 -0.792
206 -102.002 -0.801
203 -99.590 -0.782
200 -97.447 -0.765
211 -98.631 -0.775
198 -98.281 -0.772
200 -100.465 -0.789
202 -96.445 -0.757
219 -104.718 -0.822
187 -94.134 -0.739
179 -95.853 -0.753
177 -91.832 -0.721
179 -90.836 -0.713
201 -100.595 -0.790
204 -98.250 -0.772
205 -98.275 -0.772
215 -104.772 -0.823
220 -104.657 -0.822
208 -98.787 -0.776
181 -95.133 -0.747
204 -97.594 -0.766
209 -104.606 -0.822
205 -102.228 -0.803
212 -101.735 -0.799
176 -93.685 -0.736
188 -99.048 -0.778
196 -97.689 -0.767
194 -95.948 -0.754
205 -99.462 -0.781
202 -101.907 -0.800
225 -103.228 -0.811
180 -88.567 -0.696
223 -102.894 -0.808
186 -96.601 -0.759
187 -91.657 -0.720
193 -100.911 -0.793
188 -96.696 -0.759
213 -98.625 -0.775
193 -95.738 -0.752
175 -94.070 -0.739
213 -100.605 -0.790
215 -96.884 -0.761
186 -96.989 -0.762
189 -97.734 -0.768
197 -100.468 -0.789
201 -101.363 -0.796
195 -97.323 -0.764
178 -96.852 -0.761
194 -98.437 -0.773
201 -99.975 -0.785
175 -94.573 -0.743
189 -95.690 -0.752
184 -90.620 -0.712
211 -100.799 -0.792
214 -102.814 -0.807
201 -99.930 -0.785
196 -98.256 -0.772
187 -92.899 -0.730
212 -103.034 -0.809
206 -99.227 -0.779
204 -100.102 -0.786
224 -103.260 -0.811
225 -101.582 -0.798
213 -101.070 -0.794
188 -96.776 -0.760
210 -102.384 -0.804
192 -101.331 -0.796
179 -93.137 -0.731
194 -97.330 -0.764
200 -101.286 -0.795
177 -97.705 -0.767
185 -94.048 -0.739
217 -103.295 -0.811
188 -96.184 -0.755
199 -102.117 -0.802
212 -100.942 -0.793
207 -103.836 -0.816
195 -96.788 -0.760
202 -96.136 -0.755
153 -87.507 -0.687
194 -92.183 -0.724
212 -99.491 -0.781
222 -105.058 -0.825
188 -95.366 -0.749
210 -99.924 -0.785
194 -97.116 -0.763
194 -99.730 -0.783
192 -97.046 -0.762
201 -92.832 -0.729
216 -100.726 -0.791
216 -103.101 -0.810
202 -98.463 -0.773
190 -98.682 -0.775
190 -97.836 -0.768
209 -102.547 -0.805
197 -97.091 -0.763
205 -102.432 -0.804
206 -98.902 -0.777
188 -94.334 -0.741
207 -101.468 -0.797
189 -95.296 -0.748
199 -96.165 -0.755
208 -101.920 -0.800
198 -97.852 -0.769
215 -105.179 -0.826
187 -97.938 -0.769
210 -99.265 -0.780
196 -95.203 -0.748
196 -97.174 -0.763
176 -93.618 -0.735
200 -103.027 -0.809
176 -93.863 -0.737
216 -102.664 -0.806
207 -100.121 -0.786
220 -99.828 -0.784
193 -95.827 -0.753
208 -101.356 -0.796
196 -98.523 -0.774
206 -101.499 -0.797
198 -100.471 -0.789
189 -101.289 -0.796
173 -91.212 -0.716
209 -102.337 -0.804
186 -93.895 -0.737
180 -93.058 -0.731
183 -92.093 -0.723
177 -94.599 -0.743
205 -96.578 -0.759
191 -95.028 -0.746
188 -99.844 -0.784
191 -99.688 -0.783
190 -96.091 -0.755
180 -95.095 -0.747
162 -85.594 -0.672
200 -97.559 -0.766
206 -100.163 -0.787
209 -102.381 -0.804
197 -95.795 -0.752
189 -97.330 -0.764
201 -99.612 -0.782
194 -98.062 -0.770
200 -94.634 -0.743
215 -102.719 -0.807
243 -102.976 -0.809
190 -94.153 -0.739
201 -97.511 -0.766
201 -98.230 -0.771
214 -97.877 -0.769
204 -102.897 -0.808
198 -95.181 -0.748
200 -102.789 -0.807
205 -105.418 -0.828
175 -94.118 -0.739
212 -99.058 -0.778
209 -99.583 -0.782
197 -98.116 -0.771
213 -105.953 -0.832
203 -99.943 -0.785
203 -98.606 -0.774
178 -92.682 -0.728
213 -100.433 -0.789
208 -100.917 -0.793
210 -98.612 -0.774
176 -89.674 -0.704
194 -97.944 -0.769
214 -100.369 -0.788
203 -101.506 -0.797
201 -99.736 -0.783
200 -96.365 -0.757
199 -97.766 -0.768
192 -96.874 -0.761
205 -100.290 -0.788
182 -96.709 -0.760
194 -99.500 -0.781
214 -97.788 -0.768
217 -102.795 -0.807
208 -98.628 -0.775
192 -92.615 -0.727
196 -95.824 -0.753
212 -99.688 -0.783
174 -92.558 -0.727
205 -95.467 -0.750
202 -99.841 -0.784
180 -92.915 -0.730
188 -96.760 -0.760
206 -99.243 -0.779
207 -97.947 -0.769
208 -100.595 -0.790
180 -90.798 -0.713
184 -93.465 -0.734
197 -99.956 -0.785
194 -97.626 -0.767
222 -104.842 -0.823
194 -91.043 -0.715
194 -99.322 -0.780
185 -96.448 -0.757
186 -96.983 -0.762
174 -91.750 -0.721
201 -99.042 -0.778
197 -99.497 -0.781
197 -97.377 -0.765
182 -94.856 -0.745
192 -99.685 -0.783
204 -101.910 -0.800
203 -100.121 -0.786
209 -100.411 -0.789
202 -97.196 -0.763
209 -99.612 -0.782
207 -96.909 -0.761
209 -101.776 -0.799
232 -105.946 -0.832
230 -104.826 -0.823
179 -95.827 -0.753
194 -95.445 -0.750
195 -101.025 -0.793
199 -95.582 -0.751
198 -99.478 -0.781
176 -90.772 -0.713
218 -102.193 -0.803
207 -103.651 -0.814
192 -97.829 -0.768
201 -99.281 -0.780
173 -89.429 -0.702
187 -95.623 -0.751
200 -98.775 -0.776
181 -94.073 -0.739
195 -97.657 -0.767
182 -94.965 -0.746
186 -98.370 -0.773
185 -96.502 -0.758
211 -100.284 -0.788
241 -104.447 -0.820
230 -103.696 -0.814
177 -95.792 -0.752
203 -103.387 -0.812
192 -96.785 -0.760
210 -102.477 -0.805
197 -98.943 -0.777
183 -94.293 -0.741
197 -96.703 -0.759
223 -103.046 -0.809
201 -99.013 -0.778
198 -99.443 -0.781
194 -99.472 -0.781
205 -94.643 -0.743
212 -99.895 -0.785
180 -93.389 -0.733
200 -103.279 -0.811
213 -102.658 -0.806
195 -97.457 -0.765
197 -95.821 -0.753
203 -100.306 -0.788
188 -94.786 -0.744
203 -101.388 -0.796
215 -101.627 -0.798
217 -100.930 -0.793
194 -100.131 -0.786
192 -94.143 -0.739
199 -96.502 -0.758
211 -99.287 -0.780
178 -91.657 -0.720
208 -102.435 -0.805
205 -99.252 -0.780
206 -102.426 -0.804
196 -101.079 -0.794
197 -101.207 -0.795
200 -97.014 -0.762
181 -97.021 -0.762
204 -100.064 -0.786
182 -91.676 -0.720
202 -97.947 -0.769
198 -97.040 -0.762
205 -101.910 -0.800
209 -101.487 -0.797
197 -99.905 -0.785
206 -102.018 -0.801
201 -96.231 -0.756
219 -100.261 -0.787
164 -90.063 -0.707
179 -95.477 -0.750
213 -101.089 -0.794
193 -96.890 -0.761
196 -95.467 -0.750
182 -92.001 -0.723
213 -102.445 -0.805
169 -93.010 -0.730
207 -101.719 -0.799
221 -103.712 -0.815
241 -106.923 -0.840
186 -97.247 -0.764
195 -96.839 -0.761
206 -98.358 -0.772
198 -103.467 -0.813
201 -99.726 -0.783
203 -100.650 -0.790
192 -95.783 -0.752
191 -100.411 -0.789
210 -100.166 -0.787
176 -97.419 -0.765
196 -96.047 -0.754
207 -103.078 -0.810
206 -100.697 -0.791
188 -98.647 -0.775
192 -94.274 -0.740
197 -95.986 -0.754
209 -99.440 -0.781
183 -96.295 -0.756
194 -102.954 -0.809
199 -98.571 -0.774
182 -96.999 -0.762
205 -97.727 -0.768
205 -98.132 -0.771
201 -99.303 -0.780
217 -98.364 -0.773
199 -99.809 -0.784
204 -100.054 -0.786
206 -97.135 -0.763
176 -95.929 -0.753
215 -103.355 -0.812
203 -97.244 -0.764
207 -96.578 -0.759
204 -96.381 -0.757
189 -99.510 -0.782
197 -95.878 -0.753
219 -102.610 -0.806
208 -103.998 -0.817
195 -98.367 -0.773
189 -98.966 -0.777
201 -102.458 -0.805
204 -96.499 -0.758
198 -97.285 -0.764
205 -100.462 -0.789
191 -95.811 -0.752
196 -99.297 -0.780
200 -96.792 -0.760
197 -96.823 -0.760
209 -98.797 -0.776
201 -96.591 -0.759
206 -100.946 -0.793
204 -100.997 -0.793
237 -108.448 -0.852
209 -104.275 -0.819
195 -95.448 -0.750
219 -105.650 -0.830
183 -91.533 -0.719
195 -95.130 -0.747
188 -97.180 -0.763
205 -101.480 -0.797
213 -97.142 -0.763
200 -98.956 -0.777
192 -95.983 -0.754
204 -102.053 -0.802
193 -103.693 -0.814
216 -102.992 -0.809
194 -97.368 -0.765
212 -100.108 -0.786
182 -92.561 -0.727
200 -101.146 -0.794
218 -104.183 -0.818
188 -100.917 -0.793
205 -101.850 -0.800
187 -93.227 -0.732
214 -99.870 -0.784
175 -91.110 -0.716
191 -96.750 -0.760
197 -101.429 -0.797
193 -96.273 -0.756
188 -96.750 -0.760
220 -106.729 -0.838
199 -101.044 -0.794
180 -92.819 -0.729
179 -93.771 -0.736
211 -99.676 -0.783
166 -95.999 -0.754
179 -97.355 -0.765
172 -93.459 -0.734
203 -97.139 -0.763
194 -96.416 -0.757
190 -93.090 -0.731
217 -100.968 -0.793
197 -96.725 -0.760
198 -97.024 -0.762
182 -96.973 -0.762
203 -94.092 -0.739
194 -97.508 -0.766
209 -101.168 -0.795
197 -97.976 -0.769
168 -91.963 -0.722
179 -96.426 -0.757
204 -97.384 -0.765
204 -103.619 -0.814
193 -98.307 -0.772
232 -102.267 -0.803
211 -102.114 -0.802
187 -95.894 -0.753
185 -94.573 -0.743
205 -99.033 -0.778
194 -100.675 -0.791
200 -98.606 -0.774
205 -101.945 -0.801
197 -96.031 -0.754
213 -98.062 -0.770
195 -96.543 -0.758
206 -102.458 -0.805
210 -101.165 -0.795
199 -97.422 -0.765
216 -99.335 -0.780
191 -95.283 -0.748
184 -97.253 -0.764
199 -99.115 -0.778
171 -92.663 -0.728
201 -99.529 -0.782
190 -97.075 -0.762
212 -102.162 -0.802
178 -92.679 -0.728
190 -96.836 -0.761
208 -98.740 -0.775
195 -101.894 -0.800
219 -103.654 -0.814
209 -98.215 -0.771
206 -100.898 -0.792
208 -104.393 -0.820
210 -98.899 -0.777
171 -90.069 -0.707
146 -86.291 -0.678
193 -94.860 -0.745
181 -93.905 -0.738
199 -95.098 -0.747
190 -95.856 -0.753
204 -96.992 -0.762
198 -92.275 -0.725
201 -97.377 -0.765
217 -102.550 -0.805
187 -97.030 -0.762
198 -94.121 -0.739
183 -93.395 -0.734
202 -100.535 -0.790
180 -92.857 -0.729
185 -99.698 -0.783
199 -100.662 -0.791
180 -91.864 -0.721
208 -100.713 -0.791
189 -97.295 -0.764
194 -95.337 -0.749
183 -97.813 -0.768
188 -90.788 -0.713
217 -99.867 -0.784
181 -92.389 -0.726
178 -95.143 -0.747
209 -102.295 -0.803
204 -100.408 -0.789
189 -94.337 -0.741
216 -100.070 -0.786
207 -101.862 -0.800
221 -104.638 -0.822
211 -98.183 -0.771
222 -98.332 -0.772
181 -95.452 -0.750
197 -99.564 -0.782
190 -94.516 -0.742
171 -89.923 -0.706
192 -95.900 -0.753
189 -98.256 -0.772
232 -102.779 -0.807
208 -100.557 -0.790
197 -98.692 -0.775
204 -102.260 -0.803
215 -101.464 -0.797
196 -99.981 -0.785
184 -94.739 -0.744
193 -97.193 -0.763
189 -94.366 -0.741
213 -100.694 -0.791
201 -101.614 -0.798
208 -101.780 -0.799
222 -101.471 -0.797
213 -104.355 -0.820
182 -90.553 -0.711
191 -96.757 -0.760
212 -101.363 -0.796
185 -96.738 -0.760
200 -97.629 -0.767
169 -88.662 -0.696
173 -93.688 -0.736
182 -95.436 -0.750
189 -95.423 -0.749
226 -100.497 -0.789
212 -102.477 -0.805
174 -90.594 -0.712
201 -97.613 -0.767
198 -94.175 -0.740
189 -98.300 -0.772
183 -93.984 -0.738
185 -92.116 -0.723
188 -98.218 -0.771
223 -104.886 -0.824
194 -97.291 -0.764
211 -103.384 -0.812
220 -98.838 -0.776
198 -97.584 -0.766
209 -97.301 -0.764
207 -101.487 -0.797
201 -100.475 -0.789
195 -93.793 -0.737
206 -103.151 -0.810
188 -95.089 -0.747
213 -99.532 -0.782
206 -98.335 -0.772
215 -100.398 -0.789
202 -97.778 -0.768
198 -96.731 -0.760
208 -96.375 -0.757
187 -97.132 -0.763
197 -98.733 -0.775
218 -104.151 -0.818
204 -100.837 -0.792
219 -103.158 -0.810
202 -95.770 -0.752
174 -99.402 -0.781
198 -100.277 -0.788
204 -100.414 -0.789
182 -94.761 -0.744
198 -100.140 -0.786
215 -103.498 -0.813
206 -98.807 -0.776
207 -99.271 -0.780
202 -102.451 -0.805
216 -100.102 -0.786
191 -90.476 -0.711
219 -104.119 -0.818
194 -94.751 -0.744
202 -98.014 -0.770
193 -95.773 -0.752
177 -94.914 -0.745
204 -100.303 -0.788
206 -99.259 -0.780
208 -103.037 -0.809
206 -99.994 -0.785
189 -97.384 -0.765
175 -90.101 -0.708
207 -102.327 -0.804
192 -92.097 -0.723
210 -101.105 -0.794
202 -96.063 -0.754
217 -103.906 -0.816
189 -99.475 -0.781
181 -95.732 -0.752
197 -99.150 -0.779
201 -100.376 -0.788
174 -93.647 -0.735
202 -98.692 -0.775
216 -101.172 -0.795
198 -95.884 -0.753
194 -99.847 -0.784
163 -88.888 -0.698
189 -92.781 -0.729
194 -94.707 -0.744
200 -99.771 -0.784
201 -99.835 -0.784
209 -101.936 -0.801
187 -93.618 -0.735
200 -101.509 -0.797
195 -101.051 -0.794
196 -98.437 -0.773
192 -96.486 -0.758
191 -93.478 -0.734
183 -97.285 -0.764
199 -99.154 -0.779
204 -94.089 -0.739
197 -100.312 -0.788
200 -98.183 -0.771
188 -95.203 -0.748
213 -101.213 -0.795
215 -100.414 -0.789
187 -94.334 -0.741
170 -89.295 -0.701
209 -99.781 -0.784
182 -94.283 -0.740
195 -98.571 -0.774
188 -96.082 -0.755
203 -98.673 -0.775
189 -96.174 -0.755
188 -97.457 -0.765
211 -102.544 -0.805
208 -105.227 -0.826
216 -106.000 -0.833
189 -100.831 -0.792
178 -96.009 -0.754
206 -104.020 -0.817
201 -100.293 -0.788
203 -98.708 -0.775
203 -99.415 -0.781
171 -91.603 -0.719
180 -96.085 -0.755
174 -92.482 -0.726
218 -103.842 -0.816
201 -102.970 -0.809
189 -97.635 -0.767
195 -97.317 -0.764
184 -97.129 -0.763
219 -102.614 -0.806
198 -99.676 -0.783
196 -99.809 -0.784
200 -98.883 -0.777
213 -100.694 -0.791
195 -97.511 -0.766
204 -98.628 -0.775
186 -93.061 -0.731
200 -97.708 -0.767
196 -100.885 -0.792
195 -96.502 -0.758
212 -99.647 -0.783
215 -97.113 -0.763
220 -102.957 -0.809
200 -101.019 -0.793
222 -105.650 -0.830
218 -104.991 -0.825
208 -99.628 -0.782
218 -106.417 -0.836
196 -96.597 -0.759
203 -99.736 -0.783
221 -102.709 -0.807
171 -92.638 -0.728
193 -98.956 -0.777
202 -98.014 -0.770
167 -89.843 -0.706
186 -95.904 -0.753
185 -95.604 -0.751
192 -98.428 -0.773
173 -95.235 -0.748
179 -94.000 -0.738
210 -99.965 -0.785
207 -102.505 -0.805
204 -99.150 -0.779
188 -97.412 -0.765
174 -91.737 -0.720
193 -96.034 -0.754
191 -99.322 -0.780
214 -102.343 -0.804
206 -96.139 -0.755
245 -106.592 -0.837
207 -98.612 -0.774
234 -103.546 -0.813
172 -90.209 -0.708
188 -94.035 -0.739
201 -97.180 -0.763
207 -98.619 -0.775
200 -100.532 -0.790
205 -101.178 -0.795
221 -104.371 -0.820
197 -100.751 -0.791
205 -100.064 -0.786
220 -103.307 -0.811
193 -97.180 -0.763
206 -99.660 -0.783
197 -98.813 -0.776
215 -98.937 -0.777
159 -88.493 -0.695
200 -98.845 -0.776
195 -100.860 -0.792
205 -98.329 -0.772
190 -100.583 -0.790
207 -100.901 -0.792
210 -102.289 -0.803
202 -97.855 -0.769
204 -99.386 -0.781
177 -94.162 -0.740
214 -103.295 -0.811
206 -99.208 -0.779
190 -93.080 -0.731
198 -97.798 -0.768
203 -99.134 -0.779
188 -97.412 -0.765
187 -96.009 -0.754
187 -89.910 -0.706
204 -99.790 -0.784
211 -103.148 -0.810
224 -105.345 -0.827
231 -101.862 -0.800
229 -105.100 -0.825
195 -98.472 -0.773
211 -102.614 -0.806
215 -97.896 -0.769
203 -101.461 -0.797
206 -100.484 -0.789
208 -101.079 -0.794
180 -95.783 -0.752
197 -98.364 -0.773
198 -99.434 -0.781
205 -100.497 -0.789
187 -93.042 -0.731
201 -99.787 -0.784
202 -97.680 -0.767
192 -98.020 -0.770
226 -102.871 -0.808
215 -100.007 -0.785
218 -105.969 -0.832
211 -103.489 -0.813
186 -97.024 -0.762
210 -98.514 -0.774
210 -100.303 -0.788
199 -91.126 -0.716
185 -95.089 -0.747
192 -104.495 -0.821
205 -101.560 -0.798
227 -107.000 -0.840
210 -101.614 -0.798
196 -97.613 -0.767
212 -100.016 -0.786
185 -98.775 -0.776
208 -102.216 -0.803
205 -99.007 -0.778
192 -95.248 -0.748
201 -100.366 -0.788
187 -96.387 -0.757
205 -98.472 -0.773
199 -100.395 -0.788
198 -99.911 -0.785
188 -95.490 -0.750
199 -97.161 -0.763
195 -98.431 -0.773
200 -99.688 -0.783
180 -93.083 -0.731
204 -99.765 -0.784
189 -97.447 -0.765
201 -98.437 -0.773
206 -99.720 -0.783
210 -98.943 -0.777
204 -98.749 -0.776
207 -100.293 -0.788
213 -103.422 -0.812
221 -103.880 -0.816
173 -91.259 -0.717
192 -97.218 -0.764
194 -98.297 -0.772
204 -98.813 -0.776
210 -102.251 -0.803
203 -101.105 -0.794
202 -97.428 -0.765
184 -95.573 -0.751
181 -93.217 -0.732
179 -98.838 -0.776
191 -98.969 -0.777
204 -98.536 -0.774
196 -97.352 -0.765
204 -99.456 -0.781
169 -91.772 -0.721
201 -98.593 -0.774
188 -93.398 -0.734
185 -92.794 -0.729
213 -97.734 -0.768
189 -96.174 -0.755
218 -101.232 -0.795
206 -99.383 -0.781
213 -100.334 -0.788
217 -101.697 -0.799
180 -94.493 -0.742
205 -102.566 -0.806
211 -101.273 -0.795
197 -91.832 -0.721
202 -98.135 -0.771
219 -102.391 -0.804
205 -98.584 -0.774
188 -93.688 -0.736
197 -96.919 -0.761
184 -93.860 -0.737
204 -97.202 -0.763
229 -104.708 -0.822
190 -94.026 -0.738
168 -94.169 -0.740
206 -95.907 -0.753
212 -99.797 -0.784
194 -98.183 -0.771
187 -95.958 -0.754
192 -99.262 -0.780
208 -98.370 -0.773
183 -97.457 -0.765
196 -92.504 -0.727
195 -98.450 -0.773
182 -96.795 -0.760
183 -96.512 -0.758
195 -98.094 -0.770
195 -96.629 -0.759
230 -106.535 -0.837
196 -101.124 -0.794
208 -103.670 -0.814
166 -90.566 -0.711
201 -99.602 -0.782
195 -98.218 -0.771
195 -101.229 -0.795
171 -92.183 -0.724
191 -99.405 -0.781
179 -89.365 -0.702
200 -100.901 -0.792
187 -95.410 -0.749
186 -96.617 -0.759
217 -103.228 -0.811
181 -91.797 -0.721
219 -104.450 -0.820
210 -97.689 -0.767
186 -99.558 -0.782
179 -96.136 -0.755
210 -100.981 -0.793
171 -90.556 -0.711
203 -103.113 -0.810
195 -94.121 -0.739
201 -98.148 -0.771
205 -97.151 -0.763
183 -97.549 -0.766
200 -98.934 -0.777
203 -100.175 -0.787
179 -91.673 -0.720
211 -99.131 -0.779
196 -99.157 -0.779
201 -97.282 -0.764
183 -97.116 -0.763
183 -92.800 -0.729
202 -100.338 -0.788
194 -95.117 -0.747
159 -90.050 -0.707
179 -96.047 -0.754
195 -99.103 -0.778
194 -94.201 -0.740
209 -106.618 -0.837
193 -98.619 -0.775
224 -103.387 -0.812
208 -97.864 -0.769
189 -95.579 -0.751
198 -98.953 -0.777
189 -100.172 -0.787
190 -101.156 -0.794
204 -99.160 -0.779
212 -101.544 -0.798
198 -97.743 -0.768
213 -101.786 -0.799
224 -104.931 -0.824
206 -100.853 -0.792
183 -95.286 -0.748
228 -106.268 -0.835
217 -102.286 -0.803
205 -102.556 -0.805
211 -104.469 -0.820
203 -98.482 -0.773
167 -92.631 -0.728
219 -102.057 -0.802
171 -89.066 -0.700
214 -97.868 -0.769
210 -95.245 -0.748
198 -99.787 -0.784
183 -96.763 -0.760
197 -98.224 -0.771
204 -99.157 -0.779
179 -95.525 -0.750
199 -96.983 -0.762
219 -102.333 -0.804
221 -105.797 -0.831
184 -95.499 -0.750
212 -102.760 -0.807
211 -105.580 -0.829
195 -97.982 -0.770
212 -101.439 -0.797
191 -99.847 -0.784
187 -96.330 -0.757
211 -100.656 -0.791
188 -98.682 -0.775
189 -97.556 -0.766
171 -91.005 -0.715
212 -103.180 -0.810
200 -99.539 -0.782
207 -103.136 -0.810
198 -96.365 -0.757
211 -101.799 -0.800
213 -103.759 -0.815
196 -96.394 -0.757
197 -100.837 -0.792
211 -104.422 -0.820
218 -101.496 -0.797
187 -100.220 -0.787
194 -100.108 -0.786
239 -106.662 -0.838
194 -94.194 -0.740
197 -100.096 -0.786
230 -103.909 -0.816
175 -91.797 -0.721
179 -99.660 -0.783
198 -96.801 -0.760
206 -99.921 -0.785
206 -100.818 -0.792
208 -100.850 -0.792
209 -100.175 -0.787
202 -98.157 -0.771
207 -100.701 -0.791
214 -102.241 -0.803
197 -96.486 -0.758
184 -96.757 -0.760
197 -102.368 -0.804
214 -101.388 -0.796
201 -100.268 -0.787
179 -91.371 -0.718
188 -95.098 -0.747
192 -97.556 -0.766
183 -97.145 -0.763
209 -105.065 -0.825
193 -96.849 -0.761
217 -101.044 -0.794
194 -97.743 -0.768
204 -99.080 -0.778
209 -100.653 -0.791
187 -91.005 -0.715
206 -100.977 -0.793
215 -104.698 -0.822
220 -103.199 -0.811
220 -104.336 -0.819
232 -108.760 -0.854
213 -101.617 -0.798
186 -99.201 -0.779
213 -99.370 -0.780
209 -102.117 -0.802
210 -99.083 -0.778
202 -97.339 -0.764
192 -100.532 -0.790
238 -103.763 -0.815
190 -95.884 -0.753
189 -97.699 -0.767
190 -95.923 -0.753
201 -99.083 -0.778
188 -93.796 -0.737
204 -99.669 -0.783
198 -100.446 -0.789
220 -104.342 -0.819
198 -99.169 -0.779
202 -98.982 -0.777
188 -96.849 -0.761
211 -101.875 -0.800
209 -104.049 -0.817
201 -97.508 -0.766
204 -99.259 -0.780
189 -94.054 -0.739
172 -93.064 -0.731
209 -103.941 -0.816
192 -100.290 -0.788
179 -93.332 -0.733
193 -96.273 -0.756
205 -100.522 -0.789
207 -102.687 -0.806
202 -96.983 -0.762
192 -94.178 -0.740
202 -96.018 -0.754
192 -92.946 -0.730
201 -99.357 -0.780
213 -100.070 -0.786
180 -96.225 -0.756
192 -95.372 -0.749
199 -99.360 -0.780
201 -95.111 -0.747
202 -98.947 -0.777
214 -100.058 -0.786
195 -99.418 -0.781
160 -89.544 -0.703
197 -99.946 -0.785
208 -98.256 -0.772
225 -102.709 -0.807
190 -95.792 -0.752
198 -97.390 -0.765
187 -95.512 -0.750
182 -99.080 -0.778
217 -99.465 -0.781
210 -99.345 -0.780
193 -91.759 -0.721
204 -98.921 -0.777
206 -103.244 -0.811
198 -98.355 -0.772
194 -97.915 -0.769
208 -104.336 -0.819
219 -97.934 -0.769
198 -96.340 -0.757
193 -95.506 -0.750
188 -95.560 -0.751
200 -102.193 -0.803
185 -96.289 -0.756
229 -106.844 -0.839
207 -99.956 -0.785
162 -91.479 -0.718
183 -93.287 -0.733
223 -104.737 -0.823
205 -102.155 -0.802
191 -100.471 -0.789
186 -97.158 -0.763
207 -97.747 -0.768
204 -96.712 -0.760
181 -92.841 -0.729
211 -103.365 -0.812
211 -97.759 -0.768
210 -97.355 -0.765
211 -101.464 -0.797
214 -100.955 -0.793
204 -96.884 -0.761
191 -94.834 -0.745
202 -98.603 -0.774
185 -98.062 -0.770
209 -100.876 -0.792
206 -102.002 -0.801
203 -99.590 -0.782
200 -97.447 -0.765
211 -98.631 -0.775
198 -98.281 -0.772
200 -100.465 -0.789
202 -96.445 -0.757
219 -104.718 -0.822
187 -94.134 -0.739
179 -95.853 -0.753
177 -91.832 -0.721
179 -90.836 -0.713
201 -100.595 -0.790
204 -98.250 -0.772
205 -98.275 -0.772
215 -104.772 -0.823
220 -104.657 -0.822
208 -98.787 -0.776
181 -95.133 -0.747
204 -97.594 -0.766
209 -104.606 -0.822
205 -102.228 -0.803
212 -101.735 -0.799
176 -93.685 -0.736
188 -99.048 -0.778
196 -97.689 -0.767
194 -95.948 -0.754
205 -99.462 -0.781
202 -101.907 -0.800
225 -103.228 -0.811
180 -88.567 -0.696
223 -102.894 -0.808
186 -96.601 -0.759
187 -91.657 -0.720
193 -100.911 -0.793
188 -96.696 -0.759
213 -98.625 -0.775
193 -95.738 -0.752
175 -94.070 -0.739
213 -100.605 -0.790
215 -96.884 -0.761
186 -96.989 -0.762
189 -97.734 -0.768
197 -100.468 -0.789
201 -101.363 -0.796
195 -97.323 -0.764
178 -96.852 -0.761
194 -98.437 -0.773
201 -99.975 -0.785
175 -94.573 -0.743
189 -95.690 -0.752
184 -90.620 -0.712
211 -100.799 -0.792
214 -102.814 -0.807
201 -99.930 -0.785
196 -98.256 -0.772
187 -92.899 -0.730
212 -103.034 -0.809
206 -99.227 -0.779
204 -100.102 -0.786
224 -103.260 -0.811
225 -101.582 -0.798
213 -101.070 -0.794
188 -96.776 -0.760
210 -102.384 -0.804
192 -101.331 -0.796
179 -93.137 -0.731
194 -97.330 -0.764
200 -101.286 -0.795
177 -97.705 -0.767
185 -94.048 -0.739
217 -103.295 -0.811
188 -96.184 -0.755
199 -102.117 -0.802
212 -100.942 -0.793
207 -103.836 -0.816
195 -96.788 -0.760
202 -96.136 -0.755
153 -87.507 -0.687
194 -92.183 -0.724
212 -99.491 -0.781
222 -105.058 -0.825
188 -95.366 -0.749
210 -99.924 -0.785
194 -97.116 -0.763
194 -99.730 -0.783
192 -97.046 -0.762
201 -92.832 -0.729
216 -100.726 -0.791
216 -103.101 -0.810
202 -98.463 -0.773
190 -98.682 -0.775
190 -97.836 -0.768
209 -102.547 -0.805
197 -97.091 -0.763
205 -102.432 -0.804
206 -98.902 -0.777
188 -94.334 -0.741
207 -101.468 -0.797
189 -95.296 -0.748
199 -96.165 -0.755
208 -101.920 -0.800
198 -97.852 -0.769
215 -105.179 -0.826
187 -97.938 -0.769
210 -99.265 -0.780
196 -95.203 -0.748
196 -97.174 -0.763
176 -93.618 -0.735
200 -103.027 -0.809
176 -93.863 -0.737
216 -102.664 -0.806
207 -100.121 -0.786
220 -99.828 -0.784
193 -95.827 -0.753
208 -101.356 -0.796
196 -98.523 -0.774
206 -101.499 -0.797
198 -100.471 -0.789
189 -101.289 -0.796
173 -91.212 -0.716
209 -102.337 -0.804
186 -93.895 -0.737
180 -93.058 -0.731
183 -92.093 -0.723
177 -94.599 -0.743
205 -96.578 -0.759
191 -95.028 -0.746
188 -99.844 -0.784
191 -99.688 -0.783
190 -96.091 -0.755
180 -95.095 -0.747
162 -85.594 -0.672
200 -97.559 -0.766
206 -100.163 -0.787
209 -102.381 -0.804
197 -95.795 -0.752
189 -97.330 -0.764
201 -99.612 -0.782
194 -98.062 -0.770
200 -94.634 -0.743
215 -102.719 -0.807
243 -102.976 -0.809
190 -94.153 -0.739
201 -97.511 -0.766
201 -98.230 -0.771
214 -97.877 -0.769
204 -102.897 -0.808
198 -95.181 -0.748
200 -102.789 -0.807
205 -105.418 -0.828
175 -94.118 -0.739
212 -99.058 -0.778
209 -99.583 -0.782
197 -98.116 -0.771
213 -105.953 -0.832
203 -99.943 -0.785
203 -98.606 -0.774
178 -92.682 -0.728
213 -100.433 -0.789
208 -100.917 -0.793
210 -98.612 -0.774
176 -89.674 -0.704
194 -97.944 -0.769
214 -100.369 -0.788
203 -101.506 -0.797
201 -99.736 -0.783
200 -96.365 -0.757
199 -97.766 -0.768
192 -96.874 -0.761
205 -100.290 -0.788
182 -96.709 -0.760
194 -99.500 -0.781
214 -97.788 -0.768
217 -102.795 -0.807
208 -98.628 -0.775
192 -92.615 -0.727
196 -95.824 -0.753
212 -99.688 -0.783
174 -92.558 -0.727
205 -95.467 -0.750
202 -99.841 -0.784
180 -92.915 -0.730
188 -96.760 -0.760
206 -99.243 -0.779
207 -97.947 -0.769
208 -100.595 -0.790
180 -90.798 -0.713
184 -93.465 -0.734
197 -99.956 -0.785
194 -97.626 -0.767
222 -104.842 -0.823
194 -91.043 -0.715
194 -99.322 -0.780
185 -96.448 -0.757
186 -96.983 -0.762
174 -91.750 -0.721
201 -99.042 -0.778
197 -99.497 -0.781
197 -97.377 -0.765
182 -94.856 -0.745
192 -99.685 -0.783
204 -101.910 -0.800
203 -100.121 -0.786
209 -100.411 -0.789
202 -97.196 -0.763
209 -99.612 -0.782
207 -96.909 -0.761
209 -101.776 -0.799
232 -105.946 -0.832
230 -104.826 -0.823
179 -95.827 -0.753
194 -95.445 -0.750
195 -101.025 -0.793
199 -95.582 -0.751
198 -99.478 -0.781
176 -90.772 -0.713
218 -102.193 -0.803
207 -103.651 -0.814
192 -97.829 -0.768
201 -99.281 -0.780
173 -89.429 -0.702
187 -95.623 -0.751
200 -98.775 -0.776
181 -94.073 -0.739
195 -97.657 -0.767
182 -94.965 -0.746
186 -98.370 -0.773
185 -96.502 -0.758
211 -100.284 -0.788
241 -104.447 -0.820
230 -103.696 -0.814
177 -95.792 -0.752
203 -103.387 -0.812
192 -96.785 -0.760
210 -102.477 -0.805
197 -98.943 -0.777
183 -94.293 -0.741
197 -96.703 -0.759
223 -103.046 -0.809
201 -99.013 -0.778
198 -99.443 -0.781
194 -99.472 -0.781
205 -94.643 -0.743
212 -99.895 -0.785
180 -93.389 -0.733
200 -103.279 -0.811
213 -102.658 -0.806
195 -97.457 -0.765
197 -95.821 -0.753
203 -100.306 -0.788
188 -94.786 -0.744
203 -101.388 -0.796
215 -101.627 -0.798
217 -100.930 -0.793
194 -100.131 -0.786
192 -94.143 -0.739
199 -96.502 -0.758
211 -99.287 -0.780
178 -91.657 -0.720
208 -102.435 -0.805
205 -99.252 -0.780
206 -102.426 -0.804
196 -101.079 -0.794
197 -101.207 -0.795
200 -97.014 -0.762
181 -97.021 -0.762
204 -100.064 -0.786
182 -91.676 -0.720
202 -97.947 -0.769
198 -97.040 -0.762
205 -101.910 -0.800
209 -101.487 -0.797
197 -99.905 -0.785
206 -102.018 -0.801
201 -96.231 -0.756
219 -100.261 -0.787
164 -90.063 -0.707
179 -95.477 -0.750
213 -101.089 -0.794
193 -96.890 -0.761
196 -95.467 -0.750
182 -92.001 -0.723
213 -102.445 -0.805
169 -93.010 -0.730
207 -101.719 -0.799
221 -103.712 -0.815
241 -106.923 -0.840
186 -97.247 -0.764
195 -96.839 -0.761
206 -98.358 -0.772
198 -103.467 -0.813
201 -99.726 -0.783
203 -100.650 -0.790
192 -95.783 -0.752
191 -100.411 -0.789
210 -100.166 -0.787
176 -97.419 -0.765
196 -96.047 -0.754
207 -103.078 -0.810
206 -100.697 -0.791
188 -98.647 -0.775
192 -94.274 -0.740
197 -95.986 -0.754
209 -99.440 -0.781
183 -96.295 -0.756
194 -102.954 -0.809
199 -98.571 -0.774
182 -96.999 -0.762
205 -97.727 -0.768
205 -98.132 -0.771
201 -99.303 -0.780
217 -98.364 -0.773
199 -99.809 -0.784
204 -100.054 -0.786
206 -97.135 -0.763
176 -95.929 -0.753
215 -103.355 -0.812
203 -97.244 -0.764
207 -96.578 -0.759
204 -96.381 -0.757
189 -99.510 -0.782
197 -95.878 -0.753
219 -102.610 -0.806
208 -103.998 -0.817
195 -98.367 -0.773
189 -98.966 -0.777
201 -102.458 -0.805
204 -96.499 -0.758
198 -97.285 -0.764
205 -100.462 -0.789
191 -95.811 -0.752
196 -99.297 -0.780
200 -96.792 -0.760
197 -96.823 -0.760
209 -98.797 -0.776
201 -96.591 -0.759
206 -100.946 -0.793
204 -100.997 -0.793
237 -108.448 -0.852
209 -104.275 -0.819
195 -95.448 -0.750
219 -105.650 -0.830
183 -91.533 -0.719
195 -95.130 -0.747
188 -97.180 -0.763
205 -101.480 -0.797
213 -97.142 -0.763
200 -98.956 -0.777
192 -95.983 -0.754
204 -102.053 -0.802
193 -103.693 -0.814
216 -102.992 -0.809
194 -97.368 -0.765
212 -100.108 -0.786
182 -92.561 -0.727
200 -101.146 -0.794
218 -104.183 -0.818
188 -100.917 -0.793
205 -101.850 -0.800
187 -93.227 -0.732
214 -99.870 -0.784
175 -91.110 -0.716
191 -96.750 -0.760
197 -101.429 -0.797
193 -96.273 -0.756
188 -96.750 -0.760
220 -106.729 -0.838
199 -101.044 -0.794
180 -92.819 -0.729
179 -93.771 -0.736
211 -99.676 -0.783
166 -95.999 -0.754
179 -97.355 -0.765
172 -93.459 -0.734
203 -97.139 -0.763
194 -96.416 -0.757
190 -93.090 -0.731
217 -100.968 -0.793
197 -96.725 -0.760
198 -97.024 -0.762
182 -96.973 -0.762
203 -94.092 -0.739
194 -97.508 -0.766
209 -101.168 -0.795
197 -97.976 -0.769
168 -91.963 -0.722
179 -96.426 -0.757
204 -97.384 -0.765
204 -103.619 -0.814
193 -98.307 -0.772
232 -102.267 -0.803
211 -102.114 -0.802
187 -95.894 -0.753
185 -94.573 -0.743
205 -99.033 -0.778
194 -100.675 -0.791
200 -98.606 -0.774
205 -101.945 -0.801
197 -96.031 -0.754
213 -98.062 -0.770
195 -96.543 -0.758
206 -102.458 -0.805
210 -101.165 -0.795
199 -97.422 -0.765
216 -99.335 -0.780
191 -95.283 -0.748
184 -97.253 -0.764
199 -99.115 -0.778
171 -92.663 -0.728
201 -99.529 -0.782
190 -97.075 -0.762
212 -102.162 -0.802
178 -92.679 -0.728
190 -96.836 -0.761
208 -98.740 -0.775
195 -101.894 -0.800
219 -103.654 -0.814
209 -98.215 -0.771
206 -100.898 -0.792
208 -104.393 -0.820
210 -98.899 -0.777
171 -90.069 -0.707
146 -86.291 -0.678
193 -94.860 -0.745
181 -93.905 -0.738
199 -95.098 -0.747
190 -95.856 -0.753
204 -96.992 -0.762
198 -92.275 -0.725
201 -97.377 -0.765
217 -102.550 -0.805
187 -97.030 -0.762
198 -94.121 -0.739
183 -93.395 -0.734
202 -100.535 -0.790
180 -92.857 -0.729
185 -99.698 -0.783
199 -100.662 -0.791
180 -91.864 -0.721
208 -100.713 -0.791
189 -97.295 -0.764
194 -95.337 -0.749
183 -97.813 -0.768
188 -90.788 -0.713
217 -99.867 -0.784
181 -92.389 -0.726
178 -95.143 -0.747
209 -102.295 -0.803
204 -100.408 -0.789
189 -94.337 -0.741
216 -100.070 -0.786
207 -101.862 -0.800
221 -104.638 -0.822
211 -98.183 -0.771
222 -98.332 -0.772
181 -95.452 -0.750
197 -99.564 -0.782
190 -94.516 -0.742
171 -89.923 -0.706
192 -95.900 -0.753
189 -98.256 -0.772
232 -102.779 -0.807
208 -100.557 -0.790
197 -98.692 -0.775
204 -102.260 -0.803
215 -101.464 -0.797
196 -99.981 -0.785
184 -94.739 -0.744
193 -97.193 -0.763
189 -94.366 -0.741
213 -100.694 -0.791
201 -101.614 -0.798
208 -101.780 -0.799
222 -101.471 -0.797
213 -104.355 -0.820
182 -90.553 -0.711
191 -96.757 -0.760
212 -101.363 -0.796
185 -96.738 -0.760
200 -97.629 -0.767
169 -88.662 -0.696
173 -93.688 -0.736
182 -95.436 -0.750
189 -95.423 -0.749
226 -100.497 -0.789
212 -102.477 -0.805
174 -90.594 -0.712
201 -97.613 -0.767
198 -94.175 -0.740
189 -98.300 -0.772
183 -93.984 -0.738
185 -92.116 -0.723
188 -98.218 -0.771
223 -104.886 -0.824
194 -97.291 -0.764
211 -103.384 -0.812
220 -98.838 -0.776
198 -97.584 -0.766
209 -97.301 -0.764
207 -101.487 -0.797
201 -100.475 -0.789
195 -93.793 -0.737
206 -103.151 -0.810
188 -95.089 -0.747
213 -99.532 -0.782
206 -98.335 -0.772
215 -100.398 -0.789
202 -97.778 -0.768
198 -96.731 -0.760
208 -96.375 -0.757
187 -97.132 -0.763
197 -98.733 -0.775
218 -104.151 -0.818
204 -100.837 -0.792
219 -103.158 -0.810
202 -95.770 -0.752
174 -99.402 -0.781
198 -100.277 -0.788
204 -100.414 -0.789
182 -94.761 -0.744
198 -100.140 -0.786
215 -103.498 -0.813
206 -98.807 -0.776
207 -99.271 -0.780
202 -102.451 -0.805
216 -100.102 -0.786
191 -90.476 -0.711
219 -104.119 -0.818
194 -94.751 -0.744
202 -98.014 -0.770
193 -95.773 -0.752
177 -94.914 -0.745
204 -100.303 -0.788
206 -99.259 -0.780
208 -103.037 -0.809
206 -99.994 -0.785
189 -97.384 -0.765
175 -90.101 -0.708
207 -102.327 -0.804
192 -92.097 -0.723
210 -101.105 -0.794
202 -96.063 -0.754
217 -103.906 -0.816
189 -99.475 -0.781
181 -95.732 -0.752
197 -99.150 -0.779
201 -100.376 -0.788
174 -93.647 -0.735
202 -98.692 -0.775
216 -101.172 -0.795
198 -95.884 -0.753
194 -99.847 -0.784
163 -88.888 -0.698
189 -92.781 -0.729
194 -94.707 -0.744
200 -99.771 -0.784
201 -99.835 -0.784
209 -101.936 -0.801
187 -93.618 -0.735
200 -101.509 -0.797
195 -101.051 -0.794
196 -98.437 -0.773
192 -96.486 -0.758
191 -93.478 -0.734
183 -97.285 -0.764
199 -99.154 -0.779
204 -94.089 -0.739
197 -100.312 -0.788
200 -98.183 -0.771
188 -95.203 -0.748
213 -101.213 -0.795
215 -100.414 -0.789
187 -94.334 -0.741
170 -89.295 -0.701
209 -99.781 -0.784
182 -94.283 -0.740
195 -98.571 -0.774
188 -96.082 -0.755
203 -98.673 -0.775
189 -96.174 -0.755
188 -97.457 -0.765
211 -102.544 -0.805
208 -105.227 -0.826
216 -106.000 -0.833
189 -100.831 -0.792
178 -96.009 -0.754
206 -104.020 -0.817
201 -100.293 -0.788
203 -98.708 -0.775
203 -99.415 -0.781
171 -91.603 -0.719
180 -96.085 -0.755
174 -92.482 -0.726
218 -103.842 -0.816
201 -102.970 -0.809
189 -97.635 -0.767
195 -97.317 -0.764
184 -97.129 -0.763
219 -102.614 -0.806
198 -99.676 -0.783
196 -99.809 -0.784
200 -98.883 -0.777
213 -100.694 -0.791
195 -97.511 -0.766
204 -98.628 -0.775
186 -93.061 -0.731
200 -97.708 -0.767
196 -100.885 -0.792
195 -96.502 -0.758
212 -99.647 -0.783
215 -97.113 -0.763
220 -102.957 -0.809
200 -101.019 -0.793
222 -105.650 -0.830
218 -104.991 -0.825
208 -99.628 -0.782
218 -106.417 -0.836
196 -96.597 -0.759
203 -99.736 -0.783
221 -102.709 -0.807
171 -92.638 -0.728
193 -98.956 -0.777
202 -98.014 -0.770
167 -89.843 -0.706
186 -95.904 -0.753
185 -95.604 -0.751
192 -98.428 -0.773
173 -95.235 -0.748
179 -94.000 -0.738
210 -99.965 -0.785
207 -102.505 -0.805
204 -99.150 -0.779
188 -97.412 -0.765
174 -91.737 -0.720
193 -96.034 -0.754
191 -99.322 -0.780
214 -102.343 -0.804
206 -96.139 -0.755
245 -106.592 -0.837
207 -98.612 -0.774
234 -103.546 -0.813
172 -90.209 -0.708
188 -94.035 -0.739
201 -97.180 -0.763
207 -98.619 -0.775
200 -100.532 -0.790
205 -101.178 -0.795
221 -104.371 -0.820
197 -100.751 -0.791
205 -100.064 -0.786
220 -103.307 -0.811
193 -97.180 -0.763
206 -99.660 -0.783
197 -98.813 -0.776
215 -98.937 -0.777
159 -88.493 -0.695
200 -98.845 -0.776
195 -100.860 -0.792
205 -98.329 -0.772
190 -100.583 -0.790
207 -100.901 -0.792
210 -102.289 -0.803
202 -97.855 -0.769
204 -99.386 -0.781
177 -94.162 -0.740
214 -103.295 -0.811
206 -99.208 -0.779
190 -93.080 -0.731
198 -97.798 -0.768
203 -99.134 -0.779
188 -97.412 -0.765
187 -96.009 -0.754
187 -89.910 -0.706
204 -99.790 -0.784
211 -103.148 -0.810
224 -105.345 -0.827
231 -101.862 -0.800
229 -105.100 -0.825
195 -98.472 -0.773
211 -102.614 -0.806
215 -97.896 -0.769
203 -101.461 -0.797
206 -100.484 -0.789
208 -101.079 -0.794
180 -95.783 -0.752
197 -98.364 -0.773
198 -99.434 -0.781
205 -100.497 -0.789
187 -93.042 -0.731
201 -99.787 -0.784
202 -97.680 -0.767
192 -98.020 -0.770
226 -102.871 -0.808
215 -100.007 -0.785
218 -105.969 -0.832
211 -103.489 -0.813
186 -97.024 -0.762
210 -98.514 -0.774
210 -100.303 -0.788
199 -91.126 -0.716
185 -95.089 -0.747
192 -104.495 -0.821
205 -101.560 -0.798
227 -107.000 -0.840
210 -101.614 -0.798
196 -97.613 -0.767
212 -100.016 -0.786
185 -98.775 -0.776
208 -102.216 -0.803
205 -99.007 -0.778
192 -95.248 -0.748
201 -100.366 -0.788
187 -96.387 -0.757
205 -98.472 -0.773
199 -100.395 -0.788
198 -99.911 -0.785
188 -95.490 -0.750
199 -97.161 -0.763
195 -98.431 -0.773
200 -99.688 -0.783
180 -93.083 -0.731
204 -99.765 -0.784
189 -97.447 -0.765
201 -98.437 -0.773
206 -99.720 -0.783
210 -98.943 -0.777
204 -98.749 -0.776
207 -100.293 -0.788
213 -103.422 -0.812
221 -103.880 -0.816
173 -91.259 -0.717
192 -97.218 -0.764
194 -98.297 -0.772
204 -98.813 -0.776
210 -102.251 -0.803
203 -101.105 -0.794
202 -97.428 -0.765
184 -95.573 -0.751
181 -93.217 -0.732
179 -98.838 -0.776
191 -98.969 -0.777
204 -98.536 -0.774
196 -97.352 -0.765
204 -99.456 -0.781
169 -91.772 -0.721
201 -98.593 -0.774
188 -93.398 -0.734
185 -92.794 -0.729
213 -97.734 -0.768
189 -96.174 -0.755
218 -101.232 -0.795
206 -99.383 -0.781
213 -100.334 -0.788
217 -101.697 -0.799
180 -94.493 -0.742
205 -102.566 -0.806
211 -101.273 -0.795
197 -91.832 -0.721
202 -98.135 -0.771
219 -102.391 -0.804
205 -98.584 -0.774
188 -93.688 -0.736
197 -96.919 -0.761
184 -93.860 -0.737
204 -97.202 -0.763
229 -104.708 -0.822
190 -94.026 -0.738
168 -94.169 -0.740
206 -95.907 -0.753
212 -99.797 -0.784
194 -98.183 -0.771
187 -95.958 -0.754
192 -99.262 -0.780
208 -98.370 -0.773
183 -97.457 -0.765
196 -92.504 -0.727
195 -98.450 -0.773
182 -96.795 -0.760
183 -96.512 -0.758
195 -98.094 -0.770
195 -96.629 -0.759
230 -106.535 -0.837
196 -101.124 -0.794
208 -103.670 -0.814
166 -90.566 -0.711
201 -99.602 -0.782
195 -98.218 -0.771
195 -101.229 -0.795
171 -92.183 -0.724
191 -99.405 -0.781
179 -89.365 -0.702
200 -100.901 -0.792
187 -95.410 -0.749
186 -96.617 -0.759
217 -103.228 -0.811
181 -91.797 -0.721
219 -104.450 -0.820
210 -97.689 -0.767
186 -99.558 -0.782
179 -96.136 -0.755
210 -100.981 -0.793
171 -90.556 -0.711
203 -103.113 -0.810
195 -94.121 -0.739
201 -98.148 -0.771
205 -97.151 -0.763
183 -97.549 -0.766
200 -98.934 -0.777
203 -100.175 -0.787
179 -91.673 -0.720
211 -99.131 -0.779
196 -99.157 -0.779
201 -97.282 -0.764
183 -97.116 -0.763
183 -92.800 -0.729
202 -100.338 -0.788
194 -95.117 -0.747
159 -90.050 -0.707
179 -96.047 -0.754
195 -99.103 -0.778
194 -94.201 -0.740
209 -106.618 -0.837
193 -98.619 -0.775
224 -103.387 -0.812
208 -97.864 -0.769
189 -95.579 -0.751
198 -98.953 -0.777
189 -100.172 -0.787
190 -101.156 -0.794
204 -99.160 -0.779
212 -101.544 -0.798
198 -97.743 -0.768
213 -101.786 -0.799
224 -104.931 -0.824
206 -100.853 -0.792
183 -95.286 -0.748
228 -106.268 -0.835
217 -102.286 -0.803
205 -102.556 -0.805
211 -104.469 -0.820
203 -98.482 -0.773
167 -92.631 -0.728
219 -102.057 -0.802
171 -89.066 -0.700
214 -97.868 -0.769
210 -95.245 -0.748
198 -99.787 -0.784
183 -96.763 -0.760
197 -98.224 -0.771
204 -99.157 -0.779
179 -95.525 -0.750
199 -96.983 -0.762
219 -102.333 -0.804
221 -105.797 -0.831
184 -95.499 -0.750
212 -102.760 -0.807
211 -105.580 -0.829
195 -97.982 -0.770
212 -101.439 -0.797
191 -99.847 -0.784
187 -96.330 -0.757
211 -100.656 -0.791
188 -98.682 -0.775
189 -97.556 -0.766
171 -91.005 -0.715
212 -103.180 -0.810
200 -99.539 -0.782
207 -103.136 -0.810
198 -96.365 -0.757
211 -101.799 -0.800
213 -103.759 -0.815
196 -96.394 -0.757
197 -100.837 -0.792
211 -104.422 -0.820
218 -101.496 -0.797
187 -100.220 -0.787
194 -100.108 -0.786
239 -106.662 -0.838
194 -94.194 -0.740
197 -100.096 -0.786
230 -103.909 -0.816
175 -91.797 -0.721
179 -99.660 -0.783
198 -96.801 -0.760
206 -99.921 -0.785
206 -100.818 -0.792
208 -100.850 -0.792
209 -100.175 -0.787
202 -98.157 -0.771
207 -100.701 -0.791
214 -102.241 -0.803
197 -96.486 -0.758
184 -96.757 -0.760
197 -102.368 -0.804
214 -101.388 -0.796
201 -100.268 -0.787
179 -91.371 -0.718
188 -95.098 -0.747
192 -97.556 -0.766
183 -97.145 -0.763
209 -105.065 -0.825
193 -96.849 -0.761
217 -101.044 -0.794
194 -97.743 -0.768
204 -99.080 -0.778
209 -100.653 -0.791
187 -91.005 -0.715
206 -100.977 -0.793
215 -104.698 -0.822
220 -103.199 -0.811
220 -104.336 -0.819
232 -108.760 -0.854
213 -101.617 -0.798
186 -99.201 -0.779
213 -99.370 -0.780
209 -102.117 -0.802
210 -99.083 -0.778
202 -97.339 -0.764
192 -100.532 -0.790
238 -103.763 -0.815
190 -95.884 -0.753
189 -97.699 -0.767
190 -95.923 -0.753
201 -99.083 -0.778
188 -93.796 -0.737
204 -99.669 -0.783
198 -100.446 -0.789
220 -104.342 -0.819
198 -99.169 -0.779
202 -98.982 -0.777
188 -96.849 -0.761
211 -101.875 -0.800
209 -104.049 -0.817
201 -97.508 -0.766
204 -99.259 -0.780
189 -94.054 -0.739
172 -93.064 -0.731
209 -103.941 -0.816
192 -100.290 -0.788
179 -93.332 -0.733
193 -96.273 -0.756
205 -100.522 -0.789
207 -102.687 -0.806
202 -96.983 -0.762
192 -94.178 -0.740
202 -96.018 -0.754
192 -92.946 -0.730
201 -99.357 -0.780
213 -100.070 -0.786
180 -96.225 -0.756
192 -95.372 -0.749
199 -99.360 -0.780
201 -95.111 -0.747
202 -98.947 -0.777
214 -100.058 -0.786
195 -99.418 -0.781
160 -89.544 -0.703
197 -99.946 -0.785
208 -98.256 -0.772
225 -102.709 -0.807
190 -95.792 -0.752
198 -97.390 -0.765
187 -95.512 -0.750
182 -99.080 -0.778
217 -99.465 -0.781
210 -99.345 -0.780
193 -91.759 -0.721
204 -98.921 -0.777
206 -103.244 -0.811
198 -98.355 -0.772
194 -97.915 -0.769
208 -104.336 -0.819
219 -97.934 -0.769
198 -96.340 -0.757
193 -95.506 -0.750
188 -95.560 -0.751
200 -102.193 -0.803
185 -96.289 -0.756
229 -106.844 -0.839
207 -99.956 -0.785
162 -91.479 -0.718
183 -93.287 -0.733
223 -104.737 -0.823
205 -102.155 -0.802
191 -100.471 -0.789
186 -97.158 -0.763
207 -97.747 -0.768
204 -96.712 -0.760
181 -92.841 -0.729
211 -103.365 -0.812
211 -97.759 -0.768
210 -97.355 -0.765
211 -101.464 -0.797
214 -100.955 -0.793
204 -96.884 -0.761
191 -94.834 -0.745
202 -98.603 -0.774
185 -98.062 -0.770
209 -100.876 -0.792
206 -102.002 -0.801
203 -99.590 -0.782
200 -97.447 -0.765
211 -98.631 -0.775
198 -98.281 -0.772
200 -100.465 -0.789
202 -96.445 -0.757
219 -104.718 -0.822
187 -94.134 -0.739
179 -95.853 -0.753
177 -91.832 -0.721
179 -90.836 -0.713
201 -100.595 -0.790
204 -98.250 -0.772
205 -98.275 -0.772
215 -104.772 -0.823
220 -104.657 -0.822
208 -98.787 -0.776
181 -95.133 -0.747
204 -97.594 -0.766
209 -104.606 -0.822
205 -102.228 -0.803
212 -101.735 -0.799
176 -93.685 -0.736
188 -99.048 -0.778
196 -97.689 -0.767
194 -95.948 -0.754
205 -99.462 -0.781
202 -101.907 -0.800
225 -103.228 -0.811
180 -88.567 -0.696
223 -102.894 -0.808
186 -96.601 -0.759
187 -91.657 -0.720
193 -100.911 -0.793
188 -96.696 -0.759
213 -98.625 -0.775
193 -95.738 -0.752
175 -94.070 -0.739
213 -100.605 -0.790
215 -96.884 -0.761
186 -96.989 -0.762
189 -97.734 -0.768
197 -100.468 -0.789
201 -101.363 -0.796
195 -97.323 -0.764
178 -96.852 -0.761
194 -98.437 -0.773
201 -99.975 -0.785
175 -94.573 -0.743
189 -95.690 -0.752
184 -90.620 -0.712
211 -100.799 -0.792
214 -102.814 -0.807
201 -99.930 -0.785
196 -98.256 -0.772
187 -92.899 -0.730
212 -103.034 -0.809
206 -99.227 -0.779
204 -100.102 -0.786
224 -103.260 -0.811
225 -101.582 -0.798
213 -101.070 -0.794
188 -96.776 -0.760
210 -102.384 -0.804
192 -101.331 -0.796
179 -93.137 -0.731
194 -97.330 -0.764
200 -101.286 -0.795
177 -97.705 -0.767
185 -94.048 -0.739
217 -103.295 -0.811
188 -96.184 -0.755
199 -102.117 -0.802
212 -100.942 -0.793
207 -103.836 -0.816
195 -96.788 -0.760
202 -96.136 -0.755
153 -87.507 -0.687
194 -92.183 -0.724
212 -99.491 -0.781
222 -105.058 -0.825
188 -95.366 -0.749
210 -99.924 -0.785
194 -97.116 -0.763
194 -99.730 -0.783
192 -97.046 -0.762
201 -92.832 -0.729
216 -100.726 -0.791
216 -103.101 -0.810
202 -98.463 -0.773
190 -98.682 -0.775
190 -97.836 -0.768
209 -102.547 -0.805
197 -97.091 -0.763
205 -102.432 -0.804
206 -98.902 -0.777
188 -94.334 -0.741
207 -101.468 -0.797
189 -95.296 -0.748
199 -96.165 -0.755
208 -101.920 -0.800
198 -97.852 -0.769
215 -105.179 -0.826
187 -97.938 -0.769
210 -99.265 -0.780
196 -95.203 -0.748
196 -97.174 -0.763
176 -93.618 -0.735
200 -103.027 -0.809
176 -93.863 -0.737
216 -102.664 -0.806
207 -100.121 -0.786
220 -99.828 -0.784
193 -95.827 -0.753
208 -101.356 -0.796
196 -98.523 -0.774
206 -101.499 -0.797
198 -100.471 -0.789
189 -101.289 -0.796
173 -91.212 -0.716
209 -102.337 -0.804
186 -93.895 -0.737
180 -93.058 -0.731
183 -92.093 -0.723
177 -94.599 -0.743
205 -96.578 -0.759
191 -95.028 -0.746
188 -99.844 -0.784
191 -99.688 -0.783
190 -96.091 -0.755
180 -95.095 -0.747
162 -85.594 -0.672
200 -97.559 -0.766
206 -100.163 -0.787
209 -102.381 -0.804
197 -95.795 -0.752
189 -97.330 -0.764
201 -99.612 -0.782
194 -98.062 -0.770
200 -94.634 -0.743
215 -102.719 -0.807
243 -102.976 -0.809
190 -94.153 -0.739
201 -97.511 -0.766
201 -98.230 -0.771
214 -97.877 -0.769
204 -102.897 -0.808
198 -95.181 -0.748
200 -102.789 -0.807
205 -105.418 -0.828
175 -94.118 -0.739
212 -99.058 -0.778
209 -99.583 -0.782
197 -98.116 -0.771
213 -105.953 -0.832
203 -99.943 -0.785
203 -98.606 -0.774
178 -92.682 -0.728
213 -100.433 -0.789
208 -100.917 -0.793
210 -98.612 -0.774
176 -89.674 -0.704
194 -97.944 -0.769
214 -100.369 -0.788
203 -101.506 -0.797
201 -99.736 -0.783
200 -96.365 -0.757
199 -97.766 -0.768
192 -96.874 -0.761
205 -100.290 -0.788
182 -96.709 -0.760
194 -99.500 -0.781
214 -97.788 -0.768
217 -102.795 -0.807
208 -98.628 -0.775
192 -92.615 -0.727
196 -95.824 -0.753
212 -99.688 -0.783
174 -92.558 -0.727
205 -95.467 -0.750
202 -99.841 -0.784
180 -92.915 -0.730
188 -96.760 -0.760
206 -99.243 -0.779
207 -97.947 -0.769
208 -100.595 -0.790
180 -90.798 -0.713
184 -93.465 -0.734
197 -99.956 -0.785
194 -97.626 -0.767
222 -104.842 -0.823
194 -91.043 -0.715
194 -99.322 -0.780
185 -96.448 -0.757
186 -96.983 -0.762
174 -91.750 -0.721
201 -99.042 -0.778
197 -99.497 -0.781
197 -97.377 -0.765
182 -94.856 -0.745
192 -99.685 -0.783
204 -101.910 -0.800
203 -100.121 -0.786
209 -100.411 -0.789
202 -97.196 -0.763
209 -99.612 -0.782
207 -96.909 -0.761
209 -101.776 -0.799
232 -105.946 -0.832
230 -104.826 -0.823
179 -95.827 -0.753
194 -95.445 -0.750
195 -101.025 -0.793
199 -95.582 -0.751
198 -99.478 -0.781
176 -90.772 -0.713
218 -102.193 -0.803
207 -103.651 -0.814
192 -97.829 -0.768
201 -99.281 -0.780
173 -89.429 -0.702
187 -95.623 -0.751
200 -98.775 -0.776
181 -94.073 -0.739
195 -97.657 -0.767
182 -94.965 -0.746
186 -98.370 -0.773
185 -96.502 -0.758
211 -100.284 -0.788
241 -104.447 -0.820
230 -103.696 -0.814
177 -95.792 -0.752
203 -103.387 -0.812
192 -96.785 -0.760
210 -102.477 -0.805
197 -98.943 -0.777
183 -94.293 -0.741
197 -96.703 -0.759
223 -103.046 -0.809
201 -99.013 -0.778
198 -99.443 -0.781
194 -99.472 -0.781
205 -94.643 -0.743
212 -99.895 -0.785
180 -93.389 -0.733
200 -103.279 -0.811
213 -102.658 -0.806
195 -97.457 -0.765
197 -95.821 -0.753
203 -100.306 -0.788
188 -94.786 -0.744
203 -101.388 -0.796
215 -101.627 -0.798
217 -100.930 -0.793
194 -100.131 -0.786
192 -94.143 -0.739
199 -96.502 -0.758
211 -99.287 -0.780
178 -91.657 -0.720
208 -102.435 -0.805
205 -99.252 -0.780
206 -102.426 -0.804
196 -101.079 -0.794
197 -101.207 -0.795
200 -97.014 -0.762
181 -97.021 -0.762
204 -100.064 -0.786
182 -91.676 -0.720
202 -97.947 -0.769
198 -97.040 -0.762
205 -101.910 -0.800
209 -101.487 -0.797
197 -99.905 -0.785
206 -102.018 -0.801
201 -96.231 -0.756
219 -100.261 -0.787
164 -90.063 -0.707
179 -95.477 -0.750
213 -101.089 -0.794
193 -96.890 -0.761
196 -95.467 -0.750
182 -92.001 -0.723
213 -102.445 -0.805
169 -93.010 -0.730
207 -101.719 -0.799
221 -103.712 -0.815
241 -106.923 -0.840
186 -97.247 -0.764
195 -96.839 -0.761
206 -98.358 -0.772
198 -103.467 -0.813
201 -99.726 -0.783
203 -100.650 -0.790
192 -95.783 -0.752
191 -100.411 -0.789
210 -100.166 -0.787
176 -97.419 -0.765
196 -96.047 -0.754
207 -103.078 -0.810
206 -100.697 -0.791
188 -98.647 -0.775
192 -94.274 -0.740
197 -95.986 -0.754
209 -99.440 -0.781
183 -96.295 -0.756
194 -102.954 -0.809
199 -98.571 -0.774
182 -96.999 -0.762
205 -97.727 -0.768
205 -98.132 -0.771
201 -99.303 -0.780
217 -98.364 -0.773
199 -99.809 -0.784
204 -100.054 -0.786
206 -97.135 -0.763
176 -95.929 -0.753
215 -103.355 -0.812
203 -97.244 -0.764
207 -96.578 -0.759
204 -96.381 -0.757
189 -99.510 -0.782
197 -95.878 -0.753
219 -102.610 -0.806
208 -103.998 -0.817
195 -98.367 -0.773
189 -98.966 -0.777
201 -102.458 -0.805
204 -96.499 -0.758
198 -97.285 -0.764
205 -100.462 -0.789
191 -95.811 -0.752
196 -99.297 -0.780
200 -96.792 -0.760
197 -96.823 -0.760
209 -98.797 -0.776
201 -96.591 -0.759
206 -100.946 -0.793
204 -100.997 -0.793
237 -108.448 -0.852
209 -104.275 -0.819
195 -95.448 -0.750
219 -105.650 -0.830
183 -91.533 -0.719
195 -95.130 -0.747
188 -97.180 -0.763
205 -101.480 -0.797
213 -97.142 -0.763
200 -98.956 -0.777
192 -95.983 -0.754
204 -102.053 -0.802
193 -103.693 -0.814
216 -102.992 -0.809
194 -97.368 -0.765
212 -100.108 -0.786
182 -92.561 -0.727
200 -101.146 -0.794
218 -104.183 -0.818
188 -100.917 -0.793
205 -101.850 -0.800
187 -93.227 -0.732
214 -99.870 -0.784
175 -91.110 -0.716
191 -96.750 -0.760
197 -101.429 -0.797
193 -96.273 -0.756
188 -96.750 -0.760
220 -106.729 -0.838
199 -101.044 -0.794
180 -92.819 -0.729
179 -93.771 -0.736
211 -99.676 -0.783
166 -95.999 -0.754
179 -97.355 -0.765
172 -93.459 -0.734
203 -97.139 -0.763
194 -96.416 -0.757
190 -93.090 -0.731
217 -100.968 -0.793
197 -96.725 -0.760
198 -97.024 -0.762
182 -96.973 -0.762
203 -94.092 -0.739
194 -97.508 -0.766
209 -101.168 -0.795
197 -97.976 -0.769
168 -91.963 -0.722
179 -96.426 -0.757
204 -97.384 -0.765
204 -103.619 -0.814
193 -98.307 -0.772
232 -102.267 -0.803
211 -102.114 -0.802
187 -95.894 -0.753
185 -94.573 -0.743
205 -99.033 -0.778
194 -100.675 -0.791
200 -98.606 -0.774
205 -101.945 -0.801
197 -96.031 -0.754
213 -98.062 -0.770
195 -96.543 -0.758
206 -102.458 -0.805
210 -101.165 -0.795
199 -97.422 -0.765
216 -99.335 -0.780
191 -95.283 -0.748
184 -97.253 -0.764
199 -99.115 -0.778
171 -92.663 -0.728
201 -99.529 -0.782
190 -97.075 -0.762
212 -102.162 -0.802
178 -92.679 -0.728
190 -96.836 -0.761
208 -98.740 -0.775
195 -101.894 -0.800
219 -103.654 -0.814
209 -98.215 -0.771
206 -100.898 -0.792
208 -104.393 -0.820
210 -98.899 -0.777
171 -90.069 -0.707
146 -86.291 -0.678
193 -94.860 -0.745
181 -93.905 -0.738
199 -95.098 -0.747
190 -95.856 -0.753
204 -96.992 -0.762
198 -92.275 -0.725
201 -97.377 -0.765
217 -102.550 -0.805
187 -97.030 -0.762
198 -94.121 -0.739
183 -93.395 -0.734
202 -100.535 -0.790
180 -92.857 -0.729
185 -99.698 -0.783
199 -100.662 -0.791
180 -91.864 -0.721
208 -100.713 -0.791
189 -97.295 -0.764
194 -95.337 -0.749
183 -97.813 -0.768
188 -90.788 -0.713
217 -99.867 -0.784
181 -92.389 -0.726
178 -95.143 -0.747
209 -102.295 -0.803
204 -100.408 -0.789
189 -94.337 -0.741
216 -100.070 -0.786
207 -101.862 -0.800
221 -104.638 -0.822
211 -98.183 -0.771
222 -98.332 -0.772
181 -95.452 -0.750
197 -99.564 -0.782
190 -94.516 -0.742
171 -89.923 -0.706
192 -95.900 -0.753
189 -98.256 -0.772
232 -102.779 -0.807
208 -100.557 -0.790
197 -98.692 -0.775
204 -102.260 -0.803
215 -101.464 -0.797
196 -99.981 -0.785
184 -94.739 -0.744
193 -97.193 -0.763
189 -94.366 -0.741
213 -100.694 -0.791
201 -101.614 -0.798
208 -101.780 -0.799
222 -101.471 -0.797
213 -104.355 -0.820
182 -90.553 -0.711
191 -96.757 -0.760
212 -101.363 -0.796
185 -96.738 -0.760
200 -97.629 -0.767
169 -88.662 -0.696
173 -93.688 -0.736
182 -95.436 -0.750
189 -95.423 -0.749
226 -100.497 -0.789
212 -102.477 -0.805
174 -90.594 -0.712
201 -97.613 -0.767
198 -94.175 -0.740
189 -98.300 -0.772
183 -93.984 -0.738
185 -92.116 -0.723
188 -98.218 -0.771
223 -104.886 -0.824
194 -97.291 -0.764
211 -103.384 -0.812
220 -98.838 -0.776
198 -97.584 -0.766
209 -97.301 -0.764
207 -101.487 -0.797
201 -100.475 -0.789
195 -93.793 -0.737
206 -103.151 -0.810
188 -95.089 -0.747
213 -99.532 -0.782
206 -98.335 -0.772
215 -100.398 -0.789
202 -97.778 -0.768
198 -96.731 -0.760
208 -96.375 -0.757
187 -97.132 -0.763
197 -98.733 -0.775
218 -104.151 -0.818
204 -100.837 -0.792
219 -103.158 -0.810
202 -95.770 -0.752
174 -99.402 -0.781
198 -100.277 -0.788
204 -100.414 -0.789
182 -94.761 -0.744
198 -100.140 -0.786
215 -103.498 -0.813
206 -98.807 -0.776
207 -99.271 -0.780
202 -102.451 -0.805
216 -100.102 -0.786
191 -90.476 -0.711
219 -104.119 -0.818
194 -94.751 -0.744
202 -98.014 -0.770
193 -95.773 -0.752
177 -94.914 -0.745
204 -100.303 -0.788
206 -99.259 -0.780
208 -103.037 -0.809
206 -99.994 -0.785
189 -97.384 -0.765
175 -90.101 -0.708
207 -102.327 -0.804
192 -92.097 -0.723
210 -101.105 -0.794
202 -96.063 -0.754
217 -103.906 -0.816
189 -99.475 -0.781
181 -95.732 -0.752
197 -99.150 -0.779
201 -100.376 -0.788
174 -93.647 -0.735
202 -98.692 -0.775
216 -101.172 -0.795
198 -95.884 -0.753
194 -99.847 -0.784
163 -88.888 -0.698
189 -92.781 -0.729
194 -94.707 -0.744
200 -99.771 -0.784
201 -99.835 -0.784
209 -101.936 -0.801
187 -93.618 -0.735
200 -101.509 -0.797
195 -101.051 -0.794
196 -98.437 -0.773
192 -96.486 -0.758
191 -93.478 -0.734
183 -97.285 -0.764
199 -99.154 -0.779
204 -94.089 -0.739
197 -100.312 -0.788
200 -98.183 -0.771
188 -95.203 -0.748
213 -101.213 -0.795
215 -100.414 -0.789
187 -94.334 -0.741
170 -89.295 -0.701
209 -99.781 -0.784
182 -94.283 -0.740
195 -98.571 -0.774
188 -96.082 -0.755
203 -98.673 -0.775
189 -96.174 -0.755
188 -97.457 -0.765
211 -102.544 -0.805
208 -105.227 -0.826
216 -106.000 -0.833
189 -100.831 -0.792
178 -96.009 -0.754
199 -99.154 -0.779
204 -94.089 -0.739
197 -100.312 -0.788
200 -98.183 -0.771
188 -95.203 -0.748
213 -101.213 -0.795
215 -100.414 -0.789
187 -94.334 -0.741
170 -89.295 -0.701
209 -99.781 -0.784
182 -94.283 -0.740
195 -98.571 -0.774
188 -96.082 -0.755
203 -98.673 -0.775
189 -96.174 -0.755
188 -97.457 -0.765
211 -102.544 -0.805
208 -105.227 -0.826
216 -106.000 -0.833
189 -100.831 -0.792
178 -96.009 -0.754
206 -104.020 -0.817
201 -100.293 -0.788
203 -98.708 -0.775
203 -99.415 -0.781
171 -91.603 -0.719
180 -96.085 -0.755
174 -92.482 -0.726
218 -103.842 -0.816
201 -102.970 -0.809
189 -97.635 -0.767
195 -97.317 -0.764
184 -97.129 -0.763
219 -102.614 -0.806
198 -99.676 -0.783
196 -99.809 -0.784
200 -98.883 -0.777
213 -100.694 -0.791
195 -97.511 -0.766
204 -98.628 -0.775
186 -93.061 -0.731
200 -97.708 -0.767
196 -100.885 -0.792
195 -96.502 -0.758
212 -99.647 -0.783
215 -97.113 -0.763
220 -102.957 -0.809
200 -101.019 -0.793
222 -105.650 -0.830
218 -104.991 -0.825
208 -99.628 -0.782
218 -106.417 -0.836
196 -96.597 -0.759
203 -99.736 -0.783
221 -102.709 -0.807
171 -92.638 -0.728
193 -98.956 -0.777
202 -98.014 -0.770
167 -89.843 -0.706
186 -95.904 -0.753
185 -95.604 -0.751
192 -98.428 -0.773
173 -95.235 -0.748
179 -94.000 -0.738
210 -99.965 -0.785
207 -102.505 -0.805
204 -99.150 -0.779
188 -97.412 -0.765
174 -91.737 -0.720
193 -96.034 -0.754
191 -99.322 -0.780
214 -102.343 -0.804
206 -96.139 -0.755
245 -106.592 -0.837
207 -98.612 -0.774
234 -103.546 -0.813
172 -90.209 -0.708
188 -94.035 -0.739
201 -97.180 -0.763
207 -98.619 -0.775
200 -100.532 -0.790
205 -101.178 -0.795
221 -104.371 -0.820
197 -100.751 -0.791
205 -100.064 -0.786
220 -103.307 -0.811
193 -97.180 -0.763
206 -99.660 -0.783
197 -98.813 -0.776
215 -98.937 -0.777
159 -88.493 -0.695
200 -98.845 -0.776
195 -100.860 -0.792
205 -98.329 -0.772
190 -100.583 -0.790
207 -100.901 -0.792
210 -102.289 -0.803
202 -97.855 -0.769
204 -99.386 -0.781
177 -94.162 -0.740
214 -103.295 -0.811
206 -99.208 -0.779
190 -93.080 -0.731
198 -97.798 -0.768
203 -99.134 -0.779
188 -97.412 -0.765
187 -96.009 -0.754
187 -89.910 -0.706
204 -99.790 -0.784
211 -103.148 -0.810
224 -105.345 -0.827
231 -101.862 -0.800
229 -105.100 -0.825
195 -98.472 -0.773
211 -102.614 -0.806
215 -97.896 -0.769
203 -101.461 -0.797
206 -100.484 -0.789
208 -101.079 -0.794
180 -95.783 -0.752
197 -98.364 -0.773
198 -99.434 -0.781
205 -100.497 -0.789
187 -93.042 -0.731
201 -99.787 -0.784
202 -97.680 -0.767
192 -98.020 -0.770
226 -102.871 -0.808
215 -100.007 -0.785
218 -105.969 -0.832
211 -103.489 -0.813
186 -97.024 -0.762
210 -98.514 -0.774
210 -100.303 -0.788
199 -91.126 -0.716
185 -95.089 -0.747
192 -104.495 -0.821
205 -101.560 -0.798
227 -107.000 -0.840
210 -101.614 -0.798
196 -97.613 -0.767
212 -100.016 -0.786
185 -98.775 -0.776
208 -102.216 -0.803
205 -99.007 -0.778
192 -95.248 -0.748
201 -100.366 -0.788
187 -96.387 -0.757
205 -98.472 -0.773
199 -100.395 -0.788
198 -99.911 -0.785
188 -95.490 -0.750
199 -97.161 -0.763
195 -98.431 -0.773
200 -99.688 -0.783
180 -93.083 -0.731
204 -99.765 -0.784
189 -97.447 -0.765
201 -98.437 -0.773
206 -99.720 -0.783
210 -98.943 -0.777
204 -98.749 -0.776
207 -100.293 -0.788
213 -103.422 -0.812
221 -103.880 -0.816
173 -91.259 -0.717
192 -97.218 -0.764
194 -98.297 -0.772
204 -98.813 -0.776
210 -102.251 -0.803
203 -101.105 -0.794
202 -97.428 -0.765
184 -95.573 -0.751
181 -93.217 -0.732
179 -98.838 -0.776
191 -98.969 -0.777
204 -98.536 -0.774
196 -97.352 -0.765
204 -99.456 -0.781
169 -91.772 -0.721
201 -98.593 -0.774
188 -93.398 -0.734
185 -92.794 -0.729
213 -97.734 -0.768
189 -96.174 -0.755
218 -101.232 -0.795
206 -99.383 -0.781
213 -100.334 -0.788
217 -101.697 -0.799
180 -94.493 -0.742
205 -102.566 -0.806
211 -101.273 -0.795
197 -91.832 -0.721
202 -98.135 -0.771
219 -102.391 -0.804
205 -98.584 -0.774
188 -93.688 -0.736
197 -96.919 -0.761
184 -93.860 -0.737
204 -97.202 -0.763
229 -104.708 -0.822
190 -94.026 -0.738
168 -94.169 -0.740
206 -95.907 -0.753
212 -99.797 -0.784
194 -98.183 -0.771
187 -95.958 -0.754
192 -99.262 -0.780
208 -98.370 -0.773
183 -97.457 -0.765
196 -92.504 -0.727
195 -98.450 -0.773
182 -96.795 -0.760
183 -96.512 -0.758
195 -98.094 -0.770
195 -96.629 -0.759
230 -106.535 -0.837
196 -101.124 -0.794
208 -103.670 -0.814
166 -90.566 -0.711
201 -99.602 -0.782
195 -98.218 -0.771
195 -101.229 -0.795
171 -92.183 -0.724
191 -99.405 -0.781
179 -89.365 -0.702
200 -100.901 -0.792
187 -95.410 -0.749
186 -96.617 -0.759
217 -103.228 -0.811
181 -91.797 -0.721
219 -104.450 -0.820
210 -97.689 -0.767
186 -99.558 -0.782
179 -96.136 -0.755
210 -100.981 -0.793
171 -90.556 -0.711
203 -103.113 -0.810
195 -94.121 -0.739
201 -98.148 -0.771
205 -97.151 -0.763
183 -97.549 -0.766
200 -98.934 -0.777
203 -100.175 -0.787
179 -91.673 -0.720
211 -99.131 -0.779
196 -99.157 -0.779
201 -97.282 -0.764
183 -97.116 -0.763
183 -92.800 -0.729
202 -100.338 -0.788
194 -95.117 -0.747
159 -90.050 -0.707
179 -96.047 -0.754
195 -99.103 -0.778
194 -94.201 -0.740
209 -106.618 -0.837
193 -98.619 -0.775
224 -103.387 -0.812
208 -97.864 -0.769
189 -95.579 -0.751
198 -98.953 -0.777
189 -100.172 -0.787
190 -101.156 -0.794
204 -99.160 -0.779
212 -101.544 -0.798
198 -97.743 -0.768
213 -101.786 -0.799
224 -104.931 -0.824
206 -100.853 -0.792
183 -95.286 -0.748
228 -106.268 -0.835
217 -102.286 -0.803
205 -102.556 -0.805
211 -104.469 -0.820
203 -98.482 -0.773
167 -92.631 -0.728
219 -102.057 -0.802
171 -89.066 -0.700
214 -97.868 -0.769
210 -95.245 -0.748
198 -99.787 -0.784
183 -96.763 -0.760
197 -98.224 -0.771
204 -99.157 -0.779
179 -95.525 -0.750
199 -96.983 -0.762
219 -102.333 -0.804
221 -105.797 -0.831
184 -95.499 -0.750
212 -102.760 -0.807
211 -105.580 -0.829
195 -97.982 -0.770
212 -101.439 -0.797
191 -99.847 -0.784
187 -96.330 -0.757
211 -100.656 -0.791
188 -98.682 -0.775
189 -97.556 -0.766
171 -91.005 -0.715
212 -103.180 -0.810
200 -99.539 -0.782
207 -103.136 -0.810
198 -96.365 -0.757
211 -101.799 -0.800
213 -103.759 -0.815
196 -96.394 -0.757
197 -100.837 -0.792
211 -104.422 -0.820
218 -101.496 -0.797
187 -100.220 -0.787
194 -100.108 -0.786
239 -106.662 -0.838
194 -94.194 -0.740
197 -100.096 -0.786
230 -103.909 -0.816
175 -91.797 -0.721
179 -99.660 -0.783
198 -96.801 -0.760
206 -99.921 -0.785
206 -100.818 -0.792
208 -100.850 -0.792
209 -100.175 -0.787
202 -98.157 -0.771
207 -100.701 -0.791
214 -102.241 -0.803
197 -96.486 -0.758
184 -96.757 -0.760
197 -102.368 -0.804
214 -101.388 -0.796
201 -100.268 -0.787
179 -91.371 -0.718
188 -95.098 -0.747
192 -97.556 -0.766
183 -97.145 -0.763
209 -105.065 -0.825
193 -96.849 -0.761
217 -101.044 -0.794
194 -97.743 -0.768
204 -99.080 -0.778
209 -100.653 -0.791
187 -91.005 -0.715
206 -100.977 -0.793
215 -104.698 -0.822
220 -103.199 -0.811
220 -104.336 -0.819
232 -108.760 -0.854
213 -101.617 -0.798
186 -99.201 -0.779
213 -99.370 -0.780
209 -102.117 -0.802
210 -99.083 -0.778
202 -97.339 -0.764
192 -100.532 -0.790
238 -103.763 -0.815
190 -95.884 -0.753
189 -97.699 -0.767
190 -95.923 -0.753
201 -99.083 -0.778
188 -93.796 -0.737
204 -99.669 -0.783
198 -100.446 -0.789
220 -104.342 -0.819
198 -99.169 -0.779
202 -98.982 -0.777
188 -96.849 -0.761
211 -101.875 -0.800
209 -104.049 -0.817
201 -97.508 -0.766
204 -99.259 -0.780
189 -94.054 -0.739
172 -93.064 -0.731
209 -103.941 -0.816
192 -100.290 -0.788
179 -93.332 -0.733
193 -96.273 -0.756
205 -100.522 -0.789
207 -102.687 -0.806
202 -96.983 -0.762
192 -94.178 -0.740
202 -96.018 -0.754
192 -92.946 -0.730
201 -99.357 -0.780
213 -100.070 -0.786
180 -96.225 -0.756
192 -95.372 -0.749
199 -99.360 -0.780
201 -95.111 -0.747
202 -98.947 -0.777
214 -100.058 -0.786
195 -99.418 -0.781
160 -89.544 -0.703
197 -99.946 -0.785
208 -98.256 -0.772
225 -102.709 -0.807
190 -95.792 -0.752
198 -97.390 -0.765
187 -95.512 -0.750
182 -99.080 -0.778
217 -99.465 -0.781
210 -99.345 -0.780
193 -91.759 -0.721
204 -98.921 -0.777
206 -103.244 -0.811
198 -98.355 -0.772
194 -97.915 -0.769
208 -104.336 -0.819
219 -97.934 -0.769
198 -96.340 -0.757
193 -95.506 -0.750
188 -95.560 -0.751
200 -102.193 -0.803
185 -96.289 -0.756
229 -106.844 -0.839
207 -99.956 -0.785
162 -91.479 -0.718
183 -93.287 -0.733
223 -104.737 -0.823
205 -102.155 -0.802
191 -100.471 -0.789
186 -97.158 -0.763
207 -97.747 -0.768
204 -96.712 -0.760
181 -92.841 -0.729
211 -103.365 -0.812
211 -97.759 -0.768
210 -97.355 -0.765
211 -101.464 -0.797
214 -100.955 -0.793
204 -96.884 -0.761
191 -94.834 -0.745
202 -98.603 -0.774
185 -98.062 -0.770
209 -100.876 -0.792
206 -102.002 -0.801
203 -99.590 -0.782
200 -97.447 -0.765
211 -98.631 -0.775
198 -98.281 -0.772
200 -100.465 -0.789
202 -96.445 -0.757
219 -104.718 -0.822
187 -94.134 -0.739
179 -95.853 -0.753
177 -91.832 -0.721
179 -90.836 -0.713
201 -100.595 -0.790
204 -98.250 -0.772
205 -98.275 -0.772
215 -104.772 -0.823
220 -104.657 -0.822
208 -98.787 -0.776
181 -95.133 -0.747
204 -97.594 -0.766
209 -104.606 -0.822
205 -102.228 -0.803
212 -101.735 -0.799
176 -93.685 -0.736
188 -99.048 -0.778
196 -97.689 -0.767
194 -95.948 -0.754
205 -99.462 -0.781
202 -101.907 -0.800
225 -103.228 -0.811
180 -88.567 -0.696
223 -102.894 -0.808
186 -96.601 -0.759
187 -91.657 -0.720
193 -100.911 -0.793
188 -96.696 -0.759
213 -98.625 -0.775
193 -95.738 -0.752
175 -94.070 -0.739
213 -100.605 -0.790
215 -96.884 -0.761
186 -96.989 -0.762
189 -97.734 -0.768
197 -100.468 -0.789
201 -101.363 -0.796
195 -97.323 -0.764
178 -96.852 -0.761
194 -98.437 -0.773
201 -99.975 -0.785
175 -94.573 -0.743
189 -95.690 -0.752
184 -90.620 -0.712
211 -100.799 -0.792
214 -102.814 -0.807
201 -99.930 -0.785
196 -98.256 -0.772
187 -92.899 -0.730
212 -103.034 -0.809
206 -99.227 -0.779
204 -100.102 -0.786
224 -103.260 -0.811
225 -101.582 -0.798
213 -101.070 -0.794
188 -96.776 -0.760
210 -102.384 -0.804
192 -101.331 -0.796
179 -93.137 -0.731
194 -97.330 -0.764
200 -101.286 -0.795
177 -97.705 -0.767
185 -94.048 -0.739
217 -103.295 -0.811
188 -96.184 -0.755
199 -102.117 -0.802
212 -100.942 -0.793
207 -103.836 -0.816
195 -96.788 -0.760
202 -96.136 -0.755
153 -87.507 -0.687
194 -92.183 -0.724
212 -99.491 -0.781
222 -105.058 -0.825
188 -95.366 -0.749
210 -99.924 -0.785
194 -97.116 -0.763
194 -99.730 -0.783
192 -97.046 -0.762
201 -92.832 -0.729
216 -100.726 -0.791
216 -103.101 -0.810
202 -98.463 -0.773
190 -98.682 -0.775
190 -97.836 -0.768
209 -102.547 -0.805
197 -97.091 -0.763
205 -102.432 -0.804
206 -98.902 -0.777
188 -94.334 -0.741
207 -101.468 -0.797
189 -95.296 -0.748
199 -96.165 -0.755
208 -101.920 -0.800
198 -97.852 -0.769
215 -105.179 -0.826
187 -97.938 -0.769
210 -99.265 -0.780
196 -95.203 -0.748
196 -97.174 -0.763
176 -93.618 -0.735
200 -103.027 -0.809
176 -93.863 -0.737
216 -102.664 -0.806
207 -100.121 -0.786
220 -99.828 -0.784
193 -95.827 -0.753
208 -101.356 -0.796
196 -98.523 -0.774
206 -101.499 -0.797
198 -100.471 -0.789
189 -101.289 -0.796
173 -91.212 -0.716
209 -102.337 -0.804
186 -93.895 -0.737
180 -93.058 -0.731
183 -92.093 -0.723
177 -94.599 -0.743
205 -96.578 -0.759
191 -95.028 -0.746
188 -99.844 -0.784
191 -99.688 -0.783
190 -96.091 -0.755
180 -95.095 -0.747
162 -85.594 -0.672
200 -97.559 -0.766
206 -100.163 -0.787
209 -102.381 -0.804
197 -95.795 -0.752
189 -97.330 -0.764
201 -99.612 -0.782
194 -98.062 -0.770
200 -94.634 -0.743
215 -102.719 -0.807
243 -102.976 -0.809
190 -94.153 -0.739
201 -97.511 -0.766
201 -98.230 -0.771
214 -97.877 -0.769
204 -102.897 -0.808
198 -95.181 -0.748
200 -102.789 -0.807
205 -105.418 -0.828
175 -94.118 -0.739
212 -99.058 -0.778
209 -99.583 -0.782
197 -98.116 -0.771
213 -105.953 -0.832
203 -99.943 -0.785
203 -98.606 -0.774
178 -92.682 -0.728
213 -100.433 -0.789
208 -100.917 -0.793
210 -98.612 -0.774
176 -89.674 -0.704
194 -97.944 -0.769
214 -100.369 -0.788
203 -101.506 -0.797
201 -99.736 -0.783
200 -96.365 -0.757
199 -97.766 -0.768
192 -96.874 -0.761
205 -100.290 -0.788
182 -96.709 -0.760
194 -99.500 -0.781
214 -97.788 -0.768
217 -102.795 -0.807
208 -98.628 -0.775
192 -92.615 -0.727
196 -95.824 -0.753
212 -99.688 -0.783
174 -92.558 -0.727
205 -95.467 -0.750
202 -99.841 -0.784
180 -92.915 -0.730
188 -96.760 -0.760
206 -99.243 -0.779
207 -97.947 -0.769
208 -100.595 -0.790
180 -90.798 -0.713
184 -93.465 -0.734
197 -99.956 -0.785
194 -97.626 -0.767
222 -104.842 -0.823
194 -91.043 -0.715
194 -99.322 -0.780
185 -96.448 -0.757
186 -96.983 -0.762
174 -91.750 -0.721
201 -99.042 -0.778
197 -99.497 -0.781
197 -97.377 -0.765
182 -94.856 -0.745
192 -99.685 -0.783
204 -101.910 -0.800
203 -100.121 -0.786
209 -100.411 -0.789
202 -97.196 -0.763
209 -99.612 -0.782
207 -96.909 -0.761
209 -101.776 -0.799
232 -105.946 -0.832
230 -104.826 -0.823
179 -95.827 -0.753
194 -95.445 -0.750
195 -101.025 -0.793
199 -95.582 -0.751
198 -99.478 -0.781
176 -90.772 -0.713
218 -102.193 -0.803
207 -103.651 -0.814
192 -97.829 -0.768
201 -99.281 -0.780
173 -89.429 -0.702
187 -95.623 -0.751
200 -98.775 -0.776
181 -94.073 -0.739
195 -97.657 -0.767
182 -94.965 -0.746
186 -98.370 -0.773
185 -96.502 -0.758
211 -100.284 -0.788
241 -104.447 -0.820
230 -103.696 -0.814
177 -95.792 -0.752
203 -103.387 -0.812
192 -96.785 -0.760
210 -102.477 -0.805
197 -98.943 -0.777
183 -94.293 -0.741
197 -96.703 -0.759
223 -103.046 -0.809
201 -99.013 -0.778
198 -99.443 -0.781
194 -99.472 -0.781
205 -94.643 -0.743
212 -99.895 -0.785
180 -93.389 -0.733
200 -103.279 -0.811
213 -102.658 -0.806
195 -97.457 -0.765
197 -95.821 -0.753
203 -100.306 -0.788
188 -94.786 -0.744
203 -101.388 -0.796
215 -101.627 -0.798
217 -100.930 -0.793
194 -100.131 -0.786
192 -94.143 -0.739
199 -96.502 -0.758
211 -99.287 -0.780
178 -91.657 -0.720
208 -102.435 -0.805
205 -99.252 -0.780
206 -102.426 -0.804
196 -101.079 -0.794
197 -101.207 -0.795
200 -97.014 -0.762
181 -97.021 -0.762
204 -100.064 -0.786
182 -91.676 -0.720
202 -97.947 -0.769
198 -97.040 -0.762
205 -101.910 -0.800
209 -101.487 -0.797
197 -99.905 -0.785
206 -102.018 -0.801
201 -96.231 -0.756
219 -100.261 -0.787
164 -90.063 -0.707
179 -95.477 -0.750
213 -101.089 -0.794
193 -96.890 -0.761
196 -95.467 -0.750
182 -92.001 -0.723
213 -102.445 -0.805
169 -93.010 -0.730
207 -101.719 -0.799
221 -103.712 -0.815
241 -106.923 -0.840
186 -97.247 -0.764
195 -96.839 -0.761
206 -98.358 -0.772
198 -103.467 -0.813
201 -99.726 -0.783
203 -100.650 -0.790
192 -95.783 -0.752
191 -100.411 -0.789
210 -100.166 -0.787
176 -97.419 -0.765
196 -96.047 -0.754
207 -103.078 -0.810
206 -100.697 -0.791
188 -98.647 -0.775
192 -94.274 -0.740
197 -95.986 -0.754
209 -99.440 -0.781
183 -96.295 -0.756
194 -102.954 -0.809
199 -98.571 -0.774
182 -96.999 -0.762
205 -97.727 -0.768
205 -98.132 -0.771
201 -99.303 -0.780
217 -98.364 -0.773
199 -99.809 -0.784
204 -100.054 -0.786
206 -97.135 -0.763
176 -95.929 -0.753
215 -103.355 -0.812
203 -97.244 -0.764
207 -96.578 -0.759
204 -96.381 -0.757
189 -99.510 -0.782
197 -95.878 -0.753
219 -102.610 -0.806
208 -103.998 -0.817
195 -98.367 -0.773
189 -98.966 -0.777
201 -102.458 -0.805
204 -96.499 -0.758
198 -97.285 -0.764
205 -100.462 -0.789
191 -95.811 -0.752
196 -99.297 -0.780
200 -96.792 -0.760
197 -96.823 -0.760
209 -98.797 -0.776
201 -96.591 -0.759
206 -100.946 -0.793
204 -100.997 -0.793
237 -108.448 -0.852
209 -104.275 -0.819
195 -95.448 -0.750
219 -105.650 -0.830
183 -91.533 -0.719
195 -95.130 -0.747
188 -97.180 -0.763
205 -101.480 -0.797
213 -97.142 -0.763
200 -98.956 -0.777
192 -95.983 -0.754
204 -102.053 -0.802
193 -103.693 -0.814
216 -102.992 -0.809
194 -97.368 -0.765
212 -100.108 -0.786
182 -92.561 -0.727
200 -101.146 -0.794
218 -104.183 -0.818
188 -100.917 -0.793
205 -101.850 -0.800
187 -93.227 -0.732
214 -99.870 -0.784
175 -91.110 -0.716
191 -96.750 -0.760
197 -101.429 -0.797
193 -96.273 -0.756
188 -96.750 -0.760
220 -106.729 -0.838
199 -101.044 -0.794
180 -92.819 -0.729
179 -93.771 -0.736
211 -99.676 -0.783
166 -95.999 -0.754
179 -97.355 -0.765
172 -93.459 -0.734
203 -97.139 -0.763
194 -96.416 -0.757
190 -93.090 -0.731
217 -100.968 -0.793
197 -96.725 -0.760
198 -97.024 -0.762
182 -96.973 -0.762
203 -94.092 -0.739
194 -97.508 -0.766
209 -101.168 -0.795
197 -97.976 -0.769
168 -91.963 -0.722
179 -96.426 -0.757
204 -97.384 -0.765
204 -103.619 -0.814
193 -98.307 -0.772
232 -102.267 -0.803
211 -102.114 -0.802
187 -95.894 -0.753
185 -94.573 -0.743
205 -99.033 -0.778
194 -100.675 -0.791
200 -98.606 -0.774
205 -101.945 -0.801
197 -96.031 -0.754
213 -98.062 -0.770
195 -96.543 -0.758
206 -102.458 -0.805
210 -101.165 -0.795
199 -97.422 -0.765
216 -99.335 -0.780
191 -95.283 -0.748
184 -97.253 -0.764
199 -99.115 -0.778
171 -92.663 -0.728
201 -99.529 -0.782
190 -97.075 -0.762
212 -102.162 -0.802
178 -92.679 -0.728
190 -96.836 -0.761
208 -98.740 -0.775
195 -101.894 -0.800
219 -103.654 -0.814
209 -98.215 -0.771
206 -100.898 -0.792
208 -104.393 -0.820
210 -98.899 -0.777
171 -90.069 -0.707
146 -86.291 -0.678
193 -94.860 -0.745
181 -93.905 -0.738
199 -95.098 -0.747
190 -95.856 -0.753
204 -96.992 -0.762
198 -92.275 -0.725
201 -97.377 -0.765
217 -102.550 -0.805
187 -97.030 -0.762
198 -94.121 -0.739
183 -93.395 -0.734
202 -100.535 -0.790
180 -92.857 -0.729
185 -99.698 -0.783
199 -100.662 -0.791
180 -91.864 -0.721
208 -100.713 -0.791
189 -97.295 -0.764
194 -95.337 -0.749
183 -97.813 -0.768
188 -90.788 -0.713
217 -99.867 -0.784
181 -92.389 -0.726
178 -95.143 -0.747
209 -102.295 -0.803
204 -100.408 -0.789
189 -94.337 -0.741
216 -100.070 -0.786
207 -101.862 -0.800
221 -104.638 -0.822
211 -98.183 -0.771
222 -98.332 -0.772
181 -95.452 -0.750
197 -99.564 -0.782
190 -94.516 -0.742
171 -89.923 -0.706
192 -95.900 -0.753
189 -98.256 -0.772
232 -102.779 -0.807
208 -100.557 -0.790
197 -98.692 -0.775
204 -102.260 -0.803
215 -101.464 -0.797
196 -99.981 -0.785
184 -94.739 -0.744
193 -97.193 -0.763
189 -94.366 -0.741
213 -100.694 -0.791
201 -101.614 -0.798
208 -101.780 -0.799
222 -101.471 -0.797
213 -104.355 -0.820
182 -90.553 -0.711
191 -96.757 -0.760
212 -101.363 -0.796
185 -96.738 -0.760
200 -97.629 -0.767
169 -88.662 -0.696
173 -93.688 -0.736
182 -95.436 -0.750
189 -95.423 -0.749
226 -100.497 -0.789
212 -102.477 -0.805
174 -90.594 -0.712
201 -97.613 -0.767
198 -94.175 -0.740
189 -98.300 -0.772
183 -93.984 -0.738
185 -92.116 -0.723
188 -98.218 -0.771
223 -104.886 -0.824
194 -97.291 -0.764
211 -103.384 -0.812
220 -98.838 -0.776
198 -97.584 -0.766
209 -97.301 -0.764
207 -101.487 -0.797
201 -100.475 -0.789
195 -93.793 -0.737
206 -103.151 -0.810
188 -95.089 -0.747
213 -99.532 -0.782
206 -98.335 -0.772
215 -100.398 -0.789
202 -97.778 -0.768
198 -96.731 -0.760
208 -96.375 -0.757
187 -97.132 -0.763
197 -98.733 -0.775
218 -104.151 -0.818
204 -100.837 -0.792
219 -103.158 -0.810
202 -95.770 -0.752
174 -99.402 -0.781
198 -100.277 -0.788
204 -100.414 -0.789
182 -94.761 -0.744
198 -100.140 -0.786
215 -103.498 -0.813
206 -98.807 -0.776
207 -99.271 -0.780
202 -102.451 -0.805
216 -100.102 -0.786
191 -90.476 -0.711
219 -104.119 -0.818
194 -94.751 -0.744
202 -98.014 -0.770
193 -95.773 -0.752
177 -94.914 -0.745
204 -100.303 -0.788
206 -99.259 -0.780
208 -103.037 -0.809
206 -99.994 -0.785
189 -97.384 -0.765
175 -90.101 -0.708
207 -102.327 -0.804
192 -92.097 -0.723
210 -101.105 -0.794
202 -96.063 -0.754
217 -103.906 -0.816
189 -99.475 -0.781
181 -95.732 -0.752
197 -99.150 -0.779
201 -100.376 -0.788
174 -93.647 -0.735
202 -98.692 -0.775
216 -101.172 -0.795
198 -95.884 -0.753
194 -99.847 -0.784
163 -88.888 -0.698
189 -92.781 -0.729
194 -94.707 -0.744
200 -99.771 -0.784
201 -99.835 -0.784
209 -101.936 -0.801
187 -93.618 -0.735
200 -101.509 -0.797
195 -101.051 -0.794
196 -98.437 -0.773
192 -96.486 -0.758
191 -93.478 -0.734
183 -97.285 -0.764
