0.036201 0.000705 0.050000
0.392854 0.010984 0.050000
0.730716 0.368629 0.050000
0.136832 0.589536 0.050000
0.151446 0.108505 0.050000
0.204540 0.545310 0.050000
0.087095 0.875063 0.050000
0.446845 0.831999 0.050000
0.805480 0.594528 0.050000
0.455924 0.421201 0.050000
0.991344 0.753095 0.050000
0.420369 0.691806 0.050000
0.558243 0.519364 0.050000
0.026906 0.586791 0.050000
0.717973 0.728725 0.050000
0.584683 0.218454 0.050000
0.942523 0.342907 0.050000
0.184939 0.083174 0.050000
0.888275 0.788892 0.050000
0.484533 0.985986 0.050000
0.836456 0.861216 0.050000
0.495250 0.859957 0.050000
0.058851 0.060150 0.050000
0.777777 0.464880 0.050000
0.185791 0.897544 0.050000
0.934694 0.640810 0.050000
0.260719 0.935829 0.050000
0.217901 0.157147 0.050000
0.831740 0.936723 0.050000
0.962059 0.203759 0.050000
0.976166 0.965910 0.050000
0.771821 0.033156 0.050000
0.693694 0.883564 0.050000
0.963657 0.379193 0.050000
0.896901 0.922737 0.050000
0.550728 0.636016 0.050000
0.149941 0.700256 0.050000
0.603907 0.419111 0.050000
0.419270 0.311435 0.050000
0.441875 0.611874 0.050000
0.420447 0.492659 0.050000
0.877674 0.788297 0.050000
0.930414 0.047746 0.050000
0.409639 0.888200 0.050000
0.101602 0.043512 0.050000
0.349630 0.961092 0.050000
0.857875 0.681562 0.050000
0.063056 0.449944 0.050000
0.243778 0.520153 0.050000
0.213254 0.701142 0.050000
0.480758 0.729994 0.050000
0.720393 0.779333 0.050000
0.989029 0.528660 0.050000
0.289781 0.166185 0.050000
0.378677 0.451937 0.050000
0.876156 0.906030 0.050000
0.616599 0.220875 0.050000
0.556148 0.058689 0.050000
0.951019 0.188283 0.050000
0.777169 0.162522 0.050000
0.371291 0.328198 0.050000
0.400642 0.585675 0.050000
0.208177 0.983029 0.050000
0.101871 0.634428 0.050000
0.377180 0.658558 0.050000
0.683423 0.989070 0.050000
0.360160 0.936994 0.050000
0.446703 0.639522 0.050000
0.718491 0.184501 0.050000
0.662189 0.232842 0.050000
0.613005 0.576215 0.050000
0.211314 0.205903 0.050000
0.445104 0.131257 0.050000
0.018359 0.938928 0.050000
0.818964 0.501725 0.050000
0.481111 0.643939 0.050000
0.825251 0.426016 0.050000
0.573650 0.390967 0.050000
0.961494 0.589405 0.050000
0.074799 0.273220 0.050000
0.867274 0.429938 0.050000
0.836567 0.323422 0.050000
0.840800 0.163360 0.050000
0.875445 0.668434 0.050000
0.601270 0.261082 0.050000
0.069297 0.619523 0.050000
0.769684 0.893498 0.050000
0.469650 0.094844 0.050000
0.405398 0.900150 0.050000
0.835911 0.289860 0.050000
0.270449 0.399108 0.050000
0.844050 0.138761 0.050000
0.687068 0.887027 0.050000
0.988171 0.615752 0.050000
0.947260 0.270905 0.050000
0.439239 0.194267 0.050000
0.943610 0.183001 0.050000
0.007417 0.905721 0.050000
0.336502 0.034098 0.050000
0.684040 0.435871 0.050000
0.817017 0.518672 0.050000
0.806991 0.959145 0.050000
0.589567 0.688081 0.050000
0.764742 0.366338 0.050000
0.125935 0.128828 0.050000
0.371840 0.521158 0.050000
0.154897 0.334906 0.050000
0.661768 0.649462 0.050000
0.895246 0.233295 0.050000
0.658515 0.517281 0.050000
0.419733 0.236787 0.050000
0.993154 0.199814 0.050000
0.717893 0.295028 0.050000
0.690003 0.949326 0.050000
0.501369 0.492016 0.050000
0.122860 0.428964 0.050000
0.689771 0.006807 0.050000
0.009244 0.762946 0.050000
0.336922 0.917578 0.050000
0.666763 0.296228 0.050000
0.877792 0.816343 0.050000
0.227373 0.800854 0.050000
0.899654 0.274542 0.050000
0.875043 0.522507 0.050000
0.257626 0.612936 0.050000
0.097841 0.140934 0.050000
0.648366 0.272909 0.050000
0.792726 0.994902 0.050000
0.789673 0.941605 0.050000
0.008306 0.142733 0.050000
0.165823 0.742754 0.050000
0.382796 0.157969 0.050000
0.025490 0.787943 0.050000
0.906702 0.560695 0.050000
0.671181 0.645585 0.050000
0.307411 0.538552 0.050000
0.886947 0.448323 0.050000
0.703537 0.124817 0.050000
0.859231 0.419790 0.050000
0.589835 0.771767 0.050000
0.059407 0.776686 0.050000
0.150000 0.269030 0.050000
0.493806 0.096080 0.050000
0.830831 0.295406 0.050000
0.399693 0.114223 0.050000
0.881601 0.675137 0.050000
0.090950 0.078113 0.050000
0.447284 0.996671 0.050000
0.610238 0.612539 0.050000
0.757248 0.900624 0.050000
0.471307 0.492315 0.050000
0.318464 0.716990 0.050000
0.071831 0.690335 0.050000
0.057492 0.563044 0.050000
0.568978 0.722514 0.050000
0.895039 0.522307 0.050000
0.907929 0.166784 0.050000
0.529170 0.004011 0.050000
0.460484 0.033237 0.050000
0.215512 0.518597 0.050000
0.001123 0.581346 0.050000
0.523040 0.924083 0.050000
0.247285 0.579467 0.050000
0.507210 0.716731 0.050000
0.284156 0.930723 0.050000
0.767274 0.567627 0.050000
0.292385 0.188465 0.050000
0.996250 0.116120 0.050000
0.891451 0.060362 0.050000
0.831889 0.065464 0.050000
0.645574 0.980979 0.050000
0.046753 0.522811 0.050000
0.745382 0.800566 0.050000
0.929991 0.208459 0.050000
0.878467 0.908723 0.050000
0.107411 0.683339 0.050000
0.660012 0.504250 0.050000
0.492048 0.774467 0.050000
0.044976 0.118586 0.050000
0.625058 0.113473 0.050000
0.411453 0.179926 0.050000
0.836397 0.932369 0.050000
0.244246 0.909305 0.050000
