0.036201 0.000705 0.050000
0.392854 0.010984 0.050000
0.730716 0.368629 0.050000
0.652329 0.673251 0.050000
0.841740 0.475156 0.050000
0.888275 0.788892 0.050000
0.455924 0.421201 0.050000
0.991344 0.753095 0.050000
0.208177 0.983029 0.050000
0.351512 0.827344 0.050000
0.392957 0.918650 0.050000
0.584683 0.218454 0.050000
0.284156 0.930723 0.050000
0.484533 0.985986 0.050000
0.851617 0.916261 0.050000
0.633938 0.794745 0.050000
0.058851 0.060150 0.050000
0.185791 0.897544 0.050000
0.260719 0.935829 0.050000
0.962059 0.203759 0.050000
0.831740 0.936723 0.050000
0.124578 0.923815 0.050000
0.976166 0.965910 0.050000
0.693694 0.883564 0.050000
0.963657 0.379193 0.050000
0.896901 0.922737 0.050000
0.603907 0.419111 0.050000
0.321737 0.324232 0.050000
0.419270 0.311435 0.050000
0.625058 0.113473 0.050000
0.663552 0.287780 0.050000
0.409639 0.888200 0.050000
0.101602 0.043512 0.050000
0.734543 0.806459 0.050000
0.589835 0.771767 0.050000
0.016765 0.368111 0.050000
0.213254 0.701142 0.050000
0.101643 0.018128 0.050000
0.289781 0.166185 0.050000
0.575697 0.612983 0.050000
0.876156 0.906030 0.050000
0.830831 0.295406 0.050000
0.226940 0.073033 0.050000
0.371291 0.328198 0.050000
0.910327 0.581973 0.050000
0.745382 0.800566 0.050000
0.316216 0.091365 0.050000
0.275302 0.877319 0.050000
0.446703 0.639522 0.050000
0.070025 0.148649 0.050000
0.613005 0.576215 0.050000
0.883630 0.650941 0.050000
0.359323 0.903939 0.050000
0.743633 0.690307 0.050000
0.585967 0.664083 0.050000
0.481111 0.643939 0.050000
0.661768 0.649462 0.050000
0.635014 0.413833 0.050000
0.867274 0.429938 0.050000
0.836567 0.323422 0.050000
0.875445 0.668434 0.050000
0.601270 0.261082 0.050000
0.769684 0.893498 0.050000
0.469650 0.094844 0.050000
0.405398 0.900150 0.050000
0.738440 0.100450 0.050000
0.288187 0.025354 0.050000
0.144999 0.996983 0.050000
0.556148 0.058689 0.050000
0.943610 0.183001 0.050000
0.007417 0.905721 0.050000
0.056567 0.134575 0.050000
0.727022 0.107570 0.050000
0.806991 0.959145 0.050000
0.989029 0.528660 0.050000
0.771821 0.033156 0.050000
0.154897 0.334906 0.050000
0.871997 0.826146 0.050000
0.750479 0.893392 0.050000
0.148552 0.361505 0.050000
0.881601 0.675137 0.050000
0.184072 0.067630 0.050000
0.961494 0.589405 0.050000
0.840945 0.829874 0.050000
0.689771 0.006807 0.050000
0.671181 0.645585 0.050000
0.523040 0.924083 0.050000
0.227373 0.800854 0.050000
0.044976 0.118586 0.050000
0.875043 0.522507 0.050000
0.471888 0.643861 0.050000
0.648366 0.272909 0.050000
0.789673 0.941605 0.050000
0.008306 0.142733 0.050000
0.336502 0.034098 0.050000
0.988387 0.381052 0.050000
0.785809 0.054017 0.050000
0.042384 0.632635 0.050000
0.886947 0.448323 0.050000
0.703537 0.124817 0.050000
0.441875 0.611874 0.050000
0.150000 0.269030 0.050000
0.493806 0.096080 0.050000
0.399693 0.114223 0.050000
0.651057 0.029265 0.050000
0.899852 0.423548 0.050000
0.090950 0.078113 0.050000
0.130243 0.032150 0.050000
0.610238 0.612539 0.050000
0.764742 0.366338 0.050000
0.947260 0.270905 0.050000
0.122189 0.542802 0.050000
0.895039 0.522307 0.050000
0.106115 0.870300 0.050000
0.867141 0.985531 0.050000
0.001123 0.581346 0.050000
0.492048 0.774467 0.050000
0.602932 0.439697 0.050000
0.217901 0.157147 0.050000
0.632694 0.208198 0.050000
0.350240 0.767126 0.050000
0.996250 0.116120 0.050000
0.891451 0.060362 0.050000
0.934705 0.596865 0.050000
0.878467 0.908723 0.050000
0.427395 0.330119 0.050000
0.270449 0.399108 0.050000
0.660012 0.504250 0.050000
0.877792 0.816343 0.050000
0.836397 0.932369 0.050000
0.244246 0.909305 0.050000
