0.036201 0.000705 0.050000
0.392854 0.010984 0.050000
0.589835 0.771767 0.050000
0.730716 0.368629 0.050000
0.357426 0.558974 0.050000
0.151446 0.108505 0.050000
0.871997 0.826146 0.050000
0.841740 0.475156 0.050000
0.785809 0.054017 0.050000
0.469876 0.935182 0.050000
0.988387 0.381052 0.050000
0.455924 0.421201 0.050000
0.382796 0.157969 0.050000
0.991344 0.753095 0.050000
0.603347 0.366111 0.050000
0.745382 0.800566 0.050000
0.717973 0.728725 0.050000
0.817149 0.011495 0.050000
0.782641 0.295545 0.050000
0.584683 0.218454 0.050000
0.926863 0.358281 0.050000
0.284156 0.930723 0.050000
0.106115 0.870300 0.050000
0.484533 0.985986 0.050000
0.836456 0.861216 0.050000
0.738440 0.100450 0.050000
0.633938 0.794745 0.050000
0.058851 0.060150 0.050000
0.185791 0.897544 0.050000
0.934694 0.640810 0.050000
0.385617 0.304622 0.050000
0.217901 0.157147 0.050000
0.204494 0.606642 0.050000
0.460646 0.310287 0.050000
0.962059 0.203759 0.050000
0.645280 0.171843 0.050000
0.148552 0.361505 0.050000
0.976166 0.965910 0.050000
0.229880 0.380964 0.050000
0.693694 0.883564 0.050000
0.602932 0.439697 0.050000
0.323724 0.480101 0.050000
0.149941 0.700256 0.050000
0.770843 0.890007 0.050000
0.603907 0.419111 0.050000
0.805190 0.882846 0.050000
0.854409 0.357698 0.050000
0.419270 0.311435 0.050000
0.935680 0.548548 0.050000
0.420447 0.492659 0.050000
0.239631 0.161570 0.050000
0.217271 0.443751 0.050000
0.409639 0.888200 0.050000
0.395885 0.032670 0.050000
0.101602 0.043512 0.050000
0.204540 0.545310 0.050000
0.781646 0.515233 0.050000
0.215512 0.518597 0.050000
0.480758 0.729994 0.050000
0.666027 0.308859 0.050000
0.575585 0.116254 0.050000
0.940496 0.988051 0.050000
0.632584 0.743118 0.050000
0.266103 0.766613 0.050000
0.690003 0.949326 0.050000
0.289781 0.166185 0.050000
0.888275 0.788892 0.050000
0.327577 0.927537 0.050000
0.944622 0.313991 0.050000
0.592382 0.578828 0.050000
0.556148 0.058689 0.050000
0.777169 0.162522 0.050000
0.208177 0.983029 0.050000
0.371291 0.328198 0.050000
0.226940 0.073033 0.050000
0.377180 0.658558 0.050000
0.959236 0.065839 0.050000
0.101871 0.634428 0.050000
0.359890 0.891695 0.050000
0.446703 0.639522 0.050000
0.662189 0.232842 0.050000
0.725425 0.779049 0.050000
0.822346 0.766290 0.050000
0.703407 0.600764 0.050000
0.323639 0.183347 0.050000
0.613005 0.576215 0.050000
0.180196 0.420693 0.050000
0.710698 0.009212 0.050000
0.445104 0.131257 0.050000
0.857875 0.681562 0.050000
0.107411 0.683339 0.050000
0.635014 0.413833 0.050000
0.902360 0.990944 0.050000
0.066423 0.084896 0.050000
0.799040 0.455036 0.050000
0.953845 0.652233 0.050000
0.326047 0.668877 0.050000
0.867274 0.429938 0.050000
0.601270 0.261082 0.050000
0.702376 0.992642 0.050000
0.201270 0.819322 0.050000
0.875445 0.668434 0.050000
0.069297 0.619523 0.050000
0.026906 0.586791 0.050000
0.601460 0.905781 0.050000
0.844050 0.138761 0.050000
0.469650 0.094844 0.050000
0.312675 0.331155 0.050000
0.405398 0.900150 0.050000
0.144999 0.996983 0.050000
0.743633 0.690307 0.050000
0.439239 0.194267 0.050000
0.378977 0.382369 0.050000
0.351512 0.827344 0.050000
0.947260 0.270905 0.050000
0.056567 0.134575 0.050000
0.817017 0.518672 0.050000
0.877721 0.009758 0.050000
0.007417 0.905721 0.050000
0.496055 0.031710 0.050000
0.771821 0.033156 0.050000
0.125935 0.128828 0.050000
0.745217 0.885035 0.050000
0.806991 0.959145 0.050000
0.742032 0.276523 0.050000
0.536805 0.852220 0.050000
0.764742 0.366338 0.050000
0.154897 0.334906 0.050000
0.635572 0.347692 0.050000
0.018359 0.938928 0.050000
0.063561 0.048878 0.050000
0.491287 0.440118 0.050000
0.742987 0.939184 0.050000
0.492048 0.774467 0.050000
0.840945 0.829874 0.050000
0.122860 0.428964 0.050000
0.501369 0.492016 0.050000
0.221643 0.918775 0.050000
0.666763 0.296228 0.050000
0.409422 0.739733 0.050000
0.804411 0.964786 0.050000
0.689771 0.006807 0.050000
0.349630 0.961092 0.050000
0.278176 0.088809 0.050000
0.092304 0.417882 0.050000
0.964418 0.036272 0.050000
0.381949 0.510174 0.050000
0.097841 0.140934 0.050000
0.899654 0.274542 0.050000
0.321754 0.305281 0.050000
0.257626 0.612936 0.050000
0.369861 0.056886 0.050000
0.383147 0.357586 0.050000
0.789673 0.941605 0.050000
0.648366 0.272909 0.050000
0.165823 0.742754 0.050000
0.008306 0.142733 0.050000
0.446845 0.831999 0.050000
0.271568 0.649489 0.050000
0.886947 0.448323 0.050000
0.042384 0.632635 0.050000
0.671181 0.645585 0.050000
0.703537 0.124817 0.050000
0.389020 0.887045 0.050000
0.664705 0.733769 0.050000
0.587133 0.001038 0.050000
0.233275 0.021237 0.050000
0.616599 0.220875 0.050000
0.957909 0.948660 0.050000
0.714834 0.377704 0.050000
0.051282 0.459333 0.050000
0.493806 0.096080 0.050000
0.090950 0.078113 0.050000
0.909223 0.913220 0.050000
0.130243 0.032150 0.050000
0.399693 0.114223 0.050000
0.917153 0.988680 0.050000
0.360966 0.884400 0.050000
0.459568 0.282283 0.050000
0.057492 0.563044 0.050000
0.907929 0.166784 0.050000
0.610238 0.612539 0.050000
0.929991 0.208459 0.050000
0.064042 0.705857 0.050000
0.071831 0.690335 0.050000
0.510258 0.219695 0.050000
0.460484 0.033237 0.050000
0.122189 0.542802 0.050000
0.938259 0.352051 0.050000
0.421447 0.285346 0.050000
0.390014 0.146051 0.050000
0.940552 0.836472 0.050000
0.695777 0.770173 0.050000
0.767274 0.567627 0.050000
0.247506 0.515049 0.050000
0.471307 0.492315 0.050000
0.305145 0.324504 0.050000
0.632694 0.208198 0.050000
0.998419 0.144639 0.050000
0.158412 0.665783 0.050000
0.845197 0.526425 0.050000
0.514940 0.348667 0.050000
0.891451 0.060362 0.050000
0.296284 0.567361 0.050000
0.350240 0.767126 0.050000
0.876156 0.906030 0.050000
0.996250 0.116120 0.050000
0.934705 0.596865 0.050000
0.595852 0.621333 0.050000
0.701640 0.491206 0.050000
0.961494 0.589405 0.050000
0.260719 0.935829 0.050000
0.684040 0.435871 0.050000
0.878467 0.908723 0.050000
0.270449 0.399108 0.050000
0.074799 0.273220 0.050000
0.660012 0.504250 0.050000
0.044976 0.118586 0.050000
0.625058 0.113473 0.050000
0.411453 0.179926 0.050000
0.836397 0.932369 0.050000
0.244246 0.909305 0.050000
