1.065988 0.863670
0.348139 0.942380
0.008432 0.734437
0.397132 1.287134
1.027051 0.688563
0.314943 0.146553
0.055494 0.529662
0.615039 0.510121
1.038490 0.082062
1.496733 0.208672
1.386276 1.179777
0.097173 1.343064
0.656621 0.657582
0.645310 1.018424
1.427046 0.684091
1.493652 0.010660
0.448306 0.781415
0.235711 0.361581
0.563534 1.435382
0.908133 0.523005
1.123179 0.778881
1.114413 1.344959
0.221219 1.106517
0.270769 1.239643
1.305008 0.285606
0.830686 0.834362
1.145108 0.916979
0.470736 0.944007
0.508164 0.543639
1.446921 0.905646
0.989542 1.318303
0.241366 0.545954
0.954197 0.431788
0.719964 0.577365
0.853589 0.856051
1.372968 0.021183
1.160696 0.249169
0.811391 0.275387
0.506766 0.220205
0.835694 0.667106
0.009753 1.306884
0.759466 0.816017
1.372266 0.683581
0.189082 0.936962
0.544944 0.442296
1.477091 0.408221
1.098395 0.490147
1.258998 0.097653
0.332654 1.390602
0.632709 1.214088
0.949276 0.992184
0.130992 0.829614
0.247142 0.926671
1.461074 0.930697
0.688980 0.410711
1.063097 0.439949
1.091654 0.233560
0.175025 0.112202
0.657552 0.022625
0.924617 0.509569
0.265571 0.342611
1.094363 0.015045
0.977531 0.765762
0.613068 0.214601
0.760119 0.747542
0.532423 1.268244
0.302549 0.609989
1.465721 0.478569
0.431597 0.322558
0.210459 1.394359
1.066528 0.591256
0.853493 0.405859
1.307309 0.877962
0.772432 1.283943
1.442943 0.578459
0.879857 1.447671
0.212916 0.399310
1.190119 1.485022
0.678181 0.483926
1.274553 1.295277
1.265340 0.786198
0.412806 0.592846
1.027509 0.298256
0.781597 1.051345
1.205133 0.463676
1.388845 0.165476
0.742779 1.144709
0.445649 1.424445
1.304039 1.462384
0.541282 0.887938
0.785672 1.154076
