0.387078 0.716797
0.575906 0.068599
1.451636 0.377418
1.285652 0.092433
1.238595 0.917839
1.184050 1.294687
0.943244 0.826479
0.619392 0.708477
0.079664 0.891505
1.000443 1.373817
0.053353 1.057254
0.330593 1.483278
0.431417 1.478216
0.464934 0.170616
1.217871 1.080748
0.757698 1.152258
0.890020 0.535370
0.007802 1.386758
0.294507 0.871791
1.385149 0.891486
1.479325 1.153885
0.251123 1.054543
0.789545 0.957382
1.448783 1.306649
0.474620 0.993886
1.368210 0.302481
1.050275 0.791596
0.142094 0.976463
0.210635 1.470916
0.810932 1.356624
1.422149 0.584338
0.853982 0.204192
0.685369 0.351387
0.292372 0.549640
0.374438 1.109404
0.473792 0.486394
1.189344 0.634784
0.692950 1.426755
0.197437 0.376001
0.791476 0.124248
0.289940 0.239570
0.873613 0.330063
0.775731 1.486066
1.227490 0.534229
0.601551 1.066766
0.047067 1.496579
0.035110 0.754861
0.587447 0.887395
0.357882 0.093852
0.366542 0.975638
0.916753 1.210726
0.467144 1.327349
0.957393 0.708524
0.321342 1.269643
1.461524 0.090626
1.139451 0.425136
0.946385 1.464222
0.088714 0.215850
1.456290 0.227624
1.052997 0.282949
0.019668 0.103471
0.218648 0.783915
1.411426 1.059148
0.469804 0.603285
0.132779 1.165220
1.200152 0.329286
0.144065 1.307033
1.146161 1.171402
1.337677 0.400831
0.131183 0.033151
