0
0
0
0
0
0
0.000208247
0.000520616
0.00093711
0.00104123
0.00145773
0.00166597
0.0017701
0.00229071
0.00239484
0.00260308
0.0031237
0.00343607
0.00374844
0.00437318
0.00489379
0.00541441
0.0062474
0.00676801
0.00718451
0.00749688
0.00832986
0.00905873
0.00989171
0.0105165
0.0106206
0.0109329
0.0113494
0.0116618
0.0125989
0.0132237
0.0142649
0.0150979
0.0161391
0.0167638
0.0175968
0.0180133
0.0196793
0.0204082
0.0213453
0.0216576
0.0229071
0.0234277
0.024469
0.0254061
0.0262391
0.0270721
0.0281133
0.0298834
0.0307164
0.0315494
0.0321741
0.0335277
0.0342566
0.0356102
0.0372761
0.0382132
0.0389421
0.0395668
0.040504
0.0412328
0.0430029
0.0442524
0.0452936
0.0461266
0.0470637
0.0478967
0.0493544
0.0501874
0.0518534
0.0529988
0.0539359
0.0551853
0.0560183
0.0566431
0.0582049
0.0592461
0.0603915
0.0620575
0.0629946
0.0637234
0.0648688
0.0657018
0.0671595
0.0686172
0.0697626
0.0711162
0.0722616
0.0736152
0.0750729
0.07601
0.077676
0.0792378
0.0807997
0.0823615
0.0838192
0.0851728
0.0859017
0.0870471
0.0873594
0.0886089
0.0910037
0.092045
0.0932945
0.0950646
0.0962099
0.0970429
0.09798
0.0989171
0.100167
0.10152
0.103915
0.104852
0.106102
0.10808
0.109434
0.110683
0.111933
0.112557
0.113911
0.115681
0.117347
0.119117
0.120367
0.121512
0.12349
0.124219
0.125885
0.127135
0.128488
0.129633
0.130154
0.131508
0.13307
0.133903
0.135152
0.136089
0.137755
0.139525
0.140671
0.142024
0.143274
0.145356
0.147022
0.148063
0.149521
0.151187
0.152541
0.153582
0.155248
0.156393
0.15733
0.158372
0.159933
0.161391
0.162641
0.164411
0.16566
0.166285
0.167847
0.169721
0.170554
0.171803
0.17399
0.175552
0.178051
0.179404
0.18107
0.182112
0.183569
0.18586
0.187214
0.188567
0.190233
0.191691
0.19242
0.193878
0.194919
0.196377
0.197522
0.198563
0.199188
0.200229
0.201479
0.202832
0.204082
0.205435
0.20606
0.207309
0.208871
0.210225
0.211579
0.211891
0.213036
0.213869
0.215639
0.217097
0.218867
0.220117
0.221262
0.22272
0.224802
0.225843
0.227822
0.229592
0.23105
0.231778
0.232611
0.233965
0.234798
0.236776
0.238338
0.239484
0.240941
0.243232
0.24469
0.245314
0.24698
0.248022
0.249479
0.251145
0.252499
0.253644
0.254581
0.255519
0.256768
0.257705
0.259267
0.260621
0.261766
0.263328
0.264161
0.265202
0.266764
0.268117
0.268846
0.269783
0.270512
0.271554
0.272595
0.27374
0.275198
0.276656
0.278113
0.279467
0.280404
0.281341
0.282486
0.283528
0.284881
0.285714
0.287172
0.288317
0.289254
0.291129
0.292586
0.29394
0.29519
0.296647
0.297897
0.299042
0.300083
0.301645
0.302791
0.303832
0.305081
0.306018
0.307164
0.307684
0.308621
0.309454
0.3106
0.311224
0.312578
0.313723
0.314765
0.316118
0.317368
0.318513
0.320179
0.322574
0.323407
0.324656
0.325385
0.326739
0.327988
0.329342
0.331008
0.332049
0.334027
0.335277
0.336006
0.336735
0.337984
0.33913
0.340379
0.341628
0.342566
0.343503
0.344544
0.345481
0.346522
0.347251
0.348605
0.349542
0.350375
0.35152
0.352353
0.354019
0.354852
0.355998
0.357247
0.358392
0.359225
0.360371
0.361516
0.362349
0.36339
0.364431
0.366306
0.367659
0.368701
0.369638
0.370575
0.372241
0.373386
0.374427
0.378508
0.382053
0.38303
0.384549
0.385308
0.386285
0.387261
0.38878
0.390408
0.390734
0.39171
0.393229
0.393989
0.394857
0.396159
0.397569
0.398329
0.399414
0.400608
0.402018
0.403429
0.404188
0.405707
0.40701
0.408312
0.409505
0.410699
0.412109
0.412977
0.413628
0.414822
0.416124
0.417426
0.418728
0.420681
0.421984
0.422743
0.423937
0.425022
0.426324
0.427192
0.427626
0.428385
0.429253
0.430447
0.431424
0.432075
0.433702
0.435113
0.436632
0.437826
0.438585
0.44043
0.441515
0.4426
0.443793
0.444987
0.445638
0.446615
0.447917
0.448785
0.449544
0.450521
0.451389
0.452474
0.454319
0.455295
0.456489
0.457465
0.458767
0.459527
0.460612
0.461046
0.461914
0.462674
0.46365
0.465061
0.465929
0.466905
0.467448
0.468424
0.469727
0.470812
0.471463
0.472439
0.473416
0.474501
0.475477
0.477105
0.478841
0.480143
0.480794
0.481771
0.48253
0.483615
0.484809
0.485894
0.486762
0.488064
0.488498
0.489366
0.490126
0.491536
0.492296
0.49273
0.493924
0.494683
0.495985
0.496636
0.498155
0.499349
0.500977
0.50217
0.503147
0.504883
0.505968
0.506836
0.508572
0.509766
0.510851
0.512044
0.512587
0.513238
0.514106
0.515082
0.516276
0.517253
0.518121
0.519097
0.520508
0.521701
0.522569
0.523655
0.524523
0.525282
0.525933
0.526584
0.527452
0.528754
0.529948
0.530924
0.531684
0.532769
0.533963
0.535156
0.536458
0.537218
0.537977
0.538737
0.540039
0.540365
0.541124
0.541884
0.542643
0.543403
0.544271
0.545247
0.546115
0.546984
0.548069
0.54872
0.549479
0.550564
0.551215
0.552083
0.552734
0.553494
0.554036
0.554688
0.555447
0.556315
0.557617
0.559462
0.56033
0.56174
0.563043
0.564019
0.565647
0.566189
0.56684
0.567057
