0
0
0.000970874
0.000970874
0.00242777
0.00339888
0.00436999
0.00582666
0.00849721
0.00947062
0.0143273
0.0184556
0.0211268
0.0252611
0.0289045
0.0323129
0.0403402
0.0454545
0.0486145
0.0556771
0.0644299
0.0695356
0.0742092
0.0798054
0.0849148
0.0919708
0.0973236
0.100243
0.107543
0.112895
0.11852
0.127768
0.134615
0.139241
0.143622
0.148978
0.151412
0.154614
0.160701
0.167519
0.172145
0.177258
0.182372
0.186754
0.194302
0.20112
0.207938
0.213538
0.22187
0.228502
0.234105
0.239279
0.246589
0.253899
0.260234
0.2673
0.274123
0.279971
0.286306
0.292885
0.298246
0.30385
0.311647
0.317982
0.323587
0.331628
0.335446
0.341297
0.346904
0.352683
0.357073
0.362683
0.367561
0.372439
0.378293
0.383171
0.387561
0.392927
0.400732
0.406098
0.413659
0.418049
0.423415
0.428537
0.430976
0.43561
0.440244
0.444255
0.450842
0.4551
0.461689
0.469985
0.473158
0.478632
0.485958
0.488889
0.491819
0.495971
0.502564
0.506471
0.513065
0.515751
0.517587
0.519297
0.52566
0.529814
0.533236
0.537879
0.543011
0.54681
0.551699
0.558191
0.56088
0.563325
0.569682
0.57335
0.576773
0.579951
0.582152
0.586696
0.588897
0.592321
0.596478
0.599902
0.601859
0.606016
0.609589
0.614387
0.616345
0.619281
0.623837
0.626285
0.628488
0.632403
0.633872
0.638678
0.64235
0.645288
0.649449
0.652057
0.65573
0.658668
0.661523
0.662993
0.666422
0.669525
0.67124
0.673444
0.676139
0.679079
0.681529
0.684713
0.687163
0.689368
0.693043
0.696717
0.697942
0.700147
0.702034
0.703431
0.706618
0.707353
0.710784
0.71201
0.713655
0.715862
0.718068
0.719539
0.722413
0.722903
0.723884
0.727317
0.728543
0.729703
0.732401
0.734298
0.736933
0.737669
0.739387
0.741104
0.743741
0.745214
0.747115
0.748588
0.750061
0.750552
0.752641
0.755283
0.757494
0.761612
0.761799
0.762724
0.764634
0.766355
0.767831
0.770726
0.772884
0.776083
0.777067
0.779035
0.780758
0.781988
0.782919
0.783411
0.784396
0.785626
0.78902
0.789266
0.790251
0.790497
0.794386
0.796109
0.797094
0.799557
0.801773
0.802512
0.804187
0.804926
0.805911
0.807635
0.808374
0.810298
0.81153
0.812515
0.812515
0.813501
0.814979
0.816457
0.816412
0.817151
0.817891
0.819123
0.820108
0.822282
0.823515
0.824008
0.825647
0.827084
0.828029
0.827944
0.829672
0.831893
0.832387
0.832881
0.834115
0.83609
0.837531
0.839259
0.839467
0.841156
0.841897
0.843132
0.844121
0.844368
0.84507
0.8468
0.8468
0.849271
0.851001
0.851742
0.853719
0.855448
0.85619
0.85739
0.858873
0.859862
0.860356
0.861097
0.86276
0.865232
0.866683
0.868662
0.868662
0.868909
0.869404
0.869404
0.870641
0.871846
0.872588
0.872835
0.873083
0.874536
0.875
0.875712
0.875959
0.876702
0.877167
0.878405
0.879366
0.879366
0.880109
0.880109
0.880604
0.881595
0.882834
0.883548
0.884015
0.88575
0.885998
0.886741
0.886989
0.887485
0.888228
0.889219
0.889715
0.889963
0.890679
0.890927
0.891617
0.892361
0.892857
0.893849
0.894345
0.895337
0.896081
0.896825
0.897073
0.897569
0.898313
0.899032
0.900025
0.900521
0.901241
0.901688
0.902433
0.903426
0.903899
0.90514
0.90663
0.907104
0.907104
0.907352
0.907555
0.908052
0.908549
0.910288
0.910288
0.910785
0.911034
0.911509
0.91273
0.913725
0.914222
0.9142
0.9142
0.9142
0.914677
0.915174
0.915174
0.916148
0.916397
0.916397
0.916646
0.916874
0.917123
0.91787
0.918118
0.918825
0.919303
0.919262
0.919741
0.919721
0.920219
0.920967
0.921217
0.921466
0.921715
0.922463
0.923211
0.924208
0.924956
0.924938
0.925935
0.926185
0.927164
0.927413
0.927413
0.927912
0.928162
0.929159
0.929391
0.93014
0.930639
0.930621
0.930621
0.930621
0.930854
0.931103
0.931103
0.931069
0.932034
0.932034
0.93225
0.9327
0.93345
0.933433
0.933684
0.933934
0.933917
0.934668
0.93567
0.93592
0.93592
0.936655
0.93714
0.937891
0.937876
0.937876
0.937876
0.937876
0.937876
0.938111
0.938111
0.938111
0.938361
0.938847
0.939098
0.939082
0.939288
0.94004
0.94004
0.94004
0.940793
0.940778
0.940763
0.941265
0.941516
0.941516
0.941767
0.942018
0.942004
0.942004
0.941989
0.941989
0.94224
0.942477
0.942728
0.942728
0.942714
0.942965
0.943453
0.943676
0.943928
0.943928
0.943928
0.944165
0.944165
0.944165
0.944151
0.944654
0.944906
0.945898
0.945898
0.94615
0.946653
0.946653
0.94664
0.946892
0.946892
0.94713
0.947382
0.947885
0.947885
0.947872
0.947872
0.948376
0.948376
0.949131
0.94937
0.94937
0.949874
0.950126
0.950126
0.950378
0.950869
0.951373
0.951373
0.951349
0.951349
0.951349
0.952357
0.952357
0.952357
0.952357
0.952609
0.952597
0.952585
0.95309
0.95309
0.953342
0.953342
0.953835
0.954075
0.954328
0.95458
0.95458
0.954832
0.954832
0.954832
0.955085
0.955337
0.955337
0.955578
0.955578
0.955578
0.95583
0.95583
0.956313
0.956555
0.957049
0.957049
0.957302
0.957554
