1
1
0.999029
0.999029
0.997572
0.996601
0.995837
0.994691
0.992433
0.991562
0.987112
0.983182
0.980609
0.976977
0.973427
0.970213
0.962667
0.957837
0.954965
0.948471
0.940171
0.93553
0.931611
0.926465
0.921707
0.914888
0.910259
0.907982
0.901374
0.896533
0.890942
0.881873
0.875319
0.870916
0.867305
0.862427
0.860868
0.858345
0.853066
0.846675
0.842683
0.837834
0.834042
0.830188
0.823271
0.816565
0.810632
0.805329
0.797647
0.79161
0.786533
0.781889
0.775205
0.769084
0.763209
0.756569
0.750008
0.745008
0.73901
0.733225
0.728926
0.723809
0.716245
0.710115
0.704967
0.697116
0.694416
0.689202
0.684081
0.678619
0.67468
0.669378
0.665273
0.660721
0.655708
0.65135
0.647355
0.642531
0.63483
0.629563
0.622579
0.618601
0.613644
0.609273
0.60728
0.602803
0.598586
0.594826
0.588695
0.585044
0.578682
0.570593
0.567878
0.562798
0.555764
0.553157
0.550978
0.547404
0.541162
0.537825
0.531484
0.529334
0.527748
0.526537
0.519745
0.515899
0.513494
0.508969
0.504011
0.500798
0.496024
0.489292
0.486818
0.484611
0.478219
0.474858
0.472307
0.469251
0.467445
0.463387
0.46162
0.458418
0.454382
0.450844
0.449324
0.445522
0.442315
0.437757
0.436154
0.43338
0.42916
0.426722
0.425016
0.421138
0.420107
0.415138
0.411165
0.408423
0.404359
0.401737
0.39807
0.395101
0.392553
0.391652
0.388184
0.38518
0.38374
0.382096
0.379683
0.376696
0.374461
0.371444
0.369147
0.366996
0.36337
0.359507
0.358453
0.356277
0.354694
0.353644
0.350366
0.350228
0.34664
0.34543
0.344101
0.34222
0.339904
0.33864
0.336058
0.3361
0.335928
0.332299
0.331477
0.330481
0.327767
0.326359
0.323661
0.323294
0.321838
0.320293
0.317317
0.316064
0.314111
0.312848
0.311458
0.31125
0.308886
0.305984
0.303694
0.299043
0.299278
0.298623
0.296454
0.294749
0.293466
0.290303
0.288064
0.28412
0.283283
0.281079
0.279517
0.278466
0.277905
0.277719
0.276864
0.2758
0.272163
0.272211
0.271633
0.271937
0.267396
0.265406
0.264411
0.261663
0.259052
0.258755
0.257086
0.256502
0.255697
0.254192
0.253704
0.251365
0.250286
0.249322
0.249806
0.249046
0.247519
0.245919
0.246288
0.245605
0.245024
0.243673
0.242856
0.24036
0.239064
0.238902
0.236944
0.235324
0.234538
0.235087
0.232958
0.230215
0.229768
0.229419
0.22805
0.225691
0.224157
0.222219
0.22238
0.220453
0.21971
0.218278
0.217249
0.21722
0.216649
0.21448
0.214918
0.211792
0.209638
0.209147
0.206783
0.20473
0.204041
0.202757
0.201006
0.199924
0.199515
0.1989
0.196842
0.193585
0.191845
0.189253
0.189566
0.189351
0.188892
0.18912
0.18764
0.186061
0.185348
0.185297
0.185217
0.183459
0.183115
0.182378
0.182461
0.182009
0.181546
0.180049
0.178819
0.179179
0.178406
0.178766
0.178471
0.177266
0.175933
0.175189
0.174678
0.172254
0.172205
0.171378
0.171327
0.1709
0.170012
0.168745
0.168257
0.168119
0.167291
0.167098
0.166386
0.165482
0.16493
0.163692
0.163136
0.162021
0.161077
0.160208
0.160134
0.159647
0.158693
0.157853
0.156582
0.156009
0.155133
0.154683
0.153965
0.152725
0.152228
0.150484
0.148341
0.147981
0.148251
0.148101
0.148747
0.148796
0.148226
0.145766
0.145946
0.145368
0.145194
0.144778
0.143161
0.141605
0.141015
0.141404
0.141581
0.141784
0.141301
0.140806
0.140984
0.139616
0.139479
0.139808
0.139722
0.139517
0.139455
0.138502
0.138386
0.13747
0.136937
0.137334
0.136723
0.136908
0.136336
0.135359
0.135233
0.135107
0.135132
0.134143
0.133024
0.131568
0.130516
0.130844
0.129301
0.128964
0.127422
0.127178
0.127445
0.126786
0.126493
0.125094
0.124996
0.124005
0.12338
0.123578
0.123985
0.124226
0.124051
0.123869
0.124135
0.124343
0.122819
0.123108
0.12291
0.122263
0.121115
0.121337
0.12112
0.121071
0.121318
0.120203
0.118574
0.118397
0.118563
0.117439
0.116633
0.115425
0.115617
0.115828
0.116133
0.116322
0.116535
0.116213
0.116426
0.116712
0.116478
0.115702
0.115441
0.115684
0.115533
0.114313
0.114669
0.115051
0.113891
0.114063
0.114306
0.113504
0.113257
0.113519
0.11327
0.112973
0.113289
0.113385
0.113606
0.113775
0.113597
0.113301
0.112902
0.113169
0.113367
0.113162
0.112338
0.112234
0.111999
0.112364
0.112634
0.112377
0.112771
0.113019
0.113246
0.112623
0.112384
0.110604
0.110874
0.110481
0.109595
0.109791
0.11004
0.109791
0.110013
0.109716
0.109416
0.108687
0.108959
0.109184
0.109433
0.108574
0.108747
0.107303
0.106946
0.107142
0.106369
0.106103
0.106324
0.105959
0.105153
0.104341
0.104609
0.104956
0.105128
0.105301
0.103288
0.103581
0.103654
0.103826
0.103447
0.103645
0.103844
0.102935
0.103156
0.102798
0.102995
0.102152
0.101766
0.101377
0.10106
0.101207
0.10084
0.100987
0.101158
0.100716
0.100296
0.100468
0.100121
0.100415
0.100836
0.100461
0.100784
0.0999797
0.0996496
0.0988849
0.0990086
0.0985741
0.0980399
