0
0.179244
0.644834
1.26132
2.10065
3.15695
4.31125
5.56726
6.84921
8.31772
9.98965
11.6047
13.4151
15.3125
17.3403
19.5105
21.6042
23.909
26.3089
28.6983
31.2167
33.8411
36.5416
39.163
42.084
44.9133
47.7735
50.6537
53.5502
56.5561
59.479
62.558
65.7275
69.1409
72.3642
75.623
78.8554
82.16
85.5998
88.9896
92.2111
95.7696
99.3279
102.908
106.492
109.803
113.39
116.841
120.335
123.825
127.631
131.401
134.942
138.523
142.096
145.702
149.395
152.978
156.544
160.278
163.794
167.352
170.822
174.46
178.192
181.648
185.102
188.594
192.09
195.537
199.167
202.635
206.477
209.987
213.693
217.028
220.969
224.647
228.329
231.843
235.276
238.847
242.39
246.035
249.387
252.913
256.378
260.059
263.529
267.259
270.529
273.752
277.453
280.898
284.037
287.607
291.281
294.995
298.398
301.955
305.283
308.75
312.296
315.779
319.598
323.189
326.587
330.479
333.943
337.592
341.444
345.215
348.871
352.532
356.186
359.464
363.238
367.104
370.838
374.433
378.277
382.035
386.055
389.959
393.785
397.514
401.37
405.384
409.31
413.343
417.21
421.606
425.745
430.096
434.215
439.079
443.43
447.491
451.881
455.741
460.273
464.573
468.786
472.982
477.026
481.881
486.397
490.68
495.255
499.672
503.973
508.22
513.052
517.397
522.013
527.011
531.666
536.948
541.694
546.658
551.441
556.566
561.357
566.209
570.914
575.754
580.907
586.326
591.349
596.752
601.815
607.371
612.827
617.893
622.597
628.088
633.374
638.69
644.221
649.536
654.791
660.645
665.514
670.96
676.609
682.461
687.957
693.391
698.638
704.112
709.505
715.116
720.546
725.917
730.475
736.214
741.797
747.153
752.444
757.991
763.869
769.802
775.62
781.808
787.426
793.383
799.467
805.749
811.505
817.788
823.302
829.434
835.612
842.075
848.314
854.916
861.995
867.971
873.263
878.783
884.962
891.143
897.443
903.987
909.772
916.077
923.091
929.824
936.057
942.104
948.425
955.124
960.805
967.461
973.705
979.841
986.632
992.524
999.524
1006.39
1012.64
1018.93
1025.22
1031.52
1038.23
1044.44
1050.94
1057.19
1063.13
1069.61
1076.43
1083.28
1090.22
1097
1104.01
1110.56
1118.08
1125.33
1131.96
1139.72
1146.35
1153.9
1161.03
1168.24
1175.52
1182.62
1189.67
1197.1
1203.47
1210.78
1217.67
1225.4
1232.71
1239.89
1246.79
1253.96
1261.49
1268.77
1276.33
1283.75
1291.38
1299.34
1306.62
1313.07
1319.8
1326.9
1333.98
1340.43
1347.95
1355.52
1361.73
1368.19
1375.52
1382.72
1390.06
1397.68
1405.28
1412.03
1419.6
1426.3
1433.85
1439.67
1446.67
1452.88
1460.86
1467.68
1475.75
1482.61
1490.18
1496.96
1504.78
1511.25
1519.36
1528.1
1535.04
1543.26
1549.53
1557.28
1564.11
1571.33
1579.57
1587.43
1594.55
1601.16
1608.49
1615.85
1622.45
1629.93
1637.25
1644.62
1652.23
1660.09
1667.67
1675.19
1683.13
1690.58
1699.04
1707.43
1714.77
1722.29
1729.8
1738.12
1745.29
1753.16
1761.04
1768.84
1777.37
1785.1
1791.7
1801.11
1809.04
1817.18
1825.26
1834.44
1843.1
1851.67
1860.01
1868.68
1877.55
1885.03
1893.12
1901.08
1908.66
1917.04
1926.55
1935.3
1944.35
1952.44
1960.55
1968.7
1976.57
1986.16
1994.18
2002.81
2010.89
2020.34
2029.96
2039.52
2049.49
2059.19
2067.88
2077.65
2086.3
2094.8
2105.37
2113.93
2121.65
2131.48
2144.15
2154.54
2165.04
2175.9
2185.36
2196.18
2205.77
2216.42
2226.25
2235.63
2246.04
2254.7
2264.9
2273.72
2282.54
2292.98
2304.11
2314.64
2323.35
2333.68
2344.81
2354.84
2363.66
2374.28
2383.05
2393.47
2405.08
2415.11
2424.46
2434.96
2446.05
2455.14
2465
2473.07
2483.6
2493.95
2506.14
2516
2526.82
2538.03
2546.97
2559.11
2568.18
2577.43
2585.82
2595.18
2603.79
2612.79
2624.05
2631.51
2638.93
2649.18
2658.61
2669.23
2679.09
2688.4
2698
2710.02
2719.55
2729.67
2740.26
2749.65
2759.91
2770.26
2778.98
2789.09
2799.74
2809.48
2820.41
2830.75
2841.33
2853.22
2863.74
2874.5
2884.8
2894.13
2905.11
2915.78
2925.48
2936.45
2945.94
2956.57
2967.59
2978.01
2989.44
2999.58
3008.89
3020.08
3031.11
3041.89
3052.13
3062.49
3073.59
3084.01
3094.76
3105.4
3116.59
3128.25
3139.27
3150.15
3161.49
3172.69
3184.44
3195.35
3205.54
3216.73
3226.11
3237.25
3247.36
3258.77
3270.42
3280.86
3291.21
3301.53
3312.82
3324.44
3335.91
3347.6
3357.27
3368.06
3379.5
3389.16
3399.06
3406.4
3416.02
