0
0.00388891
0.00777783
0.0116667
0.0155557
0.0194446
0.0233335
0.0272224
0.0311113
0.0350002
0.0388891
0.0427781
0.046667
0.0505559
0.0544448
0.0583337
0.0622226
0.0661115
0.0700004
0.0738894
0.0777783
0.0816672
0.0855561
0.089445
0.0933339
0.0972228
0.101112
0.105001
0.10889
0.112778
0.116667
0.120556
0.124445
0.128334
0.132223
0.136112
0.140001
0.14389
0.147779
0.151668
0.155557
0.159445
0.163334
0.167223
0.171112
0.175001
0.17889
0.182779
0.186668
0.190557
0.194446
0.198335
0.202224
0.206112
0.210001
0.21389
0.217779
0.221668
0.225557
0.229446
0.233335
0.237224
0.241113
0.245002
0.24889
0.252779
0.256668
0.260557
0.264446
0.268335
0.272224
0.276113
0.280002
0.283891
0.28778
0.291669
0.295557
0.299446
0.303335
0.307224
0.311113
0.315002
0.318891
0.32278
0.326669
0.330558
0.334447
0.338335
0.342224
0.346113
0.350002
0.353891
0.35778
0.361669
0.365558
0.369447
0.373336
0.377225
0.381114
0.385002
0.388891
0.39278
0.396669
0.400558
0.404447
0.408336
0.412225
0.416114
0.420003
0.423892
0.427781
0.431669
0.435558
0.439447
0.443336
0.447225
0.451114
0.455003
0.458892
0.462781
0.46667
0.470559
0.474447
0.478336
0.482225
0.486114
0.490003
0.493892
0.497781
0.50167
0.505559
0.509448
0.513337
0.517226
0.521114
0.525003
0.528892
0.532781
0.53667
0.540559
0.544448
0.548337
0.552226
0.556115
0.560004
0.563892
0.567781
0.57167
0.575559
0.579448
0.583337
0.587226
0.591115
0.595004
0.598893
0.602782
0.606671
0.610559
0.614448
0.618337
0.622226
0.626115
0.630004
0.633893
0.637782
0.641671
0.64556
0.649449
0.653338
0.657226
0.661115
0.665004
0.668893
0.672782
0.676671
0.68056
0.684449
0.688338
0.692227
0.696116
0.700004
0.703893
0.707782
0.711671
0.71556
0.719449
0.723338
0.727227
0.731116
0.735005
0.738894
0.742783
0.746671
0.75056
0.754449
0.758338
0.762227
0.766116
0.770005
0.773894
0.777783
0.781672
0.785561
0.789449
0.793338
0.797227
0.801116
0.805005
0.808894
0.812783
0.816672
0.820561
0.82445
0.828339
0.832228
0.836116
0.840005
0.843894
0.847783
0.851672
0.855561
0.85945
0.863339
0.867228
0.871117
0.875006
0.878895
0.882783
0.886672
0.890561
0.89445
0.898339
0.902228
0.906117
0.910006
0.913895
0.917784
0.921673
0.925561
0.92945
0.933339
0.937228
0.941117
0.945006
0.948895
0.952784
0.956673
0.960562
0.964451
0.96834
0.972228
0.976117
0.980006
0.983895
0.987784
0.991673
0.995562
0.999451
1.00334
1.00723
1.01112
1.01501
1.0189
1.02278
1.02667
1.03056
1.03445
1.03834
1.04223
1.04612
1.05001
1.0539
1.05778
1.06167
1.06556
1.06945
1.07334
1.07723
1.08112
1.08501
1.0889
1.09278
1.09667
1.10056
1.10445
1.10834
1.11223
1.11612
1.12001
1.1239
1.12778
1.13167
1.13556
1.13945
1.14334
1.14723
1.15112
1.15501
1.1589
1.16279
1.16667
1.17056
1.17445
1.17834
1.18223
1.18612
1.19001
1.1939
1.19779
1.20167
1.20556
1.20945
1.21334
1.21723
1.22112
1.22501
1.2289
1.23279
1.23667
1.24056
1.24445
1.24834
1.25223
1.25612
1.26001
1.2639
1.26779
1.27167
1.27556
1.27945
1.28334
1.28723
1.29112
1.29501
1.2989
1.30279
1.30668
1.31056
1.31445
1.31834
1.32223
1.32612
1.33001
1.3339
1.33779
1.34168
1.34556
1.34945
1.35334
1.35723
1.36112
1.36501
1.3689
1.37279
1.37668
1.38056
1.38445
1.38834
1.39223
1.39612
1.40001
1.4039
1.40779
1.41168
1.41556
1.41945
1.42334
1.42723
1.43112
1.43501
1.4389
1.44279
1.44668
1.45056
1.45445
1.45834
1.46223
1.46612
1.47001
1.4739
1.47779
1.48168
1.48557
1.48945
1.49334
1.49723
1.50112
1.50501
1.5089
1.51279
1.51668
1.52057
1.52445
1.52834
1.53223
1.53612
1.54001
1.5439
1.54779
1.55168
1.55557
1.55945
1.56334
1.56723
1.57112
1.57501
1.5789
1.58279
1.58668
1.59057
1.59445
1.59834
1.60223
1.60612
1.61001
1.6139
1.61779
1.62168
1.62557
1.62945
1.63334
1.63723
1.64112
1.64501
1.6489
1.65279
1.65668
1.66057
1.66446
1.66834
1.67223
1.67612
1.68001
1.6839
1.68779
1.69168
1.69557
1.69946
1.70334
1.70723
1.71112
1.71501
1.7189
1.72279
1.72668
1.73057
1.73446
1.73834
1.74223
1.74612
1.75001
1.7539
1.75779
1.76168
1.76557
1.76946
1.77334
1.77723
1.78112
1.78501
1.7889
1.79279
1.79668
1.80057
1.80446
1.80834
1.81223
1.81612
1.82001
1.8239
1.82779
1.83168
1.83557
1.83946
1.84335
1.84723
1.85112
1.85501
1.8589
1.86279
1.86668
1.87057
1.87446
1.87835
1.88223
1.88612
1.89001
1.8939
1.89779
1.90168
1.90557
1.90946
1.91335
1.91723
1.92112
1.92501
1.9289
1.93279
1.93668
1.94057
1.94446
1.94835
1.95223
1.95612
1.96001
1.9639
1.96779
1.97168
1.97557
1.97946
1.98335
1.98723
1.99112
