0
0.06241
0.12482
0.18723
0.24964
0.31205
0.37446
0.43687
0.49928
0.56169
0.6241
0.68651
0.74892
0.81133
0.87374
0.93615
0.99856
1.06097
1.12338
1.18579
1.2482
1.31061
1.37302
1.43543
1.49784
1.56025
1.62266
1.68507
1.74748
1.80989
1.8723
1.93471
1.99712
2.05953
2.12194
2.18435
2.24676
2.30917
2.37158
2.43399
2.4964
2.55881
2.62122
2.68363
2.74604
2.80845
2.87086
2.93327
2.99568
3.05809
3.1205
3.18291
3.24532
3.30773
3.37014
3.43255
3.49496
3.55737
3.61978
3.68219
3.7446
3.80701
3.86942
3.93183
3.99424
4.05665
4.11906
4.18147
4.24388
4.30629
4.3687
4.43111
4.49352
4.55593
4.61834
4.68075
4.74316
4.80557
4.86798
4.93039
4.9928
5.05521
5.11762
5.18003
5.24244
5.30485
5.36726
5.42967
5.49208
5.55449
5.6169
5.67931
5.74172
5.80413
5.86654
5.92895
5.99136
6.05377
6.11618
6.17859
6.241
6.30341
6.36582
6.42823
6.49064
6.55305
6.61546
6.67787
6.74028
6.80269
6.8651
6.92751
6.98992
7.05233
7.11474
7.17715
7.23956
7.30197
7.36438
7.42679
7.4892
7.55161
7.61402
7.67643
7.73884
7.80125
7.86366
7.92607
7.98848
8.05089
8.1133
8.17571
8.23812
8.30053
8.36294
8.42535
8.48776
8.55017
8.61258
8.67499
8.7374
8.79981
8.86222
8.92463
8.98704
9.04945
9.11186
9.17427
9.23668
9.29909
9.3615
9.42391
9.48632
9.54873
9.61114
9.67355
9.73596
9.79837
9.86078
9.92319
9.9856
10.048
10.1104
10.1728
10.2352
10.2976
10.3601
10.4225
10.4849
10.5473
10.6097
10.6721
10.7345
10.7969
10.8593
10.9217
10.9842
11.0466
11.109
11.1714
11.2338
11.2962
11.3586
11.421
11.4834
11.5458
11.6083
11.6707
11.7331
11.7955
11.8579
11.9203
11.9827
12.0451
12.1075
12.1699
12.2324
12.2948
12.3572
12.4196
12.482
12.5444
12.6068
12.6692
12.7316
12.794
12.8565
12.9189
12.9813
13.0437
13.1061
13.1685
13.2309
13.2933
13.3557
13.4181
13.4806
13.543
13.6054
13.6678
13.7302
13.7926
13.855
13.9174
13.9798
14.0422
14.1047
14.1671
14.2295
14.2919
14.3543
14.4167
14.4791
14.5415
14.6039
14.6663
14.7288
14.7912
14.8536
14.916
14.9784
15.0408
15.1032
15.1656
15.228
15.2904
15.3529
15.4153
15.4777
15.5401
15.6025
15.6649
15.7273
15.7897
15.8521
15.9145
15.977
16.0394
16.1018
16.1642
16.2266
16.289
16.3514
16.4138
16.4762
16.5386
16.6011
16.6635
16.7259
16.7883
16.8507
16.9131
16.9755
17.0379
17.1003
17.1627
17.2252
17.2876
17.35
17.4124
17.4748
17.5372
17.5996
17.662
17.7244
17.7868
17.8493
17.9117
17.9741
18.0365
18.0989
18.1613
18.2237
18.2861
18.3485
18.4109
18.4734
18.5358
18.5982
18.6606
18.723
18.7854
18.8478
18.9102
18.9726
19.035
19.0975
19.1599
19.2223
19.2847
19.3471
19.4095
19.4719
19.5343
19.5967
19.6591
19.7216
19.784
19.8464
19.9088
19.9712
20.0336
20.096
20.1584
20.2208
20.2832
20.3457
20.4081
20.4705
20.5329
20.5953
20.6577
20.7201
20.7825
20.8449
20.9073
20.9698
21.0322
21.0946
21.157
21.2194
21.2818
21.3442
21.4066
21.469
21.5314
21.5939
21.6563
21.7187
21.7811
21.8435
21.9059
21.9683
22.0307
22.0931
22.1555
22.218
22.2804
22.3428
22.4052
22.4676
22.53
22.5924
22.6548
22.7172
22.7796
22.8421
22.9045
22.9669
23.0293
23.0917
23.1541
23.2165
23.2789
23.3413
23.4037
23.4662
23.5286
23.591
23.6534
23.7158
23.7782
23.8406
23.903
23.9654
24.0278
24.0903
24.1527
24.2151
24.2775
24.3399
24.4023
24.4647
24.5271
24.5895
24.6519
24.7144
24.7768
24.8392
24.9016
24.964
25.0264
25.0888
25.1512
25.2136
25.276
25.3385
25.4009
25.4633
25.5257
25.5881
25.6505
25.7129
25.7753
25.8377
25.9001
25.9626
26.025
26.0874
26.1498
26.2122
26.2746
26.337
26.3994
26.4618
26.5242
26.5867
26.6491
26.7115
26.7739
26.8363
26.8987
26.9611
27.0235
27.0859
27.1483
27.2108
27.2732
27.3356
27.398
27.4604
27.5228
27.5852
27.6476
27.71
27.7724
27.8349
27.8973
27.9597
28.0221
28.0845
28.1469
28.2093
28.2717
28.3341
28.3965
28.459
28.5214
28.5838
28.6462
28.7086
28.771
28.8334
28.8958
28.9582
29.0206
29.0831
29.1455
29.2079
29.2703
29.3327
29.3951
29.4575
29.5199
29.5823
29.6447
29.7072
29.7696
29.832
29.8944
29.9568
30.0192
30.0816
30.144
30.2064
30.2688
30.3313
30.3937
30.4561
30.5185
30.5809
30.6433
30.7057
30.7681
30.8305
30.8929
30.9554
31.0178
31.0802
31.1426
31.205
31.2674
31.3298
31.3922
31.4546
31.517
31.5795
31.6419
31.7043
31.7667
31.8291
31.8915
31.9539
