17.2728 0.228556
17.7297 1.00497
18.4517 10.0371
6.89953 34.5859
4.51996 35.8744
4.07256 36.1939
120.954 80.8717
120.77 88.698
122.614 91.2684
124.392 112.21
8.55935 114.637
12.0845 117.647
19.0144 5.48277
22.2736 18.4575
20.7909 24.6136
15.0282 28.1987
123.074 44.9834
117.013 48.0271
114.936 54.9346
120.231 79.3739
122.855 86.4778
121.977 90.133
123.376 95.9524
122.569 103.546
126.449 113.048
8.67432 117.807
16.7575 1.73158
4.48696 35.9443
5.15374 35.8522
124.145 43.0099
122.853 44.8947
122.939 86.5434
121.957 85.9982
125.3 90.3586
124.39 112.824
0.919612 114.503
9.36901 114.832
8.81147 115.085
8.21254 115.601
9.13359 115.96
14.535 126.371
15.4681 0.297276
22.8324 18.2454
15.1487 28.2091
121.62 44.104
120.673 89.2659
122.451 89.9023
14.8909 125.852
18.8095 6.03156
23.4193 18.9544
126.898 40.095
118.669 44.3079
116.318 54.4866
121.859 86.2854
122.203 86.215
0.49826 86.6849
123.717 112.881
8.67126 118.006
7.61416 117.303
9.96614 116.93
10.6493 115.009
9.35689 114.592
19.3796 25.4671
15.2186 28.1041
3.82593 35.743
123.64 43.2104
123.478 43.0954
120.139 42.6629
115.507 50.8181
121.871 86.297
122.19 86.1579
122.179 86.5082
127.171 95.9483
123.118 112.318
9.16086 114.142
14.0611 121.335
17.4001 2.37588
17.5852 26.8255
5.08796 35.4745
116.335 52.434
2.13451 88.2631
0.147112 92.2652
123.428 113.294
5.66678 112.867
24.6961 22.4546
20.428 24.1437
123.766 43.2813
122.829 44.7464
4.14881 86.7087
127.084 96.2125
13.3708 119.023
14.4631 125.453
14.3928 125.269
23.9362 22.0693
15.3742 28.4778
3.79859 35.7063
117.966 45.6432
119.708 78.1236
120.08 79.0113
126.3 114.933
9.70792 117.568
8.28794 116.948
8.81934 115.221
9.86602 116.104
5.82986 113.374
14.9021 126.346
17.7005 6.25435
24.5256 23.0678
125.357 41.5074
122.029 43.4855
123.802 43.2684
120.725 88.9932
120.767 89.0136
2.41184 86.6305
5.93358 87.7568
10.215 117.425
11.2066 113.655
8.78441 114.435
8.94984 114.548
14.0069 127.568
16.2844 0.60096
9.18391 32.9102
122.699 44.0457
118.305 47.6948
117.546 49.1633
119.054 58.9991
121.355 88.9183
122.426 86.2585
0.5077 86.1927
4.04685 87.55
5.9141 87.6865
4.8622 116.758
8.89754 115.295
10.1542 114.6
21.7838 18.3919
8.93893 33.2788
5.10464 35.5818
4.94918 35.7305
123.985 42.725
120.735 41.5974
118.194 48.944
118.626 49.811
5.20347 88.6794
9.49445 89.555
12.18 93.998
7.97125 108.873
6.05075 117.529
8.67056 112.755
6.62013 111.602
13.3587 119.995
23.4138 22.0658
14.9509 28.0629
4.92515 35.2754
123.907 42.0999
123.718 44.6574
119.742 46.0939
119.354 49.418
3.14661 89.7314
14.0307 91.9063
13.9016 125.736
14.9195 125.51
17.424 4.30362
11.7498 29.9583
123.44 43.4989
121.067 88.6041
120.417 85.5927
2.02709 89.071
2.99165 88.4108
15.3748 94.8946
15.825 93.2584
8.29477 119.117
9.50743 112.001
6.81059 112.266
6.84802 111.728
14.6361 126.7
14.9057 126.49
5.29119 34.3917
2.79038 36.0094
123.877 42.8159
127.637 55.9327
121.99 92.3232
3.34337 90.123
14.9863 90.3886
8.09867 117.361
8.77852 114.928
24.9524 23.3797
5.01576 34.572
127.762 55.4858
0.398744 56.2303
120.996 85.6482
3.75139 89.6693
9.37266 89.1556
13.356 90.1206
15.2536 95.121
15.7747 103.077
11.1371 113.239
13.5032 126.605
21.1555 16.9499
5.49742 36.7061
126.835 37.0125
122.741 41.1597
1.3365 56.9699
4.19898 60.2477
3.15162 69.5139
1.5193 79.3124
0.492544 80.1811
123.029 85.8255
124.087 86.8981
127.461 88.2609
4.62533 89.0885
3.77204 88.745
4.12064 89.1232
8.90212 114.737
13.2894 126.342
19.4842 14.1808
24.6252 23.2055
24.338 23.1241
24.3708 24.0382
17.2148 24.6323
13.6635 26.4972
12.5369 26.9316
11.0013 27.8091
9.82352 28.9279
123.982 39.0373
121.153 42.8943
121.021 43.6665
121.419 43.104
126.916 40.9767
1.48214 55.67
2.13497 57.8256
2.80288 58.5875
4.4919 78.1947
120.33 85.108
3.93913 89.6211
15.5647 94.88
16.1187 101.36
7.08722 117.914
8.89479 115.13
6.23274 112.161
6.51609 112.849
12.5386 26.4905
11.2797 27.4265
13.1875 25.5846
13.3635 25.5162
4.55593 33.5368
123.458 38.9237
2.02201 57.4637
3.23194 59.2818
6.4973 77.3899
124.837 83.5268
120.463 89.5315
9.23551 118.481
5.80448 116.018
8.45562 115.517
23.824 22.8115
24.1737 22.7493
25.3194 23.0093
13.3131 25.4855
3.97968 32.9825
1.89138 34.2511
127.568 35.6249
1.95697 40.6747
3.00843 43.1174
118.147 88.751
9.56419 89.3578
15.8574 101.762
10.4916 114.99
15.2247 125.464
16.8184 7.22908
16.7684 7.37743
26.3739 20.8312
19.3124 22.5014
2.76057 33.918
2.29288 34.2703
4.01669 33.7561
4.47776 61.2063
7.55082 76.6864
121.544 88.3607
122.917 88.6785
1.85987 91.0571
15.7505 101.171
14.3473 105.904
14.2159 106.724
5.61917 117.717
5.1164 117.808
7.77367 114.751
11.0843 115.143
25.2943 23.9466
26.5248 21.1036
4.16887 34.2543
4.13981 34.2599
4.95122 41.4086
3.78003 43.9886
13.0471 71.0793
9.68861 76.3297
9.02694 80.1528
3.08629 87.7118
1.32662 88.7215
124.667 90.263
4.48146 91.8475
4.09339 89.6387
3.93246 89.0062
15.5972 96.3713
5.19594 116.776
5.52468 118.176
5.58478 116.134
6.25716 114.734
7.83659 114.751
10.2933 114.324
6.51442 112.563
17.6907 127.069
16.689 2.9082
23.7461 22.9382
19.4588 22.2822
16.3367 23.4621
8.55337 35.3499
4.54736 43.1379
10.6192 57.9779
13.4085 67.5424
15.0995 76.9581
3.33707 91.4123
15.0812 92.5159
5.0328 117.36
5.46652 117.822
5.36417 114.789
6.83502 31.1884
5.48466 32.7511
10.1053 36.3897
11.5437 55.4745
10.423 85.408
3.94718 89.7562
3.82872 89.3577
15.9023 98.4043
9.405 116.611
5.32625 117.905
5.84952 117.56
5.65551 116.241
5.46964 113.206
16.0003 126.551
15.936 6.9438
25.3256 24.2718
26.2932 23.524
25.4625 20.7869
12.2013 36.949
11.2071 42.5041
27.2814 73.9843
27.5173 72.2841
27.3724 72.4068
23.2908 76.0802
2.47308 90.0413
2.66234 89.4062
4.32358 88.7093
3.77702 89.4193
7.78311 89.969
9.98349 115.785
6.08171 118.003
5.45091 117.502
5.52172 117.801
10.5988 115.67
5.02312 114.129
5.59706 116.06
15.8809 7.30341
26.0091 24.1643
25.2106 24.0843
20.8141 22.3919
26.8812 22.8745
8.01496 32.5662
9.74361 34.541
9.72152 35.4854
9.69332 36.026
14.6881 41.9951
16.0013 50.5853
17.4286 54.5029
26.5947 74.373
19.066 81.578
15.5034 87.7961
2.52852 88.7074
12.0813 91.2531
15.9327 95.1824
15.2357 100.981
14.2838 104.972
15.2427 126.969
17.8772 13.6558
24.374 23.4773
10.2309 34.935
10.2491 34.8399
10.3334 36.5425
21.7518 54.9904
22.0202 59.2443
27.2715 72.8165
12.1615 92.9969
3.25532 88.265
4.4051 89.712
5.25724 114.197
7.66605 113.445
24.4691 21.7865
27.2026 23.7932
17.5256 24.4447
12.131 32.8714
12.5847 37.9858
17.3286 40.7855
20.999 44.0123
24.3048 59.2423
24.4327 64.1772
24.5408 74.0289
7.30464 90.397
15.7983 94.383
7.73892 116.894
5.6945 115.851
24.6254 22.0646
16.5629 28.9456
11.5496 34.1324
15.2663 39.7541
24.5696 52.7034
22.5947 82.1429
7.51642 113.848
6.33798 116.275
6.33629 115.977
16.0754 126.647
16.2013 126.48
19.317 13.3839
27.6478 22.9578
25.8341 18.5137
26.0709 62.3804
24.2566 74.5388
23.6706 74.3492
16.0032 95.533
7.4205 90.3807
14.0985 103.027
9.41978 116.059
15.3686 125.503
27.5115 22.7197
26.5476 22.3753
26.7132 23.3639
26.4046 24.8755
23.6188 17.889
24.1852 19.4506
15.5184 32.9014
22.7381 83.1857
17.032 93.8827
16.1557 94.2357
7.44185 90.1387
8.68694 90.4516
15.547 94.9305
15.3412 103.476
6.8028 117.027
11.9595 122.593
18.0412 5.3749
21.1693 14.6444
24.5512 25.7269
26.1196 24.6664
20.4148 21.7218
20.0731 43.0827
21.8498 50.3331
21.7821 50.0926
25.2683 61.9495
24.655 77.2119
21.8411 85.5393
16.264 94.6064
16.1058 94.6252
15.8954 94.5503
5.52369 118.482
15.9646 126.464
15.9117 126.394
21.1823 21.1881
24.6511 20.5182
17.4995 40.9901
17.5385 42.2347
18.3964 42.5944
24.3446 56.3417
24.825 59.8763
25.4541 67.012
25.1422 69.2513
18.3097 92.4992
15.8366 94.4007
16.1227 96.4629
16.0738 95.3779
15.5477 106.786
13.5905 109.524
18.7406 7.9704
21.7741 22.1463
22.7287 21.3041
19.8052 43.253
20.7542 44.9895
15.6023 94.2112
15.9569 92.7094
15.5926 92
15.7236 92.0927
15.762 92.9458
15.3688 96.4385
7.01502 116.94
19.9408 11.9036
21.5135 18.6065
23.4594 32.4314
25.1788 61.6114
25.4863 67.2321
25.115 69.2738
25.0559 72.7124
16.2454 93.6096
17.6882 91.6132
17.5036 91.4932
15.6387 94.1281
16.1575 94.608
16.2383 127.29
25.0114 24.7075
24.4351 73.9747
24.8116 73.7764
18.1431 91.4871
15.9655 95.8526
15.0072 99.9974
15.0078 107.793
6.2416 118.501
6.09922 118.391
22.1833 20.5649
21.6281 17.718
22.91 35.6483
22.2484 51.2767
23.9284 55.2645
24.1935 73.9721
19.7847 91.963
17.068 95.4681
15.8462 92.989
6.22832 118.333
5.80957 111.804
11.3691 121.886
22.2067 20.4482
24.2683 63.3979
23.7254 74.3932
18.3788 91.7473
12.8272 110.395
6.21047 118.517
7.39093 116.866
7.48383 114.027
10.5807 121.471
22.2776 25.438
24.1968 21.3921
21.5139 21.4313
23.595 59.9026
24.3187 70.3627
24.4953 74.0213
24.6292 73.4744
23.6492 74.1071
20.433 93.5599
19.8083 93.542
18.8101 93.6059
18.9301 91.7231
20.3736 91.5978
25.1316 90.9872
14.759 93.9261
6.06604 118.304
6.15371 118.419
6.76866 117.42
15.4226 126.477
23.6635 21.5116
22.041 23.7337
22.768 50.107
27.1185 89.9442
17.1521 92.9777
19.5263 91.9647
24.5432 91.7165
14.8498 94.9449
15.3194 105.894
11.6889 111.422
5.99366 118.294
8.03382 114.983
15.7522 126.278
16.3423 1.75346
20.65 16.6996
22.6245 50.5257
24.6187 73.4125
30.6408 89.4493
27.2586 91.2692
23.2868 91.9389
25.3474 90.6761
17.7875 94.4358
6.81546 113.641
16.2519 126.012
15.5319 0.306932
19.7778 12.9078
22.8977 22.4404
21.9522 23.5005
22.1451 23.7026
20.3712 19.7702
24.561 70.4054
30.1742 89.8884
29.5913 86.6032
16.4209 103.278
7.36016 116.382
9.6211 120.311
18.3931 8.63538
23.2389 23.2744
23.0774 22.5915
24.6954 69.9606
24.6053 71.0462
25.6349 71.3737
25.3671 90.7542
15.0236 94.8244
15.0015 93.7353
7.37738 116.6
23.1426 22.9279
22.9611 20.1676
22.2698 21.4138
21.8575 23.975
24.5444 21.7879
22.1845 51.7763
26.2778 87.5792
26.5295 87.5644
20.5781 93.0645
16.0636 97.3295
16.2819 97.3657
7.26052 116.626
7.03934 115.371
9.82341 120.228
16.8688 126.445
16.3415 126.261
17.7351 8.45285
20.6635 19.8184
23.1703 23.7405
22.1142 24.0458
25.4431 21.7281
21.3899 48.0767
24.2037 66.8459
24.8012 70.401
28.5447 91.4982
25.1086 89.9326
20.4128 94.1544
18.0034 99.3419
12.0518 109.397
10.525 120.858
11.0195 121.065
20.1076 17.3558
22.2595 23.8479
22.836 59.3552
26.0582 76.156
24.0879 71.2104
25.0349 90.849
22.7498 93.1665
17.8202 103.024
7.21306 117.561
7.52003 112.53
7.15761 112.408
23.5722 24.309
22.5671 21.1947
27.3776 22.731
27.156 89.7239
26.0468 89.6105
25.8652 89.4684
24.4687 91.7378
23.1867 96.9552
19.4071 101.031
18.4382 102.093
6.59531 118.332
14.0033 127.175
23.8243 25.3883
22.598 21.5677
21.0694 20.8989
25.4643 22.7083
27.3684 24.0896
22.2672 59.7104
24.6337 70.2721
11.9369 108.436
6.8708 118.495
7.12064 115.098
12.1031 121.913
10.7694 121.443
14.5691 0.773924
15.4499 3.30231
21.8151 23.5637
22.2737 23.6965
26.1664 22.7467
27.5035 22.7519
29.2228 28.9958
22.6832 49.8386
25.9261 76.1786
24.7402 89.8484
26.6346 89.3751
18.4128 101.8
10.106 111.046
6.61019 117.281
10.9996 122.163
8.9669 119.68
13.7101 126.135
18.0837 10.4552
19.4032 15.1089
21.6553 49.3762
25.7637 75.9742
23.8609 73.581
24.2707 71.8516
26.9027 88.5594
17.0093 104.336
6.72455 115.924
6.38368 117.338
16.0766 5.78992
25.6684 23.348
22.9431 19.6426
22.4313 23.1961
21.9136 22.2009
25.8476 21.8748
21.7445 50.7268
21.8045 53.4755
21.7187 59.8925
26.4432 76.1634
22.6799 96.896
9.51308 110.562
6.98158 119.214
8.99258 119.472
13.8355 126.368
19.6199 16.1481
21.8138 22.1354
25.9715 45.6038
10.4996 109.187
8.98117 110.829
6.88075 118.625
8.04902 112.529
20.3654 19.7343
23.8013 25.6848
24.5843 22.31
32.2123 33.6452
22.3177 54.4152
23.0422 70.8327
24.9115 77.0672
25.2491 90.4221
28.6434 88.6243
27.7717 88.721
30.3145 85.7316
23.3528 89.2793
10.2303 109.325
8.86038 111.17
9.30761 119.042
18.3067 127.907
17.6987 2.86508
17.3355 6.32461
17.7569 10.4261
20.4244 18.6355
26.1995 48.2741
23.7632 51.3886
22.0841 58.6502
25.4513 74.2398
30.3674 86.9393
23.8699 88.9752
22.6822 95.3091
21.352 100.941
15.8249 104.944
10.2182 108.754
5.24148 118.184
12.7243 125.657
11.3685 123.453
18.3243 126.454
18.3817 126.42
33.1728 31.6054
29.903 43.0846
27.7701 46.2111
24.1676 54.3353
24.1194 73.216
25.8505 72.9078
22.8865 74.3379
25.0838 90.3692
28.0003 87.8494
20.3467 103.897
10.0883 118.414
10.2538 118.87
18.0549 127.927
18.9931 125.817
18.9468 13.1184
19.082 20.6607
32.5968 39.0819
27.7353 46.4874
21.8323 73.3058
21.3568 73.753
22.5948 71.4972
28.4408 86.3767
19.8343 104.367
20.4472 104.171
13.389 110.23
17.5924 0.044404
16.9676 126.674
18.4094 126.022
18.6926 126.368
23.3799 20.8521
26.1104 22.3389
32.5089 39.6478
28.5467 47.6206
26.8636 89.1804
20.4014 103.812
19.1032 102.676
19.1608 102.42
16.8141 113.013
24.2264 119.093
24.3864 121.466
21.6634 125.817
20.7936 126.596
20.3653 126.702
16.9942 126.601
20.0463 20.8449
25.1351 25.8376
25.2249 23.1934
32.8285 32.8003
25.4636 55.7311
23.2677 73.642
25.6018 89.7393
28.7484 87.7527
29.8435 86.9739
21.6523 96.9216
26.9324 117.424
18.833 4.4536
18.665 10.6934
23.4969 26.0361
25.1789 23.4349
20.2884 18.1273
25.6339 54.3604
22.7387 73.1218
24.7377 76.5949
27.7719 88.0654
27.3977 88.5298
22.4135 92.7427
20.8862 100.886
20.5252 124.684
18.6077 7.26334
24.5916 21.6881
32.833 32.878
33.6814 37.5024
28.6182 47.1165
25.5453 78.3672
21.7839 95.4884
20.2031 102.479
19.2941 104.778
19.3924 103.633
35.6872 115.652
36.8961 114.443
36.7927 113.635
20.1392 124.585
24.7331 22.8225
23.5026 21.0213
22.0877 22.0458
20.6522 19.6994
18.8671 20.4393
24.1254 21.9492
32.6943 32.4546
29.9295 44.3335
24.1601 59.4023
22.8091 73.0159
23.4281 73.7621
20.2311 101.724
18.9907 104.6
20.9852 104.862
33.5666 117.784
36.8846 115.39
18.8983 16.2847
22.0556 21.4067
22.1136 21.1611
24.5085 22.0673
32.5331 31.642
24.5078 58.607
23.3747 65.4502
22.7677 76.7413
25.4126 89.8198
30.7538 86.4231
37.0357 116.327
20.3705 124.581
17.3425 127.131
24.1551 21.9085
22.7212 77.3218
23.1075 74.0416
29.7347 87.3245
23.9821 89.2559
24.2127 89.0302
18.7332 103.149
33.9246 117.834
37.1121 115.315
24.6854 23.1305
21.429 21.8433
33.6259 35.1254
27.0731 113.081
33.1769 115.647
32.6002 115.61
18.333 14.3315
32.6512 33.027
32.6376 32.9187
33.0268 33.101
33.0945 32.9499
33.5479 42.0872
28.6073 53.0479
26.4367 58.0628
24.151 64.6932
24.3129 73.2393
24.1953 73.9579
27.7574 88.0813
24.1664 89.2423
18.8248 103.542
20.3962 124.811
18.3187 13.8027
21.0467 19.7159
20.3465 18.93
23.1449 21.3393
34.6096 41.8333
31.5249 49.3844
26.4187 60.5415
23.2964 68.8065
22.2645 76.576
22.791 73.7365
25.5727 92.2111
27.944 88.4445
23.6969 89.2494
22.3532 96.8274
22.3662 123.044
21.7654 24.3109
24.7389 24.6169
23.8633 22.9361
20.2996 18.8198
24.9295 22.4649
22.6006 72.1728
34.6782 115.426
23.7613 25.1023
25.1339 20.7793
22.352 20.4109
32.4906 32.7834
36.8643 36.1483
27.1941 89.2828
20.0059 97.962
20.3454 97.5503
20.1144 105.649
30.4071 116.575
33.3311 115.686
18.3229 126.8
21.451 25.866
22.7901 25.2346
21.0007 19.3711
20.7476 18.934
32.389 32.6073
24.1591 77.6779
27.6741 83.4635
26.7298 90.2603
28.9158 85.9662
20.4644 96.7649
33.4647 117.639
30.2908 116.941
30.5583 116.339
25.2668 120.489
20.0691 124.736
17.1713 126.95
21.5145 25.6376
21.3868 19.2504
33.4189 32.8001
33.6717 44.1131
30.4521 53.7653
19.9634 73.9398
27.9176 84.1534
27.5508 88.7977
27.5708 89.9845
33.4093 115.81
32.407 116.073
23.5332 20.5472
29.4026 30.5807
33.3305 32.2975
23.6357 89.7763
20.0502 98.219
34.1673 118.36
30.3511 116.724
18.8254 126.793
19.6744 20.9194
20.5419 24.9055
20.9468 26.589
20.4533 19.7671
36.5999 36.654
35.542 37.6183
33.4108 43.8001
23.919 75.5588
30.3679 83.8432
30.9927 84.2851
30.2703 85.8073
30.4948 88.6197
27.3767 89.3355
28.2954 87.3838
23.8134 89.9848
20.3344 98.0938
22.1551 108.278
33.4068 114.11
22.2551 122.454
20.5248 124.153
20.299 26.5537
22.0528 25.8246
21.4457 26.4312
19.8388 25.794
22.2124 18.3551
19.3012 18.495
34.5562 53.0429
31.6853 84.1922
33.1268 86.0094
34.8411 87.2186
32.6911 86.7028
27.1662 89.8499
19.3709 97.7231
23.5857 108.145
30.5925 116.504
30.221 116.003
20.9994 17.0018
21.7548 20.1298
27.1548 25.5404
27.7515 26.6566
40.0379 37.0349
39.0521 36.0949
36.2609 36.1417
36.027 53.4661
34.4947 65.6886
35.8856 85.4941
38.2263 85.8421
33.5236 87.3234
23.7758 90.0593
20.8351 98.0607
21.8369 98.0585
24.1579 104.015
35.0356 114.371
19.5488 20.0789
23.5478 21.3045
29.9977 28.2486
38.7094 35.8787
36.1363 36.1252
35.8877 35.7662
35.2335 69.0552
33.6583 85.3888
36.774 85.8088
38.5003 85.4242
25.7048 91.0475
25.9184 87.6089
22.1554 96.7811
24.4824 98.8164
31.3093 113.946
33.6483 115.304
33.5225 116.726
25.439 120.085
23.8689 120.377
24.0247 119.769
18.3895 123.284
20.9515 7.09502
21.9182 20.7187
18.6044 24.9739
20.4952 17.7378
29.125 26.8561
31.0168 27.354
34.0229 34.7364
40.4717 37.7287
40.0953 36.1487
38.4152 35.6478
37.3839 86.0663
36.0083 85.8148
25.8358 90.8531
23.4982 88.2758
24.6644 98.8893
33.7244 113.934
32.612 115.736
25.0678 118.522
21.9132 20.529
26.4653 28.1533
20.4942 18.9473
32.023 28.4708
36.5359 32.6335
37.9101 36.3459
40.3594 37.1549
40.2402 37.0457
40.1891 37.78
38.1105 59.5892
37.2075 63.815
35.3993 68.7991
38.272 86.0854
40.6697 85.5752
39.3406 84.2309
25.8645 90.8828
24.6507 88.9904
23.432 88.4544
36.5184 117.551
34.5265 114.41
32.2081 115.933
23.3199 118.962
18.0477 1.79341
18.838 2.77652
29.0076 9.80108
18.5563 23.9243
25.8038 26.2271
28.6646 26.8591
39.1313 31.3121
40.4052 37.4649
39.4651 53.1032
35.6081 68.0952
34.8492 73.0014
36.9085 86.3558
39.789 83.975
29.2473 86.1196
26.5917 86.5585
25.9167 91.3087
33.4835 115.172
34.6725 114.031
23.531 118.996
33.6155 11.438
24.0926 19.1561
24.8699 26.0712
30.9573 28.5608
38.2054 31.5403
43.2247 32.0643
44.1799 33.5587
40.2151 36.643
40.5979 37.0219
41.028 51.8556
39.4998 56.5903
39.7371 85.2654
27.7315 86.3939
24.0803 89.7128
25.211 98.8488
26.4973 99.3601
32.41 113.914
30.948 9.87814
33.061 11.037
26.6186 20.1763
29.426 26.8095
31.4901 30.1209
36.2583 29.6637
40.6182 84.9896
40.0771 83.9467
40.9928 84.3586
34.0554 83.4397
33.6068 83.8893
24.5856 85.9255
23.4283 89.1037
30.8753 91.3369
27.5523 99.2135
32.5045 116.666
36.116 118.276
33.5671 115.355
33.5592 115.467
33.4277 115.127
34.3947 113.709
28.9271 118.7
32.3001 11.2018
34.6669 13.457
32.7974 27.141
31.0913 26.6944
42.6207 32.4815
46.2919 38.3145
39.8623 83.8502
35.9718 81.9277
29.4176 84.0783
24.9108 86.0261
28.4572 98.9288
28.0057 98.8962
27.1512 98.9025
32.4079 116.67
35.3056 116.613
33.5654 113.584
33.9015 115.138
33.0845 118.925
35.2609 113.306
31.9766 11.4645
34.1925 14.3761
30.805 23.9336
44.6229 33.007
55.1563 35.781
48.8205 37.4111
42.6398 64.4585
41.0658 75.524
40.0572 83.965
37.4086 80.8668
33.5783 94.6299
32.3162 118.523
32.6453 111.881
31.7256 113.803
30.6297 2.76597
32.8041 12.8471
35.3373 27.3012
39.4818 30.0137
39.2435 31.1402
40.7517 82.8459
40.3735 81.3982
40.8484 82.0086
40.4428 82.4671
33.6175 94.5429
31.3147 98.1914
33.7703 114.404
31.1942 28.5966
29.9536 28.2143
45.672 33.4347
46.9587 37.9719
47.4928 63.1468
39.2794 86.0202
30.8899 84.4926
34.8934 106.02
30.3199 120.22
30.2723 114.748
35.4483 114.684
33.1562 115.159
30.4209 122.355
30.5195 0.785048
33.4048 14.0084
33.0256 22.8378
36.4292 28.0093
53.5661 35.4885
52.1805 35.4165
46.4539 38.5551
48.4302 37.7216
48.4825 37.4693
39.4267 80.1802
38.8408 80.3493
32.1495 83.4501
28.8741 91.0166
32.1908 119.18
32.0814 113.16
41.1084 30.6823
30.9112 28.2102
30.5366 28.3045
45.4101 33.4816
46.3762 33.4466
54.9413 36.8866
52.2237 35.3022
51.8062 38.9204
35.8039 114.955
33.8952 112.271
41.656 31.1302
42.6266 31.2164
41.4967 30.7888
41.3408 29.4321
46.8656 33.5519
48.1948 34.3803
55.0763 35.9998
47.8791 38.4718
53.9424 49.107
53.0801 51.9811
40.0374 85.2226
40.0094 84.4828
39.2537 81.8521
39.9844 81.5473
27.9993 90.2356
34.9041 102.138
36.584 106.753
34.5251 114.743
34.9969 114.721
29.9726 115.773
30.0545 115.753
29.2326 116.708
30.592 118.796
32.6055 11.4621
33.9527 13.7976
36.3541 18.5358
33.9469 26.5428
38.4294 30.1644
41.0069 31.0562
47.4086 32.4773
46.9581 32.5438
47.4873 32.6076
36.2337 30.5646
30.2899 28.7866
35.9102 28.992
48.2742 32.2381
52.5138 36.0957
47.9223 37.1418
58.2935 38.3643
39.3403 81.7685
39.1442 81.6206
29.4863 114.691
28.9996 115.392
31.0709 116.697
32.6163 12.0443
39.5803 30.8181
41.9909 31.5693
45.9956 32.6088
56.8798 37.3825
52.4521 38.6865
48.5701 73.0855
40.1536 84.2116
37.856 81.8465
39.2114 81.3531
36.9982 80.4551
36.1156 107.989
30.8007 112.402
32.6599 12.4907
33.6187 13.5729
43.9607 30.778
42.3704 30.3995
46.6428 31.149
56.6454 36.9346
53.9363 35.6329
46.4984 79.1902
40.1162 85.4247
37.6854 103.543
30.6098 114.101
30.5308 117.651
29.5292 116.141
36.7159 17.0038
46.0009 32.3393
47.6985 32.2605
53.8726 35.4288
57.8227 39.2588
58.5233 47.4949
58.1194 53.4503
58.1825 57.4206
40.629 85.215
40.3159 85.2543
32.7371 89.2351
33.1868 94.0708
33.2877 94.0528
37.435 103.801
27.4483 117.073
30.1886 113.831
28.2622 115.481
35.2503 123.94
32.7598 12.1896
57.157 37.6167
53.6679 35.6146
55.6123 39.2699
59.4593 47.6685
57.8248 58.0935
39.9983 84.1093
38.324 81.0265
32.293 93.7464
33.2359 93.8508
39.228 100.252
39.8436 98.8976
27.5148 117.42
41.3306 19.6426
54.144 35.7554
53.9297 35.6095
57.7353 39.1243
57.6353 39.7905
48.9044 79.8953
38.9219 83.9444
39.6134 79.269
33.0978 94.2206
27.7327 117.21
30.2087 115.382
31.9654 118.037
27.9269 115.769
39.8746 126.725
38.8274 1.13336
33.0374 14.5401
32.7469 14.2883
44.0275 26.0206
46.8033 32.354
46.7797 32.1426
58.1044 38.4432
54.6991 35.7733
57.4316 58.9361
55.1678 67.6694
49.8731 78.6547
37.7876 83.0785
38.5455 80.2652
35.2665 110.402
27.6334 117.902
43.5904 20.4452
43.7893 20.264
54.6792 36.5796
57.4297 58.951
56.3576 61.857
54.3805 69.725
37.9862 80.5795
38.6736 82.2999
34.3909 90.5207
40.3625 127.632
42.0451 0.796392
43.7531 16.3496
43.6184 16.1648
57.0057 38.7169
54.6003 35.4911
54.0561 35.6686
56.2716 61.6208
52.1373 75.9051
40.7403 83.6627
45.1384 82.295
38.6861 81.4931
39.1883 99.4672
36.5235 105.782
45.437 6.9507
47.4437 20.4837
46.7904 18.6832
47.528 18.6524
46.4996 19.6606
57.3283 57.3802
54.6922 74.8534
50.0296 79.1185
47.7684 80.4808
48.168 80.541
38.8461 82.0174
39.4246 99.5385
39.339 99.8465
33.8577 111.671
28.5721 116.93
45.8533 11.5691
46.5931 32.3555
45.9042 32.761
58.0768 41.0162
52.5602 35.1667
53.1387 35.4568
56.676 35.6197
63.0463 43.1507
62.7839 42.8755
62.0561 43.7357
56.7702 58.6392
56.1584 72.4992
49.6263 79.644
38.6 80.536
34.8805 95.1434
37.1515 103.322
30.5762 118.591
31.4571 116.875
36.5173 122.285
45.9001 8.4678
46.323 19.3799
47.0267 20.8863
48.5579 28.4138
45.9638 32.4509
46.6142 32.324
55.5904 38.5255
57.5879 39.2375
56.1892 39.1047
56.0617 35.7162
57.1713 35.9183
58.4724 36.3534
62.5363 43.905
57.7581 59.1452
51.6692 78.1833
38.1379 80.7004
38.6028 84.1222
38.6928 91.9395
28.5713 116.744
27.9189 117.208
31.1607 116.424
41.4858 2.30383
45.5395 12.9369
47.3408 18.3834
50.1313 29.0173
45.6342 31.9722
45.4363 32.5576
55.9318 38.4062
56.9622 38.2778
57.2538 36.1869
57.9084 35.9572
58.7914 37.1851
61.0218 39.5461
61.4997 67.8874
56.8383 73.4937
56.5948 73.5158
38.4994 81.3883
38.6134 91.8653
41.3409 98.2995
38.5533 100.366
29.3531 119.376
27.6699 117.548
32.0896 117.595
38.1153 126.425
37.4536 127.376
41.2916 2.21031
45.5674 7.85542
46.7672 19.7684
52.4581 30.3598
58.8059 37.4861
48.7856 82.1087
40.0435 96.3948
41.5989 97.7364
37.7622 100.285
36.1786 104.152
31.2868 116.333
31.0476 116.426
45.8241 9.21695
53.631 30.5879
56.7439 38.0187
60.0326 38.6169
62.1522 42.4684
66.0783 61.387
52.7392 79.3508
48.0861 80.6002
38.0469 81.2433
38.4341 81.3652
38.8582 83.3083
40.5807 88.5335
39.6946 89.6574
38.3993 91.7324
41.9269 98.7605
41.394 96.4935
35.0367 107.022
27.7831 117.158
31.0458 116.809
37.4998 0.09582
53.0802 31.56
53.9786 31.6723
51.0932 34.8002
60.0528 38.9976
61.1563 38.9571
61.1375 38.2814
62.2342 42.2985
65.0202 50.2701
65.8893 58.2718
65.4601 62.4352
59.1943 70.7928
48.4003 82.103
41.5741 87.3936
37.5295 100.506
31.2275 116.374
37.489 0.055648
40.8619 1.29157
59.7754 41.4548
59.1536 37.8089
60.5973 39.7303
60.8928 38.2193
53.4153 80.14
40.1427 83.7179
45.0487 94.3977
44.4442 96.3408
46.6107 20.0446
46.6004 19.8339
52.1825 32.4219
54.2435 31.9889
56.5688 38.9306
58.2151 40.8728
59.4921 42.0734
60.9623 39.5218
60.9717 38.9675
65.7358 61.345
65.201 62.7508
48.0786 80.5819
41.6896 87.3522
42.9371 89.3812
43.9049 90.4398
46.1852 92.8889
28.7792 119.598
29.6723 116.223
31.3636 116.67
31.5568 118.602
29.0445 113.752
44.9579 10.1977
46.8266 20.1676
56.7027 38.3328
56.0958 38.8484
55.6992 38.4684
54.3833 39.1509
58.9327 41.9047
59.5656 41.9134
62.5298 68.07
67.1696 74.4133
57.9659 78.3244
38.471 81.4152
45.4797 95.719
38.7955 98.7182
33.7281 112.844
28.4879 116.854
32.0401 116.04
31.9462 117.214
46.5336 19.7058
47.7637 22.9249
58.9212 39.9163
55.4041 39.0455
57.9565 39.6449
58.2279 41.1284
65.9863 59.8306
63.9706 66.3773
65.5161 76.8097
52.4153 78.9099
48.2799 81.0191
48.1165 79.3272
39.0158 81.845
38.0161 83.0172
41.9672 88.5724
42.8745 89.8607
45.4867 92.7996
39.7887 97.3938
40.3439 97.3828
35.9305 102.833
44.4891 11.5863
48.2544 24.5243
52.2913 33.4919
59.3897 39.9914
56.8381 39.0043
56.8891 38.4756
58.3943 39.0282
63.2766 45.0758
64.5818 53.0434
64.3916 73.3318
67.9571 76.2079
67.5318 75.7785
52.423 77.1789
42.9634 78.5079
43.1216 78.656
32.3481 114.268
33.1497 115.81
31.982 117.991
31.6598 116.813
42.1659 2.2802
52.1522 33.0795
55.5591 38.276
56.1043 38.761
61.1622 41.1787
67.0088 76.8462
65.2452 75.4358
52.1773 77.2567
52.1302 77.5597
43.1242 78.7107
42.6177 78.9708
46.7272 94.6656
40.551 97.3296
31.4755 118.655
29.681 115.34
37.9049 127.354
47.2282 20.6813
47.1246 19.5971
48.5029 24.9069
49.7807 27.226
53.1082 33.4881
52.2538 33.3478
58.1105 39.2144
58.466 38.6608
57.8937 39.6698
57.8276 39.364
62.8379 44.7667
65.5858 60.5936
45.8241 77.9893
47.4657 77.0419
46.1196 76.2122
46.6248 94.4233
39.7577 97.3763
38.0142 127.206
40.9594 0.955372
49.6957 26.8925
52.2427 33.1218
52.3957 33.0207
58.3949 38.6194
58.4484 38.6686
61.793 42.5652
67.5865 75.1291
63.2508 75.5537
51.8233 76.7918
47.4358 77.5137
47.5317 76.767
47.3273 76.7471
47.1129 76.8706
49.2883 92.7463
46.6487 94.4817
40.746 97.3293
41.7342 97.4515
31.7021 115.856
30.7396 116.767
30.1339 117.736
65.6104 55.2806
64.6168 60.1836
66.5807 76.1413
65.0669 77.2254
57.6143 76.5129
52.1641 77.7453
48.3491 77.3762
53.4526 90.5002
48.5569 93.2705
40.8268 97.2441
40.6589 97.2592
41.8088 96.7264
37.4716 102.967
38.4654 127.99
44.8072 17.1654
47.9411 23.4317
50.2724 27.5723
61.4952 42.2922
65.5676 56.9877
64.7641 76.0474
66.0995 75.025
65.3593 74.4579
46.7303 76.8348
46.9199 76.8296
54.9745 85.6265
56.1877 89.0339
41.0835 96.9246
35.4315 109.538
31.6411 116.016
30.0076 112.329
41.7007 3.36831
45.7567 17.9045
45.8617 19.7736
46.7152 19.1791
52.0341 30.853
56.0552 39.6176
55.9718 38.0163
56.8283 39.1407
58.4942 38.7013
65.7958 61.2758
66.7951 64.3844
67.6443 69.8144
65.2995 75.4977
63.682 74.163
53.1885 76.5131
57.4143 74.6147
51.3767 75.9569
46.8891 77.0002
56.4476 84.4835
58.2553 86.5946
36.7976 107.675
38.4326 0.383196
38.134 127.106
37.9836 127.153
41.3025 3.50406
45.9532 19.7185
56.0735 38.6344
57.6001 39.3156
65.0952 52.1796
65.273 54.874
48.59 76.0331
33.3079 119.976
46.376 14.5608
55.2673 40.0714
59.5867 40.5934
65.1296 54.9472
66.6211 73.6492
66.2519 73.163
59.8006 73.5878
52.881 74.9653
61.9379 89.4214
61.3 87.8143
40.7408 97.4795
42.3981 99.0156
31.6193 115.959
31.4974 115.838
30.4128 117.62
45.6618 20.9711
57.8471 39.656
57.5067 39.2308
61.1059 43.2352
64.9625 52.535
65.8926 62.7769
59.3574 73.7186
58.1272 73.5387
61.7318 89.1811
61.3103 89.2079
60.9125 87.8498
60.3888 87.4158
48.8497 90.9719
40.6786 98.599
43.7804 99.7233
39.6691 108.918
29.2314 118.037
32.3016 115.673
37.6478 127.725
39.1906 1.7488
45.9122 17.6701
44.9764 20.4064
52.0199 31.5585
56.9985 39.9762
57.1265 39.052
55.5051 38.7926
59.0063 40.2191
65.5729 47.4958
66.8785 67.204
66.1334 74.2203
59.0228 72.7974
62.0795 88.5119
54.6393 88.6446
39.4669 96.626
44.3547 9.59307
44.75 20.141
58.8288 39.8864
64.8337 53.8616
66.013 76.1314
64.2677 72.659
61.3188 72.1994
60.802 72.2869
57.56 87.8842
47.3823 91.0632
45.4955 92.2964
28.5019 119.966
45.5093 19.1318
52.9319 32.6362
51.6354 31.6845
56.2315 37.8722
59.9065 41.2334
57.7114 39.96
67.8101 47.9961
65.7505 51.6353
64.5456 58.6335
67.1713 70.1829
65.2739 77.2654
64.9799 72.6934
63.7645 71.774
53.6742 88.6237
50.6531 89.948
45.6866 100.264
45.69 100.266
42.5684 105.634
30.0376 116.041
34.0164 124.657
45.7303 13.1767
45.4638 19.233
51.6962 31.6913
51.2044 31.3608
50.6771 31.022
57.3139 39.6513
57.2219 38.8868
58.5358 39.5882
58.074 39.6385
64.4591 57.801
65.2563 60.2921
65.5966 71.6618
61.2821 87.719
56.1802 87.5209
33.9384 112.318
31.1941 118.496
44.4193 9.19278
45.5002 18.138
57.4984 40.33
58.4313 39.4858
59.1681 38.9786
59.2857 38.9424
64.6056 46.4854
67.148 70.5109
66.0334 74.487
66.2916 72.8172
64.7471 71.928
54.3725 89.2466
43.9974 103.573
28.0588 119.877
30.3353 119.444
27.0641 116.346
26.9129 114.518
53.7379 38.1058
56.3231 37.7496
57.723 40.2236
57.2782 39.7268
56.3605 38.2258
67.2654 48.4561
67.173 48.2455
65.2218 62.7289
66.0387 65.6525
66.5643 75.1733
64.1644 72.3868
61.1994 87.5671
61.8941 87.6671
48.2797 98.867
41.5499 106.153
40.4889 107.137
29.0036 119.774
28.662 115.437
34.9219 124.969
42.8468 8.21226
43.6926 9.83922
43.8743 9.06053
52.0815 32.3647
51.3335 31.7318
53.4024 38.4176
55.0655 37.9381
57.4899 40.1517
64.2617 60.0447
63.9996 73.3471
66.6261 87.11
61.4852 88.4077
50.6874 97.5244
45.644 99.671
44.762 101.12
43.1803 104.436
41.5428 106.151
34.0129 119.546
43.71 9.43521
45.5769 18.5822
55.9402 37.6233
56.0629 37.6128
63.8786 44.0176
65.8247 63.2938
72.9196 76.0587
73.2984 74.5396
74.539 71.716
68.0534 86.7151
66.6571 87.9886
60.2405 87.5593
51.6947 96.9658
40.6424 106.67
34.2792 110.868
35.1179 109.643
36.9986 108.448
37.436 126.896
44.9002 10.2166
45.0347 9.6695
51.9382 34.3686
55.511 37.7618
66.9425 57.2065
70.597 69.309
73.1364 74.988
74.3741 74.5338
73.0719 74.1044
74.4848 71.4211
70.2772 84.7878
65.9675 87.663
63.1864 87.0067
61.5112 87.657
63.0225 85.3614
61.8922 85.9008
61.2023 88.8029
52.934 96.2949
41.565 106.46
41.7382 106.452
41.6596 105.921
41.287 107.964
39.329 108.787
36.4736 0.40226
45.3925 18.4023
51.3771 32.2513
52.8485 37.1193
55.7076 36.9898
67.1484 47.8809
70.5256 74.6399
72.6672 72.9283
65.1521 85.6485
64.182 86.5163
43.8709 102.803
39.8088 106.975
41.209 108.017
39.6168 3.68321
43.8716 10.1477
44.8932 9.69089
43.8394 9.39438
51.3369 32.2541
51.3406 32.2999
54.434 39.2767
54.7798 38.5764
55.9447 36.7147
58.6825 39.0378
66.9001 48.4013
68.8087 55.1891
68.7264 62.2657
69.9611 64.7215
70.9706 69.7119
72.1775 76.9454
71.2873 73.5445
72.7864 72.4269
72.6786 72.8378
71.8209 85.6404
58.5281 92.6051
51.9656 98.5812
50.0573 101.944
42.9753 107.485
41.7454 108.201
43.3162 8.29774
44.0876 10.5249
44.5671 9.79043
54.2351 38.6821
68.7919 57.4592
72.3025 73.433
72.385 74.0652
73.1899 72.0983
72.7039 72.5042
56.9359 93.4386
55.2877 101.255
41.3166 111.994
41.0556 123.386
48.2415 21.0606
49.8601 24.9852
50.9489 33.3976
52.1223 31.1877
54.1933 38.5689
53.8226 37.287
61.0219 40.8377
59.7792 39.4932
65.718 47.9784
68.4505 58.3347
72.0574 75.1415
72.7878 72.3263
74.6961 81.7416
73.3102 85.0777
74.0272 84.3838
57.8766 93.9596
42.4727 125.976
43.7104 4.46003
43.5318 8.46025
43.845 9.42384
51.1534 23.0216
53.464 36.9304
66.2556 46.2408
64.6889 48.0755
68.0954 58.963
73.1832 71.8587
72.8704 72.8429
69.8946 83.6059
66.4236 85.1956
66.016 84.8171
62.8903 88.6499
55.4129 101.608
55.3559 101.476
55.6177 101.333
56.4183 101.233
59.5321 102.767
56.6064 103.753
49.8536 105.831
47.3023 106.233
48.0367 115.065
43.15 10.4401
53.3981 28.3827
50.1644 33.3581
51.5075 31.6264
51.2023 33.0582
53.28 37.1408
66.2351 47.1229
72.7059 76.7528
72.0217 75.322
71.8165 75.9635
72.4911 82.9864
63.6981 87.0678
62.8997 89.3387
62.5217 91.1572
57.3454 101.257
57.0808 101.441
64.6748 102.021
54.9917 104.878
54.1186 114.515
51.9656 119.597
44.7234 5.77014
46.6731 11.6246
46.2148 11.7977
51.267 31.447
53.231 37.1909
57.8975 39.3532
63.9025 44.472
67.1479 62.5851
68.206 64.6089
75.5865 83.8097
63.856 88.9258
63.5359 102.666
60.862 107.013
57.8411 116.531
56.0141 41.4807
59.0092 38.3252
65.1816 48.2604
64.7229 49.15
73.0108 71.4064
79.2551 80.615
77.7828 81.719
67.3741 84.32
65.9918 91.1276
67.4451 101.692
62.3542 108.462
45.2263 10.7008
56.8194 41.9833
57.4288 37.4964
57.0305 37.3837
62.3135 43.8673
66.4984 51.5828
63.6769 87.5277
67.8871 102.204
63.1023 110.535
61.508 122.457
55.0907 8.41312
50.7742 11.0157
51.6316 11.4814
56.0496 21.9235
51.5523 32.7385
52.4458 32.2878
51.6313 31.2252
54.3295 41.1997
56.8225 41.4847
58.7446 38.1857
58.2196 37.6436
58.2838 37.6543
59.1446 41.8906
71.6342 74.4961
71.6788 75.7046
76.2438 73.5622
79.9189 76.0217
76.951 82.1051
73.4234 82.4586
66.9923 96.0306
57.5508 6.80245
55.472 10.0054
54.6303 10.7515
59.0032 25.6492
56.5506 27.993
52.2525 31.7644
52.0044 31.586
57.7419 37.3569
57.4246 37.1989
67.8525 62.3442
78.3376 74.8615
73.1839 83.2944
72.7017 83.1121
68.0242 83.1775
65.9451 84.9322
65.807 85.1339
64.4344 89.6865
69.8274 102.165
66.9024 124.928
57.9049 10.4415
54.7508 29.1325
64.0858 41.1779
57.6295 37.3479
69.7459 71.8605
71.812 73.4846
73.5546 72.6421
75.6196 73.4743
72.8633 83.0588
67.7498 83.0541
69.3212 102.82
69.8028 101.887
69.9085 102.247
61.596 5.56074
64.0345 5.71434
62.3446 22.9919
58.0637 26.4296
56.4132 27.7789
53.5273 29.6845
57.0544 42.1114
55.9825 40.4622
68.0878 41.8418
58.6611 42.631
59.4745 42.6829
64.6857 49.6431
65.5194 48.6861
71.7921 74.6163
71.5527 74.4736
71.7114 74.3135
71.7006 75.621
84.5793 75.571
79.5553 77.8485
72.3754 83.1975
72.457 82.7264
69.5684 93.8946
72.1609 102.336
69.5079 100.828
64.9195 4.94335
67.9576 5.91136
67.5261 7.37067
63.0299 14.1084
63.0103 22.4001
59.8651 25.0652
54.9606 28.6351
53.635 29.4146
49.7697 32.552
61.4897 41.2056
63.7186 41.4436
75.4582 43.1
63.4057 43.9304
58.6395 42.4339
57.4177 40.6623
64.8604 46.9318
65.1667 49.2084
67.6213 62.2733
71.8594 74.302
72.8406 81.5339
71.0192 84.5553
69.2312 100.8
71.9884 115.867
72.2683 121.821
70.6471 126.464
68.5708 8.09051
62.9717 23.4866
56.8246 26.982
56.3376 41.6144
62.8631 41.3953
73.059 42.3969
65.4757 44.3099
62.2156 44.3414
64.9333 46.3489
64.8788 46.6086
67.5641 61.9001
67.552 62.2533
72.0222 74.285
71.572 74.9864
76.4979 81.9045
72.7124 119
72.9586 2.36983
73.4674 6.52377
68.4847 15.9763
68.4066 16.9385
55.9219 38.8559
56.7526 41.9798
63.4041 41.4815
65.3867 41.9728
69.3755 43.3394
67.9128 43.6459
66.5118 44.9445
67.2014 59.0119
72.2936 75.6215
78.5087 78.283
75.9338 80.6308
72.6736 81.9271
79.1812 96.8958
72.7626 101.923
76.3562 108.019
74.8692 118.511
77.8545 5.03164
78.6108 5.75035
78.997 5.56552
71.0098 14.0733
69.8402 19.0359
60.0232 29.1242
59.1783 32.0164
58.0664 42.5245
66.2793 42.2725
71.0054 43.0222
64.9573 46.9262
64.9452 46.8991
65.0098 49.3866
65.1378 49.2512
72.321 76.8425
85.7611 76.0167
82.9053 74.9367
76.6852 81.9566
75.5021 80.913
76.4021 80.554
74.9366 80.9481
71.6329 81.7613
79.289 97.8404
72.124 101.392
71.3894 101.384
82.6697 4.61205
82.2834 5.44562
82.0968 5.21551
64.4891 23.2489
61.997 29.5588
61.5654 32.0605
64.2293 47.5648
72.3651 76.867
69.9459 74.3055
79.412 76.6786
76.6586 81.8925
76.6273 81.9441
81.7863 81.3677
77.3861 80.7206
80.8355 83.379
81.1204 84.0887
81.5663 94.0909
80.846 96.844
89.986 100.588
79.3878 99.7575
80.0288 103.623
81.8421 103.833
82.1217 121.157
82.568 124.975
82.2833 1.39794
86.9393 5.02008
86.8882 6.06386
71.8939 19.4951
65.1479 22.8776
65.2625 23.3099
65.4479 25.4705
64.5765 26.8905
63.1154 32.0556
63.0428 35.9982
57.1897 41.9056
64.2551 47.4064
67.0585 61.2719
86.0168 76.075
78.3986 77.8683
76.8242 82.516
74.8149 82.2699
79.1443 81.4795
84.3128 82.0238
84.7142 82.2702
81.2361 81.4623
81.2423 81.2474
83.8553 82.805
84.4254 84.0124
84.5235 85.4915
89.7984 101.044
83.8721 103.64
82.8075 104.046
84.6141 121.563
85.6287 2.04202
81.9746 13.5377
79.7904 15.3792
76.1142 17.4375
70.6891 19.645
68.4883 20.2198
65.3054 25.5847
65.1383 26.026
64.7968 28.0007
64.8265 41.9163
63.4568 42.8027
73.0707 44.0917
75.9021 43.6167
76.0659 43.3274
76.5481 43.7366
65.2242 49.6143
65.733 53.3797
71.5999 74.6979
71.7303 74.3761
77.9605 76.4294
78.717 76.8441
85.5168 82.0661
84.259 106.152
84.8936 121.89
86.9631 125.391
89.4817 2.83182
90.4212 3.98134
86.3531 10.4074
77.5676 16.3229
71.8289 18.7917
71.7241 18.8475
71.1039 19.0931
65.2984 24.9889
66.0642 36.036
67.5099 41.3738
66.232 43.0205
65.3758 43.1759
64.599 42.925
63.137 42.2585
77.8027 43.3183
64.0849 47.5827
66.5392 61.3809
90.3139 75.6137
88.8273 75.5265
86.1898 76.0326
81.0255 74.9245
76.2188 81.4882
84.951 82.6115
86.0876 83.0851
87.9466 96.1585
88.0342 96.2729
87.5147 123.067
88.9413 2.82331
72.571 18.3288
68.343 32.0113
70.5432 43.0609
71.3043 43.6621
77.1022 42.8895
64.9442 48.3842
64.8534 49.4462
65.7658 57.7268
66.1062 61.9977
66.4 62.6403
84.8664 76.0947
84.6628 75.4087
83.0466 74.6304
79.4201 78.1733
81.2937 82.9354
86.4424 83.0826
86.0428 82.925
87.4516 94.5237
88.4183 98.7596
88.4526 110.057
82.0324 13.8214
68.7975 19.542
69.8174 32.8421
72.8908 44.1062
70.8123 41.4208
67.7247 43.0294
64.2144 45.8433
87.9014 77.0724
80.9592 83.5667
86.5536 81.9451
85.5504 84.2032
87.6782 95.8899
88.2328 98.1229
89.2528 99.2134
88.3326 122.842
88.3343 3.10973
90.1752 2.62668
80.4928 14.4825
76.6706 16.1796
75.1238 16.6619
71.3648 17.9824
68.6873 30.9522
76.3292 42.4694
65.5032 49.8883
72.0204 68.855
74.923 75.6092
86.3284 77.5111
89.3191 76.4464
89.5247 76.4112
89.2113 77.497
85.3914 84.3839
89.1428 100.768
88.4586 100.566
90.6034 124.105
88.0495 2.74523
89.9983 2.92512
89.4519 2.43492
79.0719 14.5263
78.4746 14.9414
69.9265 29.0695
70.1543 32.1473
76.648 45.0823
77.1067 45.8135
72.6278 43.4458
65.5467 48.7863
65.5971 48.8996
68.6999 58.333
73.32 75.2371
71.6722 73.2473
70.5387 73.1519
76.163 76.5908
88.4857 76.9573
89.7901 75.616
80.8907 82.9175
86.4492 83.4003
86.2456 82.3144
85.4703 85.157
87.3088 93.4136
87.6329 96.3739
89.3548 101.511
88.394 100.583
94.5999 104.949
83.8209 11.9597
76.203 17.2324
72.4183 39.3375
72.5778 43.0609
75.526 46.4352
75.9777 44.6022
70.4841 41.593
69.1907 42.401
66.1639 43.8223
64.5023 45.6937
71.5941 62.078
71.8342 73.0635
71.9241 73.2738
72.7639 74.2786
76.1218 77.2156
80.3129 78.5249
90.2597 75.6796
88.4585 76.6473
88.1708 77.0192
88.3203 75.5578
86.9285 83.6786
88.9086 101.005
93.682 101.086
98.5303 104.433
89.7985 2.23212
84.238 11.1539
84.0234 11.2854
82.6226 11.9645
73.4776 33.5637
73.419 44.3072
73.4726 44.2318
70.4331 41.8016
70.5332 41.7077
64.1171 45.54
65.7605 49.9464
65.1358 51.4166
68.3866 55.2736
71.9663 61.7545
75.5985 73.4132
70.3991 73.6956
71.9678 75.7654
83.6098 79.1925
82.934 80.9194
83.1067 83.973
95.3552 102.371
101.163 104.022
102.919 104.659
102.304 114.646
97.1122 120.355
93.8763 126.95
89.1162 2.62192
86.8428 7.56276
76.8213 31.6943
74.9811 45.7707
70.8774 41.8531
65.5389 49.67
66.0278 49.0324
69.5062 56.5159
81.0637 71.0232
83.3116 79.7549
84.5656 79.4117
88.8228 76.6743
90.1936 76.0033
86.8484 83.9084
94.6759 98.5185
88.3629 101.177
93.8082 101.943
89.1757 2.62878
85.6611 9.03343
78.99 28.8638
75.6378 40.9584
63.2565 46.1631
65.828 50.1282
70.3356 57.4756
82.1654 80.0581
89.0014 76.4959
89.7461 75.9179
90.0891 75.8855
89.9895 75.9086
89.1357 77.7504
94.0242 101.934
95.5719 102.547
95.9118 102.727
106.644 108.008
106.166 107.492
89.5422 2.34625
85.7024 9.11268
79.59 27.3774
75.5056 45.2088
75.742 41.9635
66.6759 52.8873
87.6825 72.4762
88.41 72.6515
89.6216 72.7588
93.9391 71.476
84.2268 80.2916
89.0782 75.9196
89.4063 76.0004
94.8552 102.253
96.8665 102.972
103.762 104.989
83.8285 10.65
80.8326 24.5855
75.9839 32.3924
73.6557 41.0944
63.2075 49.3188
74.7183 61.0243
76.637 62.3825
93.3241 70.4905
89.8735 79.8895
88.4461 79.8
89.2461 79.4987
89.6523 78.7995
88.9768 76.5694
86.3408 83.6644
92.7916 85.7553
94.9917 89.4856
94.9855 102.997
96.2789 102.99
105.414 106.822
94.5574 119.943
92.8167 126.319
89.9217 1.83878
80.6551 25.0671
78.4855 28.6953
72.3488 39.5492
74.2924 44.435
74.9584 41.9647
75.5854 41.8668
77.2952 41.9937
73.769 41.0556
67.3432 51.0654
75.0794 60.5587
88.3146 79.4559
87.3827 76.0282
88.0487 75.6942
89.706 75.8145
89.144 77.8651
86.7907 83.1974
92.8486 86.1149
99.6541 104.382
100.394 104.557
98.7698 116.265
90.9293 1.56648
73.7783 38.9749
74.378 44.1103
76.7473 41.5272
74.6995 43.0442
84.9043 67.5088
93.6845 72.5968
87.3246 76.0102
89.1124 77.8399
87.6459 84.2743
87.0866 83.1993
91.5644 85.7467
97.9143 90.818
105.062 105.454
104.847 105.414
108.607 104.497
96.2251 119.405
95.9613 119.219
91.2461 1.14081
75.0252 38.3458
74.282 42.155
74.1843 43.3256
90.3787 78.3657
87.7824 74.3597
88.6123 82.0727
86.4714 84.079
86.7622 83.2667
107.416 103.472
105.992 103.433
89.5558 2.62219
85.5599 11.1007
85.1241 14.9873
84.817 16.5858
74.5567 43.4715
74.7489 43.7373
74.7911 40.0667
73.5621 39.5396
77.501 47.3752
93.3655 71.1966
88.8855 77.3527
87.4032 83.0582
103.039 99.073
106.061 105.245
100.347 114.799
88.6399 2.62014
85.0146 15.2474
80.6111 24.9441
75.6758 41.7093
79.9935 49.4138
92.2894 71.0951
85.8535 77.6959
89.4442 77.465
89.5599 2.75176
85.1757 12.8381
74.4228 42.433
74.2873 43.7499
74.7643 45.5045
83.8818 49.1554
90.5066 65.0007
93.5395 71.0049
88.9291 77.3447
87.905 84.0085
90.7383 87.2846
90.4324 87.1344
103.285 98.4165
103.697 97.21
86.9832 7.31113
86.7415 9.21857
84.6253 15.2109
78.7355 27.3236
74.9296 43.5597
71.7647 41.993
95.7398 65.7465
85.519 79.1688
91.4423 87.6155
79.7056 25.01
73.2315 43.0153
72.26 42.1558
77.1683 40.9421
84.283 47.5755
84.9369 78.7088
87.6994 84.1086
89.0345 86.0493
91.389 87.0111
98.2853 92.5687
104.647 104.055
106.027 102.892
95.2004 119.61
89.6596 1.65197
88.9655 9.65555
83.5155 17.9891
80.0165 24.8727
79.9559 26.508
74.675 43.4666
94.3257 56.7466
97.3171 59.1569
95.8763 66.1357
87.3778 76.7878
86.5313 78.4365
87.695 84.0798
91.2294 86.8421
91.5108 87.5819
90.4142 86.8673
107.984 102.781
96.7715 119.276
82.4528 22.3503
74.64 43.6192
71.7413 41.1371
96.6108 59.1998
97.035 60.552
85.8429 78.4718
89.5685 75.5819
88.6667 77.6029
87.627 82.2511
103.223 98.5793
107.715 101.203
105.539 106.927
105.342 103.949
88.4918 11.0662
85.1549 16.4104
74.6004 43.912
74.9222 43.4068
74.9828 42.7224
72.8518 42.6514
95.2552 66.37
91.5466 74.0507
87.0101 77.1486
86.4305 78.3873
86.5789 78.4353
89.3486 77.1303
88.5864 77.5921
86.8835 84.1949
91.4655 87.6072
90.4528 86.6699
97.1753 91.8876
107.818 101.231
107.777 103.823
103.627 110.891
98.7374 117.675
93.0451 121.831
90.6144 2.88063
90.6514 2.84208
87.5287 13.8485
86.5226 20.9797
85.9577 22.6951
84.3444 25.3928
79.2932 41.9949
95.0148 65.9124
93.4808 64.842
100.743 96.4302
105.439 106.633
105.311 104.584
106.007 103.065
99.2578 116.342
95.3786 119.666
89.4485 3.6619
90.4641 2.55143
88.8006 19.0006
81.639 33.8954
75.0872 43.6127
72.379 42.6483
75.1889 41.1189
91.043 50.5916
96.9424 62.7229
93.9431 65.0451
94.0345 71.3505
86.6411 77.1752
87.4334 75.3488
91.8245 88.475
107.052 104.525
88.962 0.767444
89.3674 15.6232
87.6842 18.3969
86.3814 23.0214
74.6337 44.0284
74.5492 41.7357
74.7577 43.629
74.5602 43.7583
86.5701 78.2664
86.5131 78.2604
88.8696 77.5176
88.3946 77.4578
89.7744 77.6076
91.6049 86.9359
103.552 98.3722
95.5833 118.825
89.0129 10.5305
89.9232 13.5181
74.3706 43.7805
72.4525 42.3374
84.6995 45.8321
84.8447 79.5752
88.332 77.6854
87.0175 75.0806
106.403 105.271
89.2574 4.25196
88.8807 10.5738
89.3978 13.8326
89.3584 12.6744
72.227 41.7095
71.7748 41.5743
81.6128 44.2244
91.2376 50.6089
92.7014 53.5896
96.2521 63.1556
93.1283 71.7714
86.9625 77.4076
89.2633 77.2073
86.3108 74.9249
99.434 96.2342
104.82 100.033
106.48 105.681
101.766 109.195
88.6782 0.967696
88.7355 7.20216
89.1428 11.266
74.3531 44.2758
74.3939 44.7036
91.4008 87.2528
92.34 88.6394
103.396 99.5374
88.3941 0.995252
87.939 1.2951
80.9531 34.6489
74.0074 46.7495
74.7558 43.2757
74.4179 44.8931
75.2421 45.1115
80.7039 44.6382
89.5336 50.0559
89.962 50.844
96.6569 63.0304
92.4028 64.9726
93.7089 69.1243
92.6418 70.62
84.8854 79.7453
86.2958 78.9705
86.8363 78.0566
89.3044 78.2105
90.6042 88.1955
106.296 105.157
103.544 107.352
96.5839 120.272
96.1192 118.775
87.1851 3.05784
88.6637 7.36416
88.6146 7.28641
88.2866 7.72654
87.8053 18.7166
88.6391 50.4382
97.778 57.3384
84.991 79.6011
85.5785 76.5077
93.4844 80.4037
95.3966 90.9087
98.2821 92.8822
100.497 95.495
102.602 99.194
105.441 106.295
105.433 106.988
106.349 105.156
106.318 105.185
106.486 104.31
73.607 45.4176
93.5769 67.2483
94.9212 66.0734
86.5655 77.8431
85.3945 76.4948
109.088 100.844
101.631 110.023
87.772 3.46072
87.9965 11.3531
85.8557 24.1386
73.5096 45.7146
88.1212 50.4379
90.2933 51.6148
93.2817 65.6216
86.2198 78.2679
99.6514 82.7137
103.043 95.5317
103.977 96.7053
110.151 101.454
105.88 104.748
105.851 105.484
99.7691 112.257
96.5852 116.933
96.2881 115.249
95.4035 116.231
93.518 118.93
91.526 125.438
88.1745 12.6522
78.0355 38.5698
98.0015 58.7044
96.81 56.4905
95.2315 63.203
92.1889 69.1198
86.3185 78.2716
104.774 84.8096
105.169 86.3571
105.254 92.5472
110.882 101.007
106.407 104.55
103.883 107.094
85.9891 23.1639
78.5541 37.2177
73.2676 42.0336
74.6216 43.0744
85.7928 49.1032
90.5648 51.5559
86.5996 78.1368
108.235 88.6817
108.06 98.2173
110.721 100.879
111.155 99.6743
102.372 107.554
101.255 109.039
97.9032 112.999
91.2885 125.302
85.7549 23.4719
81.8268 31.356
74.7181 44.5174
81.9244 46.6791
96.7363 58.9044
96.4983 57.5566
85.0808 78.4422
95.9508 81.1668
91.6334 78.4459
91.1475 78.0583
92.2831 78.5256
94.5717 79.3825
110.393 101.038
110.489 100.777
105.946 107.349
106.346 103.864
95.0974 116.493
86.8274 19.3604
84.8506 24.5392
83.5606 27.8911
81.4672 31.7112
78.3035 37.0999
97.5331 57.2759
93.1738 65.8296
86.8073 78.6295
86.3975 79.821
87.1384 80.0387
92.9361 78.8547
92.6512 78.6978
95.5448 80.5832
100.222 81.6582
106.155 86.4165
108.817 88.5359
107.898 93.6573
109.039 99.8747
110.175 100.096
106.063 103.795
102.984 104.878
91.0038 125.305
91.1231 125.153
84.8578 24.393
90.0251 51.5774
92.8947 66.1156
92.8849 64.8312
85.9656 78.0241
86.4457 78.5361
94.5236 79.4445
96.2934 79.8574
109.896 89.8864
108.468 96.7428
110.176 100.194
110.226 101.002
106.625 106.854
106.448 104.484
97.8404 115.168
73.9326 44.6537
97.3945 57.2892
93.0903 66.5824
93.1125 65.5517
85.3708 78.0046
85.5702 78.9973
106.909 87.2111
109.295 89.0646
110.139 101.183
108.067 101.143
107.058 106.869
106.714 102.676
102.758 106.005
90.9312 125.264
87.2523 1.92926
88.3915 10.743
82.3224 29.3712
73.5256 45.6588
73.9115 40.7113
90.4735 52.558
97.1151 57.715
85.9898 77.648
85.5379 76.9987
95.8557 80.0859
98.9499 81.2787
110.086 101.307
108.594 100.819
105.957 103.445
106.481 105.207
107.029 103.741
103.373 105.207
100.207 109.618
98.2881 113.946
90.8106 124.848
88.8728 0.124572
87.2775 2.83198
88.0939 13.2557
84.9388 23.6297
83.7904 25.8308
83.1127 28.4426
73.2601 45.5098
73.2684 44.4757
72.8159 40.9118
74.0493 43.0398
77.385 45.2866
89.6871 52.8834
90.6178 53.3603
89.6693 52.01
97.1903 57.3014
97.095 57.5909
89.281 74.4796
95.9791 79.9543
104.512 85.5206
109.045 91.5141
108.708 102.481
108.093 101.219
106.207 107.267
106.029 103.477
105.964 104.164
88.7739 12.6596
85.2273 21.5995
84.2451 24.7057
77.2529 45.612
93.5861 63.6203
95.4615 83.8377
109.191 89.0981
109.983 101.261
109.736 101.312
89.2565 7.48668
87.9336 14.5469
85.5477 19.9955
86.9172 49.699
98.2652 55.747
99.8454 55.0402
92.6786 65.3534
93.4954 63.5932
85.4819 80.5707
85.5395 78.8256
86.8285 78.9981
95.2286 81.9351
96.8995 81.4555
100.713 83.4184
103.768 85.7329
109.675 89.8072
109.029 92.843
110.693 100.176
110.867 101.722
109.965 98.9386
106.075 102.123
100.272 109.972
92.6299 10.0399
89.7933 12.632
86.5668 19.7681
87.5344 30.5612
82.9635 43.389
81.8535 44.4769
84.1838 48.8281
92.3434 52.5069
95.3639 53.1224
94.1057 53.8297
96.8283 55.876
99.3312 54.8912
93.042 65.8439
91.1745 70.9286
90.4832 73.7758
85.5832 79.5255
96.0686 83.0192
103.273 85.6795
106.22 89.1698
105.787 89.164
108.959 94.7809
111.133 100.189
108.766 99.7986
94.5828 122.575
93.027 12.4065
88.8317 13.2845
87.3535 17.8859
92.9587 23.735
90.8458 26.0266
87.7954 31.5038
87.59 32.5793
88.018 50.4644
96.9449 54.2034
98.464 56.0773
97.2573 56.8558
97.1512 57.1906
93.0484 65.2625
86.0082 80.4635
87.1419 78.8198
87.1644 79.5133
102.124 85.3549
104.943 87.8797
108.746 95.1669
109.775 101.803
109.217 101.464
105.794 104.997
98.6158 6.48973
98.8298 10.7771
88.5077 13.4644
85.5427 42.0515
87.1381 46.6702
91.177 72.4283
95.9077 83.4356
106.252 106.026
106.918 106.049
98.5242 123.529
102.978 7.19072
95.9401 10.9303
85.7974 40.7536
90.4512 48.4141
102.264 55.017
102.169 55.1912
93.8832 63.0727
90.766 71.4345
96.031 82.4452
105.643 89.1187
107.137 91.7839
108.96 89.3003
110.361 101.89
108.473 99.8392
106.792 104.569
103.784 104.588
101.638 106.855
102.972 2.122
97.651 10.0487
96.1898 10.3654
95.9334 11.2766
94.2505 20.9772
87.6145 33.6902
101.4 55.0053
108.117 55.8664
92.6301 64.9362
93.7047 82.4343
95.2962 82.6199
95.3398 82.5911
106.223 88.8753
109.495 89.9425
106.257 102.856
104.703 103.997
105.246 103.189
101.01 116.542
102.561 125.939
103.174 8.90279
98.47 10.6361
87.7782 34.9987
98.0528 53.0915
97.1577 57.9445
98.3011 57.3165
93.5675 66.7995
86.9435 77.7659
86.9885 79.2636
87.5802 79.6119
91.6199 81.9479
95.982 82.6634
95.1658 82.6905
95.4031 82.6343
97.0078 84.4782
106.055 88.8807
108.238 100.815
103.701 103.616
103.652 102.781
106.351 3.67153
107.718 7.50397
107.578 6.79025
103.792 7.89889
92.3634 23.6894
92.5585 23.5453
93.6152 44.5608
103.305 55.9441
104.868 54.6337
107.182 54.8882
105.555 53.7066
97.1287 57.8027
98.2748 57.545
88.1498 76.4524
94.999 82.0269
109.028 103.599
106.012 103.8
109.661 103.276
108.838 103.231
102.648 106.137
96.0597 18.7375
93.4979 31.3982
99.4883 50.4089
104.814 53.626
97.0009 58.0401
94.2907 65.1993
92.7737 65.3892
93.1463 65.1178
94.2567 63.4417
91.0462 68.4672
90.9046 72.9877
91.0225 72.8807
97.4295 84.9916
98.6267 84.6995
106.016 88.658
108.259 96.1135
109.209 104.49
109.776 103.37
106.396 3.2498
107.685 6.96082
106.833 6.35445
108.087 5.96994
108.151 6.0025
103.54 8.43018
102.888 13.162
98.67 16.3483
93.8904 29.9788
95.5839 33.0066
97.0706 35.4105
106.645 55.3122
107.188 54.735
99.6268 56.0563
91.5998 73.3198
96.1535 73.857
96.2892 73.8031
104.028 88.7599
108.116 94.9731
109.967 100.35
104.129 105.52
103.798 104.41
107.829 7.07616
107.859 7.52778
102.75 13.3025
97.1309 34.84
98.9885 37.2419
107.103 56.2595
107.219 54.6757
107.248 54.7289
90.7952 69.6435
91.4683 73.6903
94.2473 74.0241
100.532 88.0437
108.254 100.716
110.674 103.289
109.588 103.62
109.737 103.287
110.831 102.012
102.684 13.3158
102.766 13.4119
92.7544 23.8234
92.3538 25.4138
106.964 56.639
101.304 54.5258
97.3134 58.9447
96.0044 58.3771
92.2773 66.8692
92.479 63.4572
93.8863 72.7813
94.9615 74.7072
95.4619 74.6039
96.1615 74.678
105.587 89.586
104.857 89.5081
109.949 102.122
107.641 99.4368
108.122 98.5894
109.67 103.42
99.1093 22.5215
106.525 55.209
103.675 53.1283
101.321 53.6977
98.8181 54.9915
92.6565 66.6645
91.4284 65.0238
95.676 67.2879
96.5994 70.5165
98.7986 75.7538
103.535 90.5752
108.131 91.3166
108.16 89.4208
112.867 100.758
109.738 105.28
110.759 103.098
109.898 103.628
101.517 43.4132
104.729 52.9339
99.7285 54.2421
100.614 76.0735
104.487 90.3466
107.283 91.6304
107.53 91.9039
110.188 103.271
110.016 103.261
114.59 113.426
106.979 6.70156
106.721 6.56101
106.613 16.9792
105.954 21.0431
103.313 50.9037
106.754 55.0337
104.472 52.8576
104.645 52.9095
99.2869 70.3086
100.431 75.4934
101.034 76.1348
104.136 90.549
108.421 91.3675
107.736 91.0792
116.703 103.018
110.438 104.603
109.474 103.829
110.601 4.02946
106.895 12.8878
104.497 48.1266
104.616 52.813
98.1659 55.967
93.0692 62.3473
98.4384 67.9548
99.9417 72.4714
100.49 75.4479
107.52 91.1053
107.75 101.75
108.183 100.863
109.315 100.289
110.126 102.647
116.88 125.443
110.776 4.87371
106.862 6.84116
112.517 9.1867
114.367 13.5209
106.15 53.092
99.853 72.1842
100.144 75.4186
102.162 86.9877
102.796 89.5227
109.422 102.717
110.167 103.482
109.037 103.431
122.958 113.251
111.057 5.03081
107.462 6.48998
114.385 16.7611
116.24 17.0336
115.513 15.7704
116.712 21.9784
106.865 55.4612
106.933 55.2734
105.154 54.8238
104.956 54.786
106.338 52.3379
96.2104 56.5871
98.6843 67.6247
98.4228 67.3559
105.103 89.0619
107.718 90.8801
109.46 100.428
109.848 102.428
122.339 121.389
116.925 30.6011
106.507 55.4473
104.659 54.9403
106.252 51.8255
99.75 54.9912
96.6022 59.6225
102.294 84.003
103.25 90.4855
106.955 91.7398
108.928 100.146
117.455 105.216
109.259 102.705
109.088 103.855
107.32 6.38609
110.663 8.28054
115.442 14.5845
116.044 30.657
111.271 46.89
109.138 49.9986
106.245 51.7737
101.049 58.6167
100.669 68.9658
107.333 91.6678
116.024 102
119.413 104.188
116.035 101.792
122.486 117.496
111.952 3.91956
107.541 6.53702
112.837 11.2836
114.736 14.156
114.398 16.8048
114.466 40.5835
106.996 55.7528
105.417 51.7067
100.571 76.4566
101.59 86.163
108.015 90.449
107.718 95.019
108.919 100.351
112.399 102.478
120.855 106.031
122.576 117.339
116.731 0.073116
113.263 2.6742
110.287 8.47819
113.764 12.8609
114.502 17.5759
116.547 29.2868
111.387 45.4124
101.923 66.5663
101.201 69.5601
101.7 88.9026
106.131 90.7176
116.473 105.708
115.685 102.313
118.719 103.972
108.823 103.323
119.507 123.379
120.407 122.492
108.804 7.49074
108.828 49.9901
105.792 55.0907
105.111 55.1075
107.856 54.198
101.891 66.4664
101.507 88.3074
101.909 89.2636
109.056 90.6878
106.12 90.6113
107.905 95.5432
115.286 104.298
118.67 104.219
116.004 0.040916
110.145 8.3911
114.322 32.9804
112.098 43.5965
104.761 54.3656
108.853 52.1445
107.302 61.9429
105.334 64.5839
102.219 66.4009
100.799 72.7971
101.554 81.1128
101.315 87.1262
101.808 89.0549
102.967 90.2776
108.519 90.732
108.703 100.967
116.471 103.609
115.145 101.945
122.321 108.574
118.911 125.72
114.741 18.6667
106.311 52.6796
107.62 60.9602
101.161 86.2192
101.783 88.9568
107.946 97.1253
106.391 99.8505
106.473 99.8099
114.753 105.027
114.977 30.3015
114.723 29.6269
105.667 55.2152
107.768 53.5967
106.413 54.1069
106.372 54.0152
104.134 65.485
103.539 65.3505
100.763 77.3593
100.59 76.9831
100.98 85.2506
106.039 90.64
106.731 101.958
106.057 100.282
107.086 99.8324
113.341 103.328
114.316 104.542
114.228 103.831
114.19 102.984
118.132 103.876
118.853 104.643
114.87 16.6422
114.477 36.9609
113.015 41.8225
105.647 56.9036
100.558 80.199
101.233 84.0234
100.886 87.1536
102.791 90.6116
106.442 90.627
122.635 118.261
122.294 117.187
120.646 121.964
119.072 124.112
114.058 39.0392
113.868 39.8306
103.743 65.021
105.079 73.4754
100.531 81.1346
101.17 86.5271
102.011 89.3485
105.61 90.4805
115.799 106.23
122.32 117.389
119.779 123.22
118.658 124.96
114.462 37.8661
108.456 48.8308
103.882 54.2123
104.376 54.1776
104.368 67.4741
105.579 73.0571
103.786 90.7639
109.515 95.3766
114.863 106.327
114.317 103.901
114.875 104.676
118.677 105.547
119.755 105.152
117.883 103.868
117.77 103.879
117.712 103.829
122.126 105.966
119.751 123.171
117.394 3.83021
115.319 16.3279
115.062 33.1489
114.666 36.8013
108.128 48.9784
108.171 53.7146
106.673 53.6816
106.09 53.1244
106.608 72.3519
102.54 84.998
105.52 91.0733
105.354 91.3552
111.939 98.9811
114.75 104.513
122.658 118.541
114.906 17.0557
104.188 54.1698
107.956 53.8507
107.005 53.713
106.249 63.5182
105.35 72.2975
99.6161 76.4133
101.722 83.8903
105.599 90.5459
105.187 90.3545
114.717 104.537
119.192 105.483
117.033 103.601
116.384 103.456
122.792 117.21
120.024 124.026
115.047 33.0491
106.645 54.272
105.929 63.3527
107.985 72.0055
100.004 75.83
102.489 85.1509
106.513 92.9772
126.051 108.502
125.779 107.612
126.298 109.575
123.144 117.557
119.576 123.263
107.824 48.6125
106.704 53.9627
106.971 54.0324
109.262 56.3391
108.359 62.411
107.437 70.9852
104.639 84.627
105.007 91.0137
114.698 104.505
119.002 105.166
1.20066 110.894
122.159 115.085
119.422 123.116
117.309 0.71022
114.698 19.6043
104.663 54.1279
105.44 72.8243
108.557 87.4543
110.984 92.928
106.524 93.8819
105.437 90.689
104.775 90.2551
111.992 102.437
115.165 105.889
118.519 105.535
127.749 110.72
114.869 21.0898
108.666 46.9406
103.439 55.7411
106.36 54.6195
106.553 54.3221
106.46 54.339
108.101 93.6536
111.62 93.167
113.065 99.6969
115.458 106.46
115.466 104.507
125.192 107.79
126.244 109.328
127.737 110.835
122.483 114.664
115.138 29.8986
109.39 46.2308
103.427 54.0962
107.319 70.9701
107.423 71.2669
107.61 71.4811
107.583 73.4513
111.562 88.0926
116.119 91.7119
115.844 91.8234
113.873 96.5356
113.616 98.9532
111.751 102.437
112.69 103.906
115.734 105.201
124.82 108.675
1.40615 111.018
117.316 0.442728
116.706 4.87026
114.802 15.6573
115.196 25.4627
115.316 29.6747
115.199 30.3324
104.625 54.0135
106.396 53.3761
106.887 53.5911
110.583 82.5699
114.923 88.3393
115.823 88.2483
113.865 91.7775
104.833 90.6789
109.106 91.6219
112.298 103.826
124.089 107.605
106.223 54.0437
109.665 60.7581
109.535 62.1529
106.697 71.4492
106.646 70.5708
106.913 70.7354
113.586 86.5341
116.458 88.7363
105.919 90.5208
115.758 105.42
125.317 109.19
124.01 108.748
0.746788 111.904
0.11828 111.11
120.994 121.056
116.868 7.3185
114.648 23.4167
115.377 29.8098
112.483 37.3153
106.878 55.3023
110.688 54.8857
106.313 52.6077
108.199 54.776
112.449 80.5916
117.542 88.8503
112.563 92.2826
112.473 104.9
125.111 108.763
122.379 118.792
120.141 121.986
118.269 123.17
116.565 7.64874
114.046 12.6518
116.025 30.0355
115.975 29.917
109.689 60.3327
109.7 61.4014
106.794 71.468
113.082 79.3007
117.664 89.0274
114.279 91.7189
112.807 92.1757
106.116 90.5648
113.046 99.3575
114.466 106.459
114.646 105.336
114.999 104.503
124.861 109.312
123.238 108.668
126.675 109.494
115.851 29.9542
114.544 28.7817
114.648 28.9941
114.666 51.0405
112.723 53.5
105.149 53.6528
106.531 54.4966
107.632 54.7505
109.629 61.3775
109.334 61.5923
107.643 70.0079
106.833 71.4043
116.402 81.7565
112.351 95.0808
113.234 106.048
124.701 108.749
123.545 108.794
119.705 126.714
118.012 5.20113
114.907 16.0303
113.101 20.5769
114.179 28.5639
116.734 34.137
116.979 35.8714
116.957 40.9661
117.545 43.0139
117.514 50.3184
111.867 54.4885
111.698 54.0934
111.891 53.8736
112.297 53.8999
113.447 51.0948
108.479 57.6702
109.41 61.6469
109.224 63.0504
111.91 76.673
114.348 79.0093
124.779 84.2014
117.116 89.5461
114.526 90.6445
112.231 91.4679
113.553 98.0645
113.11 100.292
0.005324 110.928
119.096 7.08036
112.981 16.9381
113.72 15.6942
113.683 16.0709
112.724 53.9355
119.519 48.3934
116 49.4751
107.558 61.3018
124.783 84.1239
124.101 83.6347
124.759 84.0572
125.512 84.9652
109.722 92.6339
113.514 98.5296
113.371 98.0417
115.238 104.244
121.905 108.084
4.74395 119.151
120.899 4.54912
120.524 8.08192
117.041 13.3582
114.38 30.6892
123.112 48.8302
122.969 48.728
122.438 48.9995
117.238 52.4974
118.442 47.5556
106.72 71.8925
107.41 72.4521
126.71 85.3569
119.085 88.0878
105.864 90.2841
111.116 94.2771
113.389 98.8604
5.21178 113.275
1.78866 119.941
115.954 20.1925
116.74 32.069
127.204 44.4002
125.398 45.227
119.27 50.9691
108.773 60.3285
107.925 60.3873
107.572 67.7057
110.29 75.8701
112.082 77.6553
123.749 84.9233
120.517 87.3805
112.746 96.7537
114.856 101.345
112.653 105.551
112.761 103.268
125.585 108.562
124.675 109.149
124.038 108.491
116.874 32.4528
117.841 32.7992
125.473 43.7908
125.05 45.4654
120.018 46.7338
106.963 53.311
107.418 55.9289
108.59 64.2135
118.499 83.8772
121.416 86.9362
122.143 87.5484
109.1 93.0879
111.241 94.9901
115.007 101.349
115.154 104.87
121.922 108.332
125.232 107.144
1.62772 111.518
0.556316 111.27
121.567 22.9498
119.501 32.3663
120.115 34.0986
121.486 34.8519
125.407 42.9071
124.38 46.6282
125.427 42.5968
121.441 45.8643
122.327 45.3333
107.115 54.1221
107.906 58.2146
125.912 85.8647
115.972 88.7953
126.142 109.039
124.673 6.85582
124.605 29.9636
119.887 47.201
115.469 49.5387
108.177 59.1094
108.258 60.1309
107.328 72.4798
124.846 88.5685
126.002 89.2684
124.573 86.9726
122.031 87.6867
123.426 86.8893
114.401 90.1074
108.661 93.5651
117.007 103.791
122.2 109.802
123.885 108.834
123.223 105.93
6.7969 116.112
6.55368 119.668
0.20194 4.90002
127.359 10.04
123.125 35.8261
124.425 38.2632
125.221 43.4919
124.519 44.7831
122.987 41.8426
123.318 41.0018
122.001 45.7358
117.09 89.9866
123.27 111.792
122.412 110.463
122.31 107.489
122.49 108.361
125.722 108.956
123.556 107.011
3.5329 18.5553
124.318 46.6964
124.855 45.2423
123.188 44.0404
119.856 47.4199
109.565 51.8664
125.741 89.3346
121.853 86.611
113.826 95.6959
112.408 97.3132
117.404 104.621
122.75 107.75
126.332 110.991
5.77859 114.794
6.71355 114.297
124.898 45.2585
123.748 41.9888
121.155 46.9395
110.571 51.4008
106.213 51.9755
126.772 85.8445
116.517 90.172
113.397 95.9933
113.165 96.3416
122.287 108.59
122.938 108.333
0.710588 109.93
10.2774 126.752
9.378 21.7104
8.30451 24.7304
0.725324 32.2107
1.15503 36.5861
125.038 45.5413
124.772 44.5629
124.806 41.3218
120.278 47.5542
115.761 48.4367
112.561 50.1466
111.576 50.8928
107.973 61.3664
122.425 87.6243
114.536 93.7779
112.571 97.1736
122.971 111.45
122.669 108.197
123.838 109.173
10.4865 127.451
9.52508 0.443872
10.5444 21.9165
9.16582 24.3807
3.26607 34.673
122.801 46.0682
122.846 42.0267
125.35 41.2266
125.308 41.1842
117.168 47.6529
113.953 76.4288
122.142 87.09
125.393 84.8954
122.882 108.927
122.734 108.037
4.89195 113.065
1.39865 112.785
1.97324 112.832
5.90907 114.949
10.7167 22.2198
8.25849 24.7888
7.31343 37.3819
125.039 45.3828
122.585 43.427
122.826 42.2178
111.573 51.0924
122.596 87.8086
125.531 87.6269
115.453 90.3304
115.01 90.8114
114.229 104.331
114.038 103.735
118.553 107.189
1.12286 112.109
3.82964 113.719
10.9561 20.1183
0.529004 43.2815
122.737 42.6193
123.191 42.4292
122.82 42.1038
125.025 41.64
118.95 46.9414
108.235 61.0011
122.158 86.8292
114.535 92.5272
114.171 103.873
122.982 111.63
127.062 110.163
8.35096 113.517
5.67148 114.467
6.36599 119.81
10.8162 18.3946
7.87961 37.3089
6.82353 37.0443
115.263 48.3548
114.371 50.8854
111.052 65.4602
122.366 86.8958
114.247 103.656
114.168 103.811
117.511 106.329
122.767 108.451
3.29801 111.525
3.03608 111.607
9.42631 114.079
6.26651 119.733
10.5039 14.0956
8.25043 24.897
6.83162 33.0307
6.47706 37.777
123.957 41.0273
122.962 42.222
122.835 42.2465
122.814 42.2177
118.754 46.8573
117.444 46.1189
107.881 62.5089
116.162 72.3479
123.274 89.2161
125.496 87.7917
2.89201 111.483
5.88598 114.702
10.3148 127.023
10.3709 2.36351
9.69106 23.2875
0.434596 42.4635
119.989 88.832
122.347 87.131
125.038 87.2944
114.242 91.9424
120.556 109.526
120.656 107.626
4.9665 112.716
10.2185 115.179
11.187 116.142
11.3942 114.914
5.92584 122.102
9.7305 127.313
10.5102 20.1385
8.48246 26.1896
7.89837 34.0823
6.7905 37.4476
6.6401 38.0396
0.803416 41.7429
121.54 42.4804
125.675 41.8025
117.881 45.8052
113.181 52.6887
113.461 69.5389
122.46 84.9286
121.216 85.7899
122.456 87.5823
115.62 90.3032
112.787 94.3359
122.916 107.936
7.9103 114.844
6.30044 114.714
6.33622 114.779
9.72614 127.868
9.67539 22.455
3.57224 38.0834
123.583 42.1082
116.097 73.3896
122.151 85.2837
119.767 87.5056
121.668 86.7341
122.841 87.3258
125.045 87.6705
123.701 111.178
12.2964 115.266
7.47506 114.388
9.69452 113.276
5.36864 117.974
14.3053 17.7674
10.3287 26.6004
5.55156 36.3458
123.372 42.0309
119.202 44.5841
112.906 52.0196
122.727 87.677
120.548 108.267
10.5942 112.994
5.85899 114.554
9.49622 127.652
9.75433 22.1276
6.94264 37.0699
3.54332 35.4775
3.26816 37.5916
122.932 42.7398
125.291 41.7709
112.695 51.9936
119.093 78.2482
122.903 86.3235
122.658 87.5155
115.773 90.29
117.233 107.279
123.11 108.203
122.495 107.885
7.86143 113.35
7.15465 114.5
10.7954 114.197
5.43266 114.672
4.63028 114.243
13.479 126.018
12.1749 126.288
9.87776 127.307
9.36162 126.913
13.6425 19.2369
11.4017 21.5174
122.556 42.6276
124.532 42.0239
110.425 62.9309
116.028 90.3121
118.95 108.93
123.177 110.879
8.31795 114.36
7.70561 112.65
11.4743 126.536
14.1232 18.1623
11.5379 21.1654
13.1671 28.9313
5.03645 34.3333
121.055 43.153
122.76 42.4919
123.774 42.2696
123.057 43.8833
112.485 65.4207
113.518 68.7686
121.175 90.6491
118.719 90.7215
118.498 90.8413
122.863 87.4399
116.093 90.5782
116.184 90.4881
111.764 95.182
111.509 96.6807
112.546 101.806
123.195 110.966
4.28489 113.229
7.79925 113.551
7.30027 114.542
12.1733 112.705
9.16676 118.072
12.8237 125.996
10.9018 4.20116
13.8828 15.2967
11.8278 32.686
10.0477 34.4732
124.303 41.768
123.026 43.9671
113.001 58.6478
112.539 63.2228
118.522 91.1203
119.728 91.3759
126.435 87.684
112.503 94.1182
114.724 105.671
127.821 111.847
12.1981 112.812
10.4093 126.149
10.9337 1.95101
14.0457 15.6942
122.493 44.5403
115.983 50.3508
114.434 67.5415
123.323 86.4188
123.29 86.6586
121.724 86.5764
125.818 85.6236
125.489 85.3106
123.918 111.938
0.05528 112.536
4.25523 113.946
2.7162 112.99
7.16327 115.927
16.3741 126.593
14.7214 126.481
14.2385 15.9727
4.16452 34.6591
4.87492 35.5178
124.067 43.7646
116.029 50.2498
113.473 57.6853
121.025 81.4959
119.677 90.9536
119.395 90.0895
121.499 87.9949
121.718 87.1694
117.001 93.3014
117.58 106.363
118.523 108.403
127.101 112.593
9.43348 115.31
13.6912 126.248
14.6564 16.0819
15.4461 21.1053
17.8123 27.0888
8.88604 33.8457
123.729 43.1363
123.53 42.9494
121.539 85.2275
122.005 90.6909
122.237 89.844
121.658 88.972
124.062 83.6256
119.379 108.724
121.863 111.857
125.108 112.239
126.894 112.81
12.0819 115.591
9.60682 113.549
16.0939 125.716
15.5048 18.8365
14.8419 28.2479
4.58186 35.7414
117.913 46.7983
116.439 49.6341
120.804 88.5975
123.137 86.8152
123.662 86.6245
124.856 112.67
124.282 111.106
123.873 111.552
126.567 113.72
4.63984 115.746
8.71992 113.877
