13.1054 10.794
13.149 18.3195
12.9567 28.7
4.14201 36.7693
119.052 53.4054
123.531 71.2762
122.545 84.8551
121.983 81.7209
123.374 81.0315
124.488 92.1289
123.403 100.486
125.31 109.393
125.45 109.781
2.22233 112.661
3.48863 112.646
5.4375 112.527
5.32967 112.185
10.5506 119.153
7.24957 116.881
8.78532 118.876
8.1138 119.069
11.3499 3.82425
14.603 8.16861
120.454 59.388
122.512 84.8187
122.044 81.9182
1.17836 83.5171
126.024 81.0775
124.59 81.5734
0.063752 111.426
127.31 111.273
14.6064 8.65673
14.6787 11.5909
11.0734 29.8377
123.055 71.0311
123.487 74.5695
122.516 84.9255
126.716 93.003
125.685 102.723
124.266 109.763
5.09376 113.887
4.81566 111.985
8.75793 118.415
12.1933 6.33688
13.3278 7.37785
14.7821 10.7981
16.3481 20.7839
15.073 24.5101
4.35938 35.6211
123.288 40.6646
119.653 51.0681
122.97 85.2502
122.911 81.8895
0.383272 81.8005
127.649 96.6393
123.662 111.034
3.11576 113.268
7.69868 115.348
12.8146 28.0582
11.8244 29.5724
7.64868 33.7317
122.72 43.0582
119.831 52.3275
120.873 55.5132
125.354 82.3118
0.763856 82.2723
1.1271 81.5589
0.244192 96.0025
125.224 104.958
4.39926 113.635
7.03359 117.353
9.15611 116.402
13.6272 7.2074
14.0162 7.82156
7.34098 33.8555
119.332 51.5192
119.736 51.7237
123.147 77.0433
122.047 85.3713
0.536496 83.2544
1.111 93.3739
126.646 100.27
125.289 104.379
4.30107 113.632
2.93547 111.912
8.06974 117.288
11.5975 119.53
12.4203 6.47004
13.1902 7.02684
15.8169 11.6114
123.167 42.2157
123.115 43.0174
123.169 43.0005
119.605 49.9498
122.345 65.3628
123.089 77.4739
122.748 83.0794
3.53903 87.2133
125.34 104.053
124.86 109.591
4.63875 113.631
7.93201 117.62
8.00741 118.058
7.98699 117.531
7.53656 116.741
6.69256 115.883
7.31762 116.06
14.754 9.81623
18.9422 19.2062
7.40662 33.1616
123.021 40.7255
122.332 64.6255
122.694 73.0228
122.834 84.835
122.727 83.0713
122.772 83.8361
2.81857 89.8275
127.739 97.7418
0.370536 113.199
7.9724 118.111
8.15254 117.343
11.7792 122.198
15.8581 12.9553
17.8929 21.7451
10.9713 30.3873
10.8995 29.9563
9.20534 30.9868
122.829 42.6481
122.655 40.763
121.557 48.2501
120.836 51.198
120.831 52.4822
121.764 54.9853
122.42 59.1956
122.368 85.002
121.118 82.6268
0.862524 82.9946
2.82375 94.5168
127.969 106.391
3.5432 112.946
3.57679 112.781
5.21998 114.658
12.8381 7.99147
10.9008 29.6809
3.8435 35.7169
5.25017 35.2303
127.369 39.9279
122.184 50.5363
122.132 84.3549
123.141 82.8358
0.66206 82.8604
6.90582 84.6219
5.52824 88.8513
4.96236 94.1178
5.04866 115.101
5.00664 113.176
3.8486 112.827
4.05696 113.181
8.19013 117.581
10.7981 4.19586
16.1289 15.6203
8.6073 31.3623
4.16885 35.7449
1.88218 37.4782
123.469 43.4827
122.055 51.605
123.348 58.5231
122.609 83.1056
6.47268 95.8987
10.674 3.04772
10.2675 4.5546
123.676 46.0397
122.936 51.0085
0.684808 82.8209
5.51638 83.9205
6.9818 84.2834
3.85527 113.097
3.66777 113.639
16.9741 24.0693
8.5068 31.1763
123.198 42.9666
123.193 42.8845
122.353 40.3703
126.064 58.5921
123.178 83.3382
7.64598 86.0781
7.04433 86.5745
7.91384 85.0254
7.62175 84.4191
10.0874 88.6317
14.0243 92.6243
14.015 96.4464
3.82426 113.254
4.10613 113.474
8.42866 117.792
17.9861 20.2121
17.9312 20.0991
18.1294 23.3688
17.1823 23.7436
5.45723 34.2658
3.56151 35.9871
4.48122 36.4337
122.547 42.5801
122.921 42.9337
123.906 42.7931
125.512 51.9566
126.043 70.9594
122.635 81.17
123.249 82.8011
127.293 84.9478
7.59126 86.0232
6.71164 86.3227
6.2967 86.59
6.26716 83.9797
9.56822 85.6225
16.1093 97.3392
6.73424 113.1
2.6173 114.582
4.23388 113.187
4.24902 113.563
2.4113 112.592
2.37343 112.276
8.06613 120.349
7.37799 118.345
11.2961 120.246
10.1192 4.43062
9.90135 4.63702
11.7904 7.68288
16.6503 16.5018
17.7098 19.337
18.2047 23.1396
0.481968 36.2168
122.126 42.4632
122.891 41.9827
2.11676 56.0038
1.58728 60.4897
6.961 87.3326
6.26765 86.6784
16.3228 93.795
11.1372 107.322
2.65094 114.709
7.1215 120.149
10.9033 122.404
18.6636 22.7409
11.6971 28.5122
3.55933 34.2566
122.047 41.6342
121.597 40.9328
125.098 43.1077
126.517 44.2589
126.599 76.1336
122.857 79.8598
123.288 82.7976
123.277 82.7611
0.44386 85.2173
5.28858 86.0353
5.64414 84.839
12.7087 87.217
3.1321 112.865
9.96551 119.787
11.5148 126.351
11.2205 0.875948
13.6278 10.1949
19.6512 20.9649
23.4547 24.8084
23.6575 24.2689
19.8242 24.8292
5.6776 32.6641
3.5639 37.0159
125.061 39.7391
125.847 41.4513
3.82571 56.8447
4.86557 57.6613
122.804 79.4519
122.871 84.2602
0.0234 85.5047
2.29015 113.624
6.81595 113.639
7.47966 117.818
10.5013 2.58723
13.3187 9.70067
17.6583 19.6571
15.455 27.4178
11.0566 29.5085
2.16276 34.9187
4.79727 46.9742
3.85383 55.4884
123.557 82.8561
12.9047 104.172
2.88847 113.841
4.59058 113.467
8.81644 114.15
9.94951 119.467
10.8404 2.68692
17.4303 19.4917
23.273 24.7529
13.8352 28.4
9.11776 30.0116
9.20074 29.4192
8.88821 29.1367
126.652 38.464
4.02946 39.8996
4.09778 45.0114
7.86599 71.2151
7.27996 71.6899
123.005 83.8754
5.72321 86.6535
5.65785 86.6784
7.1994 85.1582
11.8071 87.0864
14.424 89.8685
14.9661 93.8202
14.3812 101.767
11.878 106.917
10.6378 109.49
8.21178 114.432
3.08306 112.015
9.2728 114.949
11.5862 114.016
7.26745 119.5
6.1406 119.995
23.2371 24.6206
24.206 24.0165
10.9955 29.0683
10.0098 28.6233
10.0894 28.6125
9.11204 28.8089
1.27387 38.2122
5.52129 38.8967
7.72976 71.3711
127.341 81.8416
124.855 84.9472
6.44366 85.1761
14.6961 103.656
11.5165 110.719
7.72404 114.916
6.12207 115.011
8.78392 117.1
8.72901 117.352
8.84112 117.216
9.02148 117.057
6.11746 116.656
7.21228 116.642
16.0472 17.9862
15.0658 27.1373
3.86935 37.5637
6.04121 38.9565
5.53742 47.0374
5.84004 59.0953
9.30357 71.0638
1.86909 81.3731
127.893 85.8501
6.61362 87.2877
6.25251 86.2597
6.19998 86.2719
5.18829 85.8829
14.5598 93.8061
15.3374 100.218
14.6852 103.161
10.7272 115.728
12.027 113.769
15.4502 7.65408
15.1551 26.9105
10.1027 28.5229
6.50856 39.4118
7.31442 39.1619
8.7713 40.8444
8.06615 53.0205
9.64081 70.9322
9.73026 70.8849
3.36639 84.3418
4.00812 87.5518
14.3766 103.799
11.2725 114.407
10.9447 116.684
9.22895 117.421
17.56 19.7641
11.1408 27.6073
6.36603 37.0422
8.34062 39.9693
8.62977 39.8964
9.76354 39.9396
10.0908 40.9338
12.3049 70.7256
12.6808 70.8576
14.049 71.3594
14.2469 71.561
10.0448 78.4688
9.32221 86.3843
10.8596 116.632
6.32145 117.495
10.4875 119.739
12.7068 122.846
15.7204 125.19
14.0517 8.72092
18.2819 19.5327
18.0696 20.5832
18.1611 20.5896
17.5928 25.1671
8.92958 33.014
8.15231 34.3083
7.82453 37.045
10.6431 40.2802
10.9949 41.1225
18.429 70.8025
6.20728 88.1756
6.71802 85.6981
10.5037 87.0024
12.522 88.9151
14.6463 92.0993
11.2476 115.46
14.6522 16.4986
18.0918 18.9877
26.2849 23.3969
24.0674 23.1172
19.3848 23.9708
10.6492 39.2639
9.66413 40.4847
11.5248 47.3549
10.7378 88.5544
7.36915 86.1391
15.1063 98.1866
13.5194 109.019
10.7721 118.217
14.5067 8.98171
18.7294 19.4578
14.3361 25.9939
13.775 26.1902
11.3334 38.7503
15.2459 42.4206
16.605 56.0024
21.0439 68.4433
26.6032 68.2659
10.6789 87.4091
14.2196 102.384
10.4908 117.281
10.5089 117.272
10.9617 121.98
13.0077 123.993
16.9569 1.76815
14.5136 11.2505
16.9961 24.5461
14.4223 26.3727
10.9716 37.8566
10.928 40.2336
10.6655 40.6696
16.2736 43.5263
16.8577 43.9358
19.5699 58.997
19.535 60.4511
4.87396 85.6596
13.7443 103.372
13.4761 110.013
10.4259 121.891
16.8901 1.67433
17.2327 2.28202
15.2863 17.0663
24.646 24.1992
25.4694 24.8376
16.5428 25.6596
16.8021 44.1041
21.9172 54.9099
22.049 57.6155
21.93 60.7237
26.4082 67.9474
20.6185 75.5168
19.6688 77.072
15.1169 93.5163
15.4035 92.5888
14.9252 96.8894
13.6353 106.674
16.2079 0.2036
16.8984 1.65795
26.0738 25.2213
20.7492 22.9786
12.0612 39.6396
22.8937 51.7225
23.1468 55.0847
23.3444 56.647
24.0413 70.8042
21.0935 75.9121
11.5473 87.7169
15.2637 93.4697
13.7862 112.257
8.26045 116.312
18.1054 6.22578
17.0255 20.9685
23.3524 23.9073
20.6931 27.1504
18.9237 45.2444
24.1762 57.0078
24.9047 61.6671
15.3285 88.9741
9.66471 87.3391
12.073 89.4534
12.4871 112.302
8.67758 119.213
8.96 118.958
19.5516 19.2786
23.2189 23.2048
20.4214 32.007
25.2164 62.3407
17.7265 83.715
15.4146 87.7011
10.191 88.1708
9.56317 87.568
10.6635 87.8814
16.0046 101.789
16.3837 105.948
11.6331 114.404
9.13567 118.787
18.5479 8.86922
21.1922 19.6683
20.3492 32.9983
21.8587 51.1801
24.0279 57.8337
24.326 68.6456
22.6354 73.3188
14.9957 92.4941
17.0962 106.35
11.8963 114.844
9.33445 119.09
9.44126 119.142
16.9582 4.05652
23.8982 25.7773
25.3422 25.1912
22.7008 22.5625
20.0654 36.9012
18.417 41.0628
22.0987 49.5072
24.6893 61.9033
24.0409 69.5304
15.4348 86.7823
14.375 93.9423
15.379 96.6761
16.7902 3.3507
16.5021 2.08956
17.6817 6.32776
23.3911 29.3523
23.729 56.8097
24.414 60.6027
24.7016 63.6965
23.6081 70.974
17.7183 86.7275
15.0225 88.5958
14.9941 88.2806
16.1784 86.5963
16.3447 91.0097
16.1284 100.522
16.4611 107.097
9.16146 117.381
8.53103 116.762
12.0439 121.263
14.192 122.76
15.575 125.095
16.3708 126.886
17.0886 3.93678
22.7794 20.3548
25.0159 26.9644
23.4344 25.0093
22.9539 35.7866
21.0293 41.8439
21.6448 51.0278
24.2121 68.6782
18.239 90.4193
14.1833 94.2847
8.62295 116.662
9.23096 116.86
16.8524 2.55815
20.1956 14.21
21.122 16.5196
23.4273 23.2274
23.1362 22.6025
22.1002 51.8161
24.7727 67.5995
22.7703 72.0267
18.2589 87.2674
17.9637 87.6055
17.7984 86.737
20.0733 89.9658
12.48 111.767
15.2231 123.902
23.9697 32.5989
22.4933 36.7207
21.6072 43.7271
21.6921 51.7566
21.6341 50.3091
16.525 87.5342
23.0829 88.4309
20.0962 88.9897
16.6643 106.336
12.4895 111.809
16.5806 3.07382
22.1982 19.6303
22.0264 24.1491
23.4963 22.4414
23.2475 33.3758
21.3137 51.7449
25.712 68.2991
25.9214 67.623
22.9586 71.0223
20.8455 78.0867
18.8113 86.0825
18.623 87.2033
20.0234 88.6047
16.2967 95.3102
16.3193 95.0197
16.9757 2.44122
24.4954 23.6482
21.5527 46.3913
21.3322 49.3686
21.4835 50.942
23.598 63.8543
19.6306 87.3053
19.6258 87.4761
21.218 88.631
17.8155 97.2691
11.9723 111.309
23.1486 22.3066
21.2341 47.857
24.2034 70.6556
23.2686 73.1472
22.0736 86.6568
20.1953 88.3471
18.7674 88.0081
22.7494 88.9936
17.6159 94.4418
16.1706 95.3083
12.3683 112.887
12.5143 111.69
15.8594 0.311876
17.2615 2.96411
19.2322 11.6501
20.2143 14.6138
20.8241 16.781
22.6787 21.1814
22.219 24.5068
24.2984 30.5199
23.2152 33.1225
21.3341 50.2488
23.4836 62.8919
24.3436 68.4519
24.2587 69.1176
25.8192 86.7962
21.325 87.9515
21.2247 87.2915
21.07 87.5383
22.6375 88.6374
15.9695 95.1548
17.5514 102.437
16.5471 105.185
15.7003 106.834
9.58145 115.854
9.5926 119.183
17.1495 3.03787
20.1823 12.6526
21.6913 18.2324
22.629 25.2099
23.8433 24.6849
21.4008 50.3929
21.7392 50.7483
21.4869 51.8466
23.432 63.9527
23.8473 70.9028
30.4193 85.928
23.2523 89.5245
22.8518 89.4541
22.1635 91.5164
12.1551 112.43
9.5499 115.884
10.454 120.285
20.1579 10.227
23.2892 24.7496
23.1372 32.3689
22.1421 35.8595
24.5177 69.4435
24.3418 67.7539
30.9709 83.933
22.597 91.2182
21.184 92.4772
17.6972 97.5347
18.0133 97.7887
12.824 111.723
9.44702 116.765
16.5424 5.00505
21.5372 53.0536
24.3063 69.0766
21.9808 88.6167
22.9342 88.9226
14.3803 108.059
14.862 125.563
16.4068 3.89003
17.9649 7.35278
19.968 10.9276
24.1363 23.5572
23.779 21.4979
24.0142 21.8852
24.5189 23.3295
24.8162 25.0741
25.646 31.6497
24.5987 70.531
24.3358 68.5446
22.5544 89.0706
22.1765 88.943
19.1454 97.818
16.4623 104.717
9.76435 119.1
15.5521 3.15836
16.8379 6.09033
19.9009 10.747
22.05 17.8457
21.7241 26.6452
23.872 21.7442
25.2389 25.9603
21.9486 51.1044
21.6072 54.7586
25.0727 69.5368
30.6344 86.8163
30.8086 86.1892
23.7438 88.9517
12.6446 111.689
11.4512 109.978
12.7499 123.272
26.7596 31.1969
25.0132 38.5215
21.5128 47.2637
23.6569 67.6501
28.7732 86.0838
23.5412 96.6335
20.0647 101.222
17.1102 104.15
14.9905 106.451
13.7131 108.395
8.92132 117.913
9.20162 115.856
14.2087 124.571
13.8807 125.232
13.7527 123.853
18.6278 9.42297
22.5683 25.7258
22.62 24.7614
22.5094 24.4139
24.618 22.6891
23.66 22.5924
21.4799 48.1215
24.7727 68.7541
28.9157 79.2004
30.3334 84.4487
27.7964 86.518
25.1253 91.1714
19.6047 101.641
13.7819 108.385
9.16754 117.571
8.67578 116.423
14.1252 124.581
13.5357 124.728
24.6062 21.8603
29.7078 30.835
21.9645 58.6758
23.7134 68.354
24.8478 69.5917
25.5738 72.5948
28.257 77.8415
30.6728 84.0202
28.602 85.4252
15.4859 107.879
11.8356 109.88
15.1394 125.934
14.0344 125.118
16.9328 0.13638
17.7906 8.52777
22.1695 24.7362
26.2017 25.7061
27.9278 28.679
27.0182 40.4582
21.6944 57.814
23.8554 69.2631
28.1361 85.6862
26.6868 88.0155
26.2411 93.8399
24.6702 97.4131
20.0269 105.86
14.4494 108.521
12.0283 109.868
10.6395 110.726
8.86591 116.137
16.6955 125.973
16.588 3.56553
22.7257 24.7314
22.1457 24.8354
22.5064 22.4832
23.1922 51.7636
21.7584 59.6823
25.832 89.3495
18.791 106.167
15.0878 107.745
11.5189 124.069
19.0571 126.925
18.6894 127.261
18.1745 1.19444
20.1594 14.1964
29.0529 30.5889
23.8641 52.7138
23.0771 54.0337
21.6111 57.3194
21.5142 58.2025
28.3475 78.4106
28.8715 84.7469
26.1111 94.7507
21.3944 104.844
13.5914 108.078
10.8115 111.069
7.453 119.468
7.14784 118.874
7.48248 118.602
8.33407 120.044
21.7424 127.525
18.5356 8.73478
21.5933 22.8447
24.8859 51.7744
22.3345 56.022
23.3726 69.5555
29.9625 82.0733
27.6583 84.9608
24.5261 100.305
14.7579 107.207
10.4496 110.021
14.042 123.891
23.3677 127.757
20.4674 8.54995
20.7742 17.0124
22.962 27.0213
23.2919 26.1058
31.1292 33.6548
33.2945 37.528
27.5121 48.0243
26.5849 49.6275
22.9904 59.138
24.2762 69.5577
23.2819 68.7296
23.5068 67.4929
24.6593 71.6272
29.5017 84.0803
29.8535 83.8102
30.1201 83.7229
28.1761 84.1226
26.4495 92.3999
19.1473 105.013
14.8968 106.479
11.993 110.328
10.9978 112.961
10.7518 113.278
11.8786 118.229
12.4155 120.402
14.3216 124.563
23.49 127.966
23.9271 3.42823
22.3322 7.59001
21.7292 25.1719
24.1741 26.8109
29.7572 85.9032
24.7957 98.1209
22.9247 104.747
21.6751 104.025
20.4281 104.217
16.4161 115.009
17.8406 119.088
17.6304 120.127
18.1212 0.881788
16.9451 0.537984
22.1239 25.7147
29.773 32.2352
32.0165 38.2106
29.2515 46.5269
22.1349 69.3128
28.3942 78.2513
28.7579 85.4494
29.7259 83.9091
27.516 91.0628
25.5586 92.1721
24.405 97.3709
24.9401 97.4395
24.2537 101.224
22.6368 103.855
21.6174 115.509
23.5946 117.401
21.9503 1.1584
23.4627 0.084448
23.6395 4.27207
28.3559 30.7819
29.7985 86.1067
29.8226 84.7481
24.2335 97.7182
24.2183 104.573
21.0734 111.938
25.5969 127.667
24.8772 0.367676
23.2989 1.19775
20.6624 16.2675
26.3701 26.6454
30.0623 47.9254
26.0845 56.8862
22.3989 68.5931
26.1793 72.2737
29.7183 85.915
24.5241 97.4599
22.7943 104.959
23.8545 104.724
24.5937 112.497
30.4411 118.051
28.7728 120.368
29.877 121.435
27.9754 125.033
22.4183 0.384272
22.5131 0.562708
20.8822 20.3191
22.0214 25.076
27.3609 29.1461
32.1848 37.9613
32.6363 38.4416
32.9531 42.5186
29.5904 48.1605
28.0491 50.9617
26.7176 54.1292
28.512 85.5564
28.8234 85.3547
26.323 91.6337
26.4698 91.9667
24.6865 94.8615
24.6105 97.4527
24.2143 104.829
25.3619 107.536
32.4618 119.554
29.8823 123.86
25.6602 125.678
25.5909 125.743
23.6529 25.1711
32.5761 38.453
33.2935 39.1941
22.4639 69.1249
22.4373 69.0057
22.3186 69.2317
24.4546 95.9434
24.691 97.0879
24.2604 101.126
36.2425 118.26
27.3927 124.597
23.0828 6.64932
22.258 25.3694
24.0252 25.484
21.5253 24.7649
32.4749 38.4409
28.6411 85.2484
28.2685 85.7902
28.7733 85.2139
28.708 84.0446
24.842 97.4025
24.8481 97.4249
39.1276 117.056
21.8479 14.1095
21.5367 25.0266
25.7145 26.0516
22.0912 69.5118
28.0275 86.3116
24.3398 101.263
33.293 116.029
39.6702 117.243
32.4177 120.467
23.9715 127.234
20.7293 18.8681
20.9931 24.6639
27.7134 30.9796
32.6221 38.168
32.4555 37.2607
32.0958 42.5213
26.8468 56.4397
28.8378 84.9147
27.9346 82.9241
24.3949 95.9354
24.4398 97.2418
20.4683 19.3659
26.0465 27.1244
27.1623 29.9392
32.466 41.6397
22.2567 69.1572
24.6187 95.3491
23.3607 105.37
39.2817 118.042
24.2319 126.954
22.3378 2.55497
32.2034 38.372
29.4518 53.4912
22.1915 69.1666
24.5446 100.168
24.3792 105.492
31.465 114.862
33.8301 116.892
22.5154 1.09717
22.8297 0.217824
22.6065 4.3622
22.6086 8.95986
33.5805 43.5384
22.5029 68.7833
28.5647 87.2
28.7951 84.0373
23.9116 101.691
23.4698 104.264
25.9701 108.158
39.4494 116.657
28.4723 122.665
22.8058 127.781
27.5205 31.5726
32.9775 39.0857
33.8712 47.3758
29.2263 83.1959
25.0249 107.191
21.357 26.7116
32.6583 37.9992
35.1525 41.395
27.0987 61.9826
23.0013 68.7528
28.6961 75.2305
28.4123 84.8041
23.5734 104.587
29.0945 112.714
32.3445 120.601
22.486 3.25002
22.0538 9.90736
21.5843 12.8132
21.3347 15.2442
23.3873 25.7743
27.9526 30.9193
28.366 32.0663
35.0443 41.1603
31.9908 52.0988
22.9216 69.0098
22.3493 68.5782
29.7146 76.3968
28.7183 83.3859
25.4975 91.2453
24.3781 99.3989
23.4029 102.504
23.2853 104.838
34.2619 118.852
29.8219 122.518
28.4647 123.089
26.5896 124.191
22.7733 23.0421
24.635 26.2174
27.3304 28.5573
32.8045 38.7977
35.7991 41.7065
33.6945 46.7594
33.3053 47.8336
25.6455 72.5151
28.929 75.9034
28.9383 84.6016
28.7612 84.7003
27.2374 90.1443
24.8287 92.0315
22.6652 104.697
22.4844 15.6089
22.6138 18.5674
23.7917 25.0408
27.2226 30.6758
27.3057 31.4807
35.0204 39.7986
35.1772 42.839
33.721 46.3107
31.4494 83.2593
22.2932 104.796
22.3743 104.48
37.5273 117.224
23.4211 25.9024
27.3687 28.2033
28.3293 32.5438
31.4321 38.8663
39.3928 41.1
34.5913 81.192
27.8031 86.3093
24.8073 95.9845
23.9828 100.16
38.7063 116.881
22.9576 24.7112
34.7229 40.5772
38.0311 41.2259
39.1237 41.2567
34.077 58.4122
30.6444 71.4716
33.2981 76.1803
34.5167 78.7296
29.2004 85.737
33.8463 115.053
38.5405 117.014
24.9308 124.443
22.3389 26.5237
22.0547 24.0364
31.4961 31.3157
39.8405 41.2483
37.6254 40.6736
35.6774 77.6664
36.0012 78.9189
26.1046 89.2675
26.6945 91.0054
26.1012 99.1731
25.8523 99.8002
38.0507 116.581
27.231 122.271
23.9379 124.189
22.4146 4.49891
22.4643 3.82436
25.5139 20.0328
22.9142 27.9266
39.377 40.5215
37.4988 40.6319
36.7969 54.5408
33.5159 70.3988
36.8239 78.4082
37.3961 78.5829
38.3705 81.0017
35.4921 81.9787
27.289 83.5733
26.0597 89.3624
29.9071 100.032
37.4426 118.461
38.4469 117.22
38.2625 117.404
30.6932 119.172
25.0586 122.943
23.9243 5.48268
27.9532 16.6779
25.032 28.716
24.6566 28.1043
35.0851 33.4256
39.3244 40.3585
37.8375 59.973
37.5346 62.0044
33.9421 72.5604
36.2405 78.4576
28.0248 84.3955
25.7042 90.0959
38.3347 119.375
38.4743 117.299
21.7381 3.51562
22.0456 4.0639
22.6031 4.94951
29.6254 11.9652
28.0138 16.5887
27.9287 16.581
25.4868 22.7499
25.6718 28.4347
25.3658 27.9456
21.2618 24.1336
31.0336 31.2344
36.7945 33.3643
39.4838 40.9114
37.9695 54.6085
37.9447 57.3235
37.9575 60.3207
36.3833 65.1051
35.3752 82.1431
35.2977 82.103
28.3074 85.1275
30.7576 82.4833
30.22 82.6429
31.2466 81.6191
28.4439 89.9096
31.8767 93.1294
30.0274 99.506
34.2751 109.227
38.2211 117.45
23.6501 1.11505
28.1647 8.04418
32.6916 9.98648
28.3684 16.4383
28.461 16.5644
27.0595 22.2505
29.6613 27.4845
31.1511 29.54
35.2178 29.0025
24.4103 26.1151
31.5607 31.8431
37.1555 33.8438
37.9571 33.977
39.0997 34.4928
39.2506 42.2269
39.2904 40.8431
39.3509 41.1799
41.7503 42.011
37.5718 61.2864
36.5456 72.0207
36.5748 75.4816
37.7213 81.0097
34.5417 81.993
31.3352 82.1813
33.6822 80.753
32.005 81.171
27.1965 83.8155
26.6571 89.9372
27.5609 90.0246
30.7137 97.0982
30.3428 100.38
30.2811 100.085
35.526 113.781
32.406 117.422
26.5072 0.68416
28.1971 5.99916
30.0286 7.7665
30.0867 16.113
28.2784 21.703
32.7123 28.3045
33.4442 28.9285
35.1283 32.1567
37.519 34.2928
39.6069 34.5632
38.7388 41.4326
43.4999 44.2086
39.0699 56.58
37.2063 62.0556
37.3051 80.8194
35.8052 81.4444
26.6969 82.8099
27.2086 82.8961
27.6578 90.3941
33.5742 92.6321
33.777 92.6868
32.2015 92.7148
31.4529 99.411
30.2398 100.184
30.3881 21.3591
29.8898 21.5751
30.5285 21.7349
35.2081 30.9505
34.9139 27.5666
40.9806 42.1393
39.5049 41.2429
41.4768 52.0029
39.4874 57.3463
42.0584 80.6174
35.7734 80.4093
35.6739 80.3653
32.1876 80.5729
26.9935 89.8463
29.0384 91.1516
30.3096 91.0929
38.2631 119.284
36.7898 115.597
33.1049 21.6576
34.6914 28.2316
42.3144 34.5832
44.3653 43.9683
40.0416 66.0739
42.1447 80.8886
40.7364 79.2733
40.6882 80.6452
37.8132 82.2743
36.7778 79.8246
30.0405 89.8412
36.8116 93.8351
32.2564 99.8687
35.0999 107.071
35.0014 110.073
36.5213 117.155
34.0552 127.464
37.3742 24.5436
38.5214 26.5927
35.3254 29.7712
34.7518 28.6906
34.583 28.2349
43.4099 41.0871
45.4301 42.1409
38.7347 82.3945
40.385 81.1476
35.7346 84.3686
33.3149 92.2762
34.1448 99.6064
33.7238 99.6687
35.3562 101.477
38.0032 118.951
36.2104 11.2394
36.1835 10.1771
38.9978 13.5322
39.0586 13.1428
40.8022 27.5364
34.7431 28.6026
34.6698 28.6624
42.541 35.4126
48.4515 38.2265
45.1994 42.2906
44.8098 42.8228
39.8797 82.3899
37.7895 101.419
37.9625 102.582
36.9359 110.625
38.1292 117.328
38.1873 117.318
36.1059 119.456
36.296 11.2425
37.9869 15.9072
38.0952 24.5079
43.607 34.7681
40.8744 80.0613
40.8523 79.8272
39.7814 82.3335
40.2936 80.7774
41.137 79.5686
34.0421 91.7006
38.8121 102.116
37.563 112.477
38.3271 117.838
37.7089 115.392
35.3104 4.92649
38.118 13.8027
37.9753 13.5941
34.6433 30.0026
37.3999 28.5277
38.9962 28.8746
47.7412 37.0967
45.0061 42.3433
46.5543 47.1112
47.4686 51.0801
44.1023 71.4994
41.7354 78.7609
35.4294 88.1851
39.5744 106.852
38.4392 117.19
37.8868 117.139
35.0829 3.50828
39.0178 14.0334
37.7531 23.4797
34.7902 30.2005
38.3839 29.0553
40.0889 29.3424
44.6706 34.6469
44.7486 42.0936
44.8535 42.1547
47.4545 60.543
40.9902 80.5512
41.104 79.3443
36.616 84.1959
37.8985 95.396
38.5141 97.5403
38.74 108.793
36.7813 118.215
37.2367 117.876
34.8418 127.582
35.0101 3.92485
36.3317 12.1166
36.5396 11.2562
41.6262 28.6032
42.8357 29.1403
36.1928 29.0427
38.0027 29.3405
41.736 29.9472
44.8944 41.9896
49.3707 43.0062
51.3251 43.5125
50.8638 42.7467
51.0433 45.0533
47.8605 62.962
39.9516 82.1281
34.9246 89.8915
39.0881 103.183
40.2748 105.44
38.6557 109.329
38.4402 112.797
38.3867 117.539
36.4122 12.099
37.879 24.0442
39.2519 26.7058
43.3521 30.9104
49.5907 37.1617
40.3134 78.741
39.7239 82.2049
41.7848 79.9547
33.9304 91.4986
38.5575 95.4257
39.5477 96.453
40.5853 105.67
36.8044 115.34
36.6552 114.937
37.4446 115.034
35.5592 3.5541
36.4788 11.0822
39.9858 17.2475
40.8084 28.4998
45.0858 29.5989
41.3508 28.9713
38.8124 29.5275
41.4476 30.2507
44.3246 31.2375
50.5809 36.0927
47.9967 43.6752
48.5921 43.7871
53.0063 46.6595
44.1829 79.0493
42.3568 80.3689
35.8041 88.5356
35.2622 90.7711
36.077 116.667
35.2944 9.4474
36.4311 12.0852
38.0984 13.7461
39.7971 15.9965
40.2312 17.3202
41.8672 28.1554
45.9416 29.1819
43.1109 30.209
45.1983 31.4679
49.6953 34.8669
51.8923 35.9508
53.2539 44.862
40.2383 79.0771
42.231 79.7081
37.1373 88.5086
42.5026 102.097
40.5846 105.744
40.6344 106.066
40.7758 106.867
36.9849 119.374
38.0694 117.864
35.9177 117.156
36.3542 117.704
38.4208 14.2132
38.1048 13.4446
37.7235 13.1415
44.7266 29.4161
44.9472 30.7407
45.8455 31.7954
47.7961 32.2495
49.171 33.0303
51.293 35.7854
51.1904 44.2072
52.9091 43.8464
54.2028 59.2797
43.6692 79.1606
43.6239 79.7361
37.3405 93.2552
37.3436 94.2104
35.9766 116.59
35.9681 115.744
37.8399 116.111
35.6011 11.8805
38.1566 13.5054
44.6075 28.753
48.6462 32.73
54.2851 58.3622
39.7414 80.3944
39.8661 79.0787
43.4196 79.7354
38.552 89.4306
38.0844 90.1251
37.4798 93.3011
43.7558 99.8321
46.2819 28.4539
49.0426 32.5873
49.9993 37.1348
49.8704 42.2252
51.4963 44.6731
52.6046 44.7564
52.0298 67.8793
49.0063 74.3838
46.7625 76.6973
43.5169 79.8083
37.9097 92.0572
36.1682 116.772
38.1328 14.1783
37.6266 13.9252
44.3639 18.3014
48.7999 31.6416
51.0302 33.291
50.2552 36.5808
55.6502 48.1698
53.8714 59.2033
53.286 61.789
52.0667 67.4406
48.5995 74.7495
43.4366 80.8097
42.2176 80.3991
42.7486 83.9625
42.8595 84.7713
41.7175 86.2412
37.2836 95.9353
36.914 118.535
36.4656 118.518
36.8753 117.025
44.2332 3.27907
42.179 13.9584
41.5981 14.0792
42.6273 16.0536
45.2217 19.2269
46.5708 29.3555
49.2227 31.7105
55.8858 36.2482
49.4298 37.8911
52.7115 44.5229
55.8242 46.45
53.8533 59.1613
52.0415 67.0425
48.9909 74.1346
45.2007 78.36
44.1173 80.7681
44.547 81.1544
42.8783 84.7017
39.1227 92.9909
37.123 95.4675
43.4035 100.453
37.2267 118.41
44.6526 125.347
46.0361 2.97612
46.1213 18.4462
45.7276 19.2744
46.5658 24.4722
46.2551 29.3562
46.3872 29.422
57.8111 36.859
54.9107 36.0188
57.5878 35.0344
48.2271 37.7337
55.5855 45.9795
54.3381 56.4888
53.5849 59.3111
53.1208 61.4781
52.5205 64.7103
48.9336 74.2385
48.3315 75.0052
47.8012 75.7823
46.9309 76.9833
45.6279 78.3744
45.8118 79.2586
43.4678 79.5145
40.8881 99.0296
43.3132 100.64
42.1072 105.445
41.4722 109.051
47.3379 11.7471
47.0737 13.8373
50.7328 31.8816
55.6962 34.2861
49.9404 36.5431
48.4001 37.3962
56.6502 46.6933
48.5971 75.8537
47.2586 77.1115
48.876 79.8553
48.5579 80.0132
51.3755 79.2499
43.2542 79.5625
42.7994 79.866
42.5562 83.0071
43.1904 100.94
42.4913 103.503
37.0367 117.595
46.6134 0.15946
49.0637 16.9876
55.5368 35.5771
55.9852 35.7555
57.4248 35.0905
50.5807 37.8218
52.6043 45.7282
53.4903 63.3402
54.589 70.7931
48.9547 75.7922
43.6366 79.6115
42.8451 79.8519
42.5508 86.0795
40.3946 98.5343
41.9284 106.382
48.4047 3.4004
49.376 17.4564
50.3209 38.6503
50.9701 38.9382
56.0409 46.8893
51.1884 73.9061
49.1981 75.8936
48.3482 78.1488
48.8879 79.4884
42.3174 82.4669
42.9418 87.2285
42.9853 92.8345
40.2616 111.618
49.468 22.4643
47.9691 30.3542
45.7917 29.7381
45.5606 29.5777
52.7087 33.1989
57.1221 44.0327
59.5914 50.9306
59.0948 54.4297
53.2918 71.5156
52.1062 72.9017
43.1762 92.4824
42.5975 101.364
43.2343 101.255
35.8095 118.268
45.6506 0.420692
45.3619 127.935
49.9553 16.3776
51.4359 27.671
46.428 30.1302
49.5022 30.5226
58.0368 40.6465
60.0765 47.7945
60.0789 63.2767
57.2776 67.0589
51.958 73.4879
43.9406 124.487
49.8466 16.1792
50.1557 17.3345
51.6676 32.4342
57.9703 39.7422
60.6507 49.8299
60.7489 52.5539
61.1753 58.4653
52.4498 75.6292
42.468 79.8183
44.9419 89.4813
45.6093 96.6783
37.6127 118.666
36.5807 117.32
44.7244 126.459
44.7651 127.594
49.4108 16.8566
54.2442 23.5128
52.5016 27.2467
50.6193 28.3995
47.6485 79.424
43.215 80.019
45.1145 87.5873
46.0509 89.63
40.8859 107.322
40.6913 120.901
46.9643 3.1768
46.9889 2.89372
48.0296 4.97407
49.4381 16.9311
49.4104 16.9671
55.313 24.9572
55.3711 25.1292
56.0083 35.5153
60.2044 40.9604
50.5741 78.9561
46.8087 79.8633
48.3149 91.6862
48.6114 93.0603
48.6207 94.6442
43.8221 0.725248
48.0425 6.92864
47.9452 10.5097
53.291 22.5127
55.2385 24.7094
61.7525 41.5506
59.2242 43.808
58.8813 46.5078
60.4673 51.7209
59.5665 64.7666
57.4891 67.3774
57.5683 74.1251
53.6446 79.1305
48.7905 79.028
49.822 94.5548
35.6072 115.867
44.1891 0.681424
54.7517 24.6432
57.485 36.875
60.9826 42.4191
59.5042 47.8184
60.1512 49.9844
60.9815 56.5727
61.8052 59.0551
58.9995 66.5366
59.6114 74.525
59.9645 76.8857
49.9634 78.6416
45.5926 79.2905
42.4436 80.0328
46.1591 98.1815
44.3813 99.1676
36.0911 118.772
44.6287 1.13192
47.7306 6.72015
52.1587 22.0064
52.738 32.94
59.8503 48.8815
62.429 60.1925
61.6451 61.4524
52.1921 77.9546
50.0712 77.9411
47.7622 78.4728
41.2232 80.0469
41.6562 79.0243
42.9387 78.606
45.8393 88.607
46.1032 98.0884
35.0935 118.205
35.2504 118.436
47.8791 10.7057
52.905 32.5287
55.8388 36.4675
59.9871 42.0036
59.9704 42.0395
58.2929 46.7902
58.732 46.2675
59.679 48.9713
59.924 50.0141
62.6159 60.3196
63.0431 74.2325
60.8452 75.6618
58.945 76.3741
54.5011 78.0787
43.352 79.234
48.9312 93.253
44.6806 98.6029
40.4643 105.404
35.8338 115.587
60.2781 52.4046
61.0149 62.3927
60.8357 63.1302
62.2795 75.1093
53.4352 78.2174
53.7765 77.0218
49.0197 77.8441
49.2349 93.8635
49.6899 94.3155
50.2913 95.0258
50.3998 95.8849
48.3483 97.6991
38.1131 116.449
35.6672 118.635
35.1732 118.745
36.5267 117.317
47.1196 4.82804
59.9524 42.0666
58.3204 46.9728
58.4329 47.4139
58.3934 46.7482
59.678 50.4453
60.8735 62.4876
61.3331 68.0108
53.5377 77.2081
48.7239 77.5543
49.7069 94.4956
42.5518 103.972
40.1918 113.926
44.5064 0.771268
59.975 42.2476
57.979 47.2555
62.6641 75.4282
62.4497 75.7169
62.0613 75.7239
52.6085 76.6765
49.2523 77.142
49.7736 76.8846
49.7696 76.6107
52.0873 86.554
52.1599 93.4239
45.6533 98.4972
46.7182 98.1044
42.7287 109.192
37.3416 116.78
37.3828 116.98
36.7164 114.554
41.5615 124.051
49.0229 17.9925
53.9015 25.1441
55.8337 36.2828
59.8391 50.5254
62.879 58.7506
62.1889 62.3883
62.248 75.6451
49.7266 76.7849
54.6696 94.0145
46.5502 98.0495
44.5004 98.7948
35.6204 118.692
44.3152 1.06738
43.9105 127.933
46.3637 2.40806
53.5011 24.6787
55.2954 35.9436
58.4975 37.8164
62.708 59.697
63.0226 75.0654
58.0526 93.0375
55.2553 93.4822
55.0052 93.4034
50.4881 94.984
45.116 101.511
43.3547 108.529
47.3361 4.46132
49.2674 7.25273
56.3554 37.2757
59.8996 40.3877
63.8281 63.9785
55.4183 76.5539
56.1888 75.3989
51.2716 76.6315
50.4949 76.7726
61.383 90.5177
42.5618 126.203
44.1992 0.541348
53.5288 24.448
55.1014 28.0851
55.6894 37.6024
56.8896 35.001
56.3499 35.9209
59.709 44.9619
61.3487 53.0245
62.1392 54.7056
63.8852 64.0731
57.4778 75.4537
59.4108 89.1382
60.9642 92.1959
46.089 99.034
43.8018 110.009
37.2622 115.909
44.1941 0.619608
50.7675 7.32638
51.314 9.23098
50.2273 21.3104
55.4447 27.7128
56.6689 35.2494
62.3567 55.3643
63.3343 62.4534
64.3231 67.0931
59.0651 74.7553
53.5151 76.0017
53.3023 75.9838
55.7799 92.1822
53.2545 93.2537
45.385 97.9871
47.3795 100.696
45.6433 110.433
38.5125 121.687
55.045 25.5876
56.6359 35.363
61.9416 52.5364
64.1676 65.4907
64.2344 67.0236
62.3656 75.9138
62.3618 72.7857
56.6871 74.6781
58.6494 90.6419
56.1231 91.6265
50.2168 104.779
39.8467 124.363
45.7406 3.32377
46.6926 4.22398
50.405 8.05196
50.3106 7.62128
50.803 14.1005
54.0573 26.7853
54.128 26.7348
62.434 54.7551
63.5802 64.1533
62.3513 74.0441
60.2476 88.5935
54.2368 92.3481
45.3542 98.0372
48.7708 107.504
49.9844 19.568
55.3362 35.6733
60.5243 41.8561
59.0158 45.5882
62.4502 75.5113
60.6935 73.6997
58.4613 75.3068
60.9548 91.3848
55.5278 91.7825
50.437 101.251
34.3992 117.562
50.0379 7.59152
50.5642 14.2361
54.042 26.9931
60.6257 40.155
60.1997 43.7692
63.7585 65.4812
63.8614 67.8659
60.6003 73.4196
60.291 74.355
60.0799 75.0438
56.8605 91.1655
51.5048 97.4126
42.4703 112.371
38.1618 115.631
35.3007 118.04
34.8921 117.598
50.4228 14.2172
53.7761 37.1551
59.5485 39.5451
60.8675 48.567
61.6064 49.9756
64.1552 51.594
66.4314 51.9197
61.2534 73.6203
60.8738 90.4403
58.16 90.387
54.6043 94.0772
51.1265 102.682
38.1716 119.426
49.6995 15.7683
54.4517 27.4723
60.6434 41.5883
62.4825 61.6271
63.1237 75.5065
62.5134 74.0511
61.8515 88.8729
57.185 91.0965
48.5542 107.452
38.157 115.441
38.0058 114.246
44.3247 0.269428
44.6682 3.2699
48.1329 6.79988
50.4918 7.86516
54.6584 27.1955
58.7482 41.1354
59.0789 39.7924
61.7411 41.7094
62.5806 75.453
61.5946 72.8552
61.6591 72.5635
64.6782 75.2268
61.0807 92.0524
57.4575 91.052
39.9783 113.627
39.6577 113.742
42.6995 121.388
54.1444 34.3304
61.2517 41.5579
59.0268 39.9005
62.6326 61.6272
67.8761 71.4963
65.9905 73.4542
64.5236 74.357
61.2313 74.7895
65.3399 73.6019
68.1394 74.2438
64.6525 83.4876
64.7545 88.7621
58.4511 90.9416
49.8932 105.861
41.319 112.507
42.8055 1.39822
47.9875 7.32717
50.2888 7.73062
51.4539 11.961
59.1139 39.8351
66.016 52.1017
63.0769 59.7522
70.4508 70.9572
66.3658 74.528
65.5878 74.965
66.3379 74.6748
67.5469 74.2708
66.6742 73.4048
69.2812 73.9422
59.8509 91.4252
59.9869 89.6572
60.0871 89.7757
60.31 90.4585
61.0093 93.3746
56.8081 99.6932
54.4839 100.654
52.58 101.524
44.2768 109.773
46.4169 110.958
44.3794 112.207
44.0094 119.774
44.9136 121.211
45.5196 123.06
45.3895 127.417
43.7419 1.41516
54.5103 28.0658
64.2162 46.8947
65.8495 54.6827
67.5808 65.33
70.6604 71.2296
70.4563 71.7257
72.1915 75.286
63.1888 91.2923
61.5072 91.3898
62.1189 90.8203
63.5706 90.2944
62.3713 89.7484
62.1357 90.857
62.1282 91.7528
61.5418 94.5213
51.7862 101.797
45.6665 109.369
45.009 120.85
46.6676 127.029
46.1267 0.191144
45.6136 3.66208
50.5338 8.82929
51.2904 14.8605
54.8708 28.7112
54.5282 27.1166
57.174 39.4029
59.0798 39.8992
66.1129 51.5486
66.1814 51.6038
69.0709 65.5939
72.2047 74.1365
64.3315 90.4473
64.3984 89.4886
64.2487 89.6526
63.9026 92.6733
63.0937 93.3968
61.5405 95.2034
53.1265 102.551
49.272 106.027
49.0508 106.185
50.6206 110.441
45.8904 121.772
47.4636 1.1409
49.0192 5.65469
50.6991 8.7616
51.3684 13.4354
53.4895 26.2282
54.3967 26.9323
53.7126 34.8542
61.2418 41.7353
59.9486 40.2435
65.601 52.5059
68.9444 59.213
69.7894 67.5901
69.9115 77.8348
68.305 89.4211
68.2148 88.9447
64.8169 88.8469
47.9317 123.415
48.5623 126.918
51.1941 14.5008
54.4632 26.838
59.7342 41.1109
66.9742 51.491
69.2598 71.0403
68.8014 89.3808
65.788 90.8324
61.1158 96.4541
59.0662 97.8327
58.577 98.9163
57.8131 104.881
58.2754 104.722
49.799 112.869
50.4858 1.90208
50.8811 8.71232
55.5941 29.828
60.1643 40.7682
63.762 45.3232
66.6293 49.2987
70.3597 87.4141
71.2494 89.0843
70.0719 88.1284
67.1847 87.6635
63.3629 94.6298
59.8923 98.4721
59.3539 99.9756
50.5734 109.638
49.9884 8.7443
50.2433 8.82256
50.8575 8.65039
50.9045 8.75735
56.024 18.1189
60.6459 35.7081
60.2135 40.698
67.1747 48.5842
67.9597 51.1219
68.4119 58.9862
67.234 61.4597
68.8513 65.0075
69.0983 71.7044
69.7198 76.4536
70.4562 75.1843
71.5967 73.2364
70.2145 72.3594
69.8061 88.0592
65.5725 90.7119
65.2697 91.0741
64.7596 91.753
58.7191 104.939
62.8377 106.244
61.5157 106.681
55.3213 108.919
52.0489 125.099
50.8893 5.81483
53.2374 28.2971
54.935 26.4672
60.2686 35.4158
59.2708 35.885
59.7703 35.7871
68.4538 64.1062
69.1232 70.8877
70.3085 72.6625
70.9 72.0331
70.5856 87.9205
67.2121 87.6158
61.4474 105.464
62.5505 105.768
65.7603 106.394
63.1253 106.603
52.5216 2.84072
52.0949 3.52483
53.4129 9.40339
52.7608 9.47964
57.3767 17.9622
59.5682 35.9532
60.5175 35.47
60.3124 40.888
58.9919 39.8049
62.3981 43.7345
67.7235 50.9332
66.256 51.2914
66.9757 61.5512
70.3286 76.3616
70.2787 75.2306
71.3091 72.3263
75.032 82.3195
70.4283 89.1104
63.953 94.1945
65.9285 106.225
60.9908 118.077
56.5024 125.924
55.2214 6.31124
55.9316 8.55052
58.0048 18.3182
57.9791 22.2747
55.0779 26.5954
67.3601 49.4667
67.4495 52.2536
67.7316 58.6023
69.6563 75.5943
74.5043 78.9479
75.8935 81.8441
65.4089 90.9307
63.9493 104.583
68.8679 106.73
69.8093 105.972
58.6679 5.33571
58.9919 6.07346
54.9516 8.74786
53.2563 28.0157
53.2021 28.2362
60.5977 35.4651
71.1091 72.4386
70.1221 88.4849
65.6127 96.3732
65.7171 97.4155
67.0589 107.402
64.9898 111.331
62.0908 126.913
61.2165 5.18531
56.7564 8.71923
56.7322 8.44738
59.0144 21.6572
53.3174 25.7965
55.0603 29.4023
62.4622 35.5399
57.719 41.8494
62.8264 44.2005
65.871 45.7759
67.1368 61.6955
67.8372 66.9953
70.5599 73.0566
75.6414 79.1679
65.6348 117.453
65.9317 119.563
60.8739 5.59644
58.8915 8.5274
61.5018 15.3998
62.2893 20.9699
61.1091 22.1468
57.7855 24.6065
52.9979 27.6929
52.7443 26.8203
62.058 36.1693
64.9561 36.7303
65.2078 36.8045
58.181 40.515
58.4686 40.6405
64.4689 45.2865
66.8585 46.9691
67.3872 63.8517
69.4473 71.6421
70.6041 73.4626
71.3313 73.1954
75.4629 83.0649
68.506 101.126
67.008 117.568
67.5445 125.133
61.7275 4.73688
64.0334 18.8788
64.2597 20.0558
58.9596 23.8412
60.7048 36.5099
61.9357 34.652
61.8309 35.1855
65.1635 37.2375
66.3831 37.1722
61.7544 43.283
58.4021 41.3307
70.4256 74.5452
70.3595 75.178
74.7502 77.8863
75.4213 81.9456
75.0383 84.7987
70.9861 87.9743
65.7088 92.5084
65.9321 97.2002
69.9561 106.258
68.8501 106.343
69.4435 105.962
69.0811 105.141
71.1542 121.921
70.6676 122.993
65.5036 6.10254
62.5286 8.82579
67.3342 18.7613
60.4471 22.7065
56.3874 31.0798
61.758 36.0584
61.852 36.0155
67.9111 37.8145
58.8898 42.2666
66.8724 47.3514
67.0904 57.7191
67.3284 61.9985
70.4627 74.4129
75.4642 81.1858
70.0175 86.3997
67.3842 97.7667
71.5813 105.515
68.6275 106.153
68.6891 4.474
62.1318 35.8422
72.3176 39.2018
71.0432 39.911
67.2125 47.5694
67.097 56.4865
70.235 73.1715
80.0913 77.0915
75.6656 80.5828
74.1021 85.4215
69.609 88.2447
71.4248 99.7494
68.9657 106.168
71.9432 114.533
71.4227 122.203
70.0164 0.964888
70.6331 5.85617
66.8899 17.5875
67.0786 18.7637
60.3538 23.2681
58.971 26.9074
66.7168 38.0091
69.9913 40.8793
67.2364 48.1417
67.1606 60.6996
70.3877 74.2343
70.1872 74.7571
70.6181 74.4664
76.9836 78.8139
70.8071 87.7317
72.1493 99.0248
70.5584 3.14313
65.0524 18.8662
62.4195 21.6868
61.0544 35.9754
60.6829 35.8823
66.5089 38.0301
79.6028 77.1448
70.7264 87.787
71.931 86.0612
70.4047 106.371
73.0503 107.233
72.4478 122.586
70.5127 16.7045
66.8038 18.8184
65.3603 19.4161
64.4796 23.1147
64.3813 34.9715
60.8075 35.7266
60.6299 35.806
70.4234 39.2059
72.7249 41.5831
69.575 73.0182
73.001 74.3883
72.0173 87.254
71.3402 86.9413
73.5256 86.4999
71.3445 86.9089
71.6633 87.3442
71.7394 105.135
70.7284 105.126
72.7188 106.967
76.7844 0.943748
75.9599 1.97885
78.429 4.45363
65.3302 35.7574
62.435 35.8758
61.0441 35.8165
66.0274 36.0983
68.3274 36.9479
71.2502 39.6968
71.5122 39.7205
68.7293 46.1998
66.9143 47.1669
66.4979 59.4247
79.6381 77.8411
74.2593 85.3449
74.2881 85.3862
75.6896 86.0941
76.9419 101.958
78.9698 103.504
81.221 104.593
76.2619 104.385
82.1365 3.86088
82.0406 4.69016
81.8297 4.66324
77.2483 12.3066
73.8638 16.48
68.2396 17.6007
68.3238 21.2597
65.8056 35.873
73.5129 39.6162
71.7471 42.9884
67.5135 50.7633
71.2954 74.4707
80.3844 77.8362
79.6754 77.7618
79.4951 77.133
79.5333 77.3681
74.1284 85.2716
74.8716 87.2557
77.2118 87.0265
77.6369 85.7171
77.8477 87.2724
77.3997 100.907
78.681 108.475
79.2504 109.817
80.5723 122.817
80.3306 1.18531
80.7447 1.50831
83.2059 4.57798
82.2698 9.38594
71.0787 16.5766
70.1363 16.8645
68.2073 21.6192
66.6268 36.6236
72.073 42.4262
65.8838 56.0004
84.0556 79.3952
80.1295 77.5136
79.3462 76.7111
73.5723 84.9268
77.51 87.4232
80.8802 94.6316
80.1045 107.737
79.4072 108.134
81.1961 122.849
81.469 122.988
86.3297 5.48053
85.342 6.93675
69.6843 17.1934
68.1786 21.396
67.6517 36.3786
65.8441 36.7214
68.6958 37.7912
67.2803 47.1528
66.59 50.7358
66.5286 66.5534
67.9759 71.7589
68.496 73.1762
79.0937 77.1857
76.2557 87.4194
82.0779 88.2648
80.9897 90.9477
82.5207 99.9287
79.7067 108.591
80.2114 110.668
81.9119 116.947
81.5727 123.058
82.1358 123.155
87.3384 4.72353
80.6897 11.9589
76.5637 14.4454
75.3499 14.8343
73.7205 15.2948
69.9489 24.472
71.0335 36.3253
67.4056 37.2505
79.7565 38.8625
68.9483 45.5056
69.05 44.915
69.5766 44.3852
66.9432 52.3177
67.2984 51.5718
70.5432 74.3373
70.2736 74.7631
74.0387 76.3592
84.8037 79.4227
78.7095 77.2603
77.6341 79.5445
81.3714 89.3123
82.7541 100.384
87.1332 4.60826
69.9212 24.1766
71.8446 36.2811
71.7623 38.8418
75.4164 39.5352
71.3561 42.6099
71.5168 42.5163
66.6047 46.7324
66.251 50.5795
67.3265 51.7636
67.2336 55.4691
69.0934 59.2084
70.5741 73.9751
74.2636 76.694
84.1111 78.5733
84.0842 79.6686
80.8298 76.7517
81.2499 88.4679
80.896 90.3589
80.9129 93.0316
82.852 122.961
82.8923 123.49
83.7946 123.999
85.806 4.10832
72.2695 15.4175
71.3616 16.9108
72.6093 27.6202
73.5527 33.244
73.1717 36.9527
78.6438 40.0988
80.4397 39.9365
79.3679 39.0723
67.0778 52.141
69.0383 57.2945
70.0019 71.0081
71.07 76.6497
84.148 78.9179
80.7603 80.1422
82.4793 99.8443
83.36 104.773
83.6808 104.75
83.1579 104.934
83.8656 104.062
85.9679 110.865
86.0703 115.581
84.08 123.688
85.9575 3.51785
82.6397 9.51249
78.7921 12.858
73.6649 17.9817
72.4531 21.0247
73.714 34.3928
73.606 34.162
80.6339 40.1894
79.5337 39.627
79.3401 38.8955
71.3517 42.5919
69.1528 43.6055
65.9257 47.1825
66.2924 50.1377
70.9055 76.9396
69.0732 73.9745
81.7008 80.24
79.0049 84.6131
86.1104 104.967
87.0613 5.01056
85.7558 4.28034
78.1179 12.4006
75.6358 17.5267
73.9141 29.0626
73.5267 34.0934
79.0991 41.7217
75.5014 66.1952
73.9905 69.0711
69.9555 76.8572
84.1556 78.6675
83.4245 79.3709
77.8681 87.6485
78.8117 88.6242
82.7457 97.8808
83.0654 105.674
90.3157 107.769
89.562 111.458
91.1038 122.2
85.8234 4.262
81.0509 11.1256
75.3465 38.0409
77.3417 39.5732
80.0583 38.268
80.0071 38.2286
66.7927 45.196
77.3635 67.008
74.503 70.7142
70.5197 74.7406
76.9284 78.4073
83.1774 79.271
79.2439 85.0367
81.1956 87.7868
80.9933 88.0629
83.9404 89.0418
83.6902 89.156
85.3554 102.964
86.951 106.013
92.652 108.838
94.132 114.398
90.3539 0.483832
86.053 4.42576
84.5882 6.8567
80.5349 11.5652
79.9855 14.0673
74.4018 32.2171
78.6843 37.6396
79.929 38.2251
72.7074 41.1863
71.4652 42.1533
70.8068 56.4027
82.5488 80.2883
83.2687 78.7082
83.7872 89.2793
89.5792 106.958
96.432 117.427
92.1887 123.678
82.4004 9.62806
81.9438 10.0493
79.4594 25.126
71.1223 56.64
73.3455 57.9723
81.8577 67.4155
83.2446 67.7406
78.1538 75.4738
76.9155 76.9348
76.1869 77.5432
78.1786 78.3916
84.4478 77.2067
84.2933 88.7089
83.8013 89.0495
87.9128 101.708
85.4347 105.512
90.649 123.452
90.6012 122.051
82.8788 8.94864
74.0194 32.1873
72.4565 41.2912
70.6105 41.8428
65.3052 51.4146
73.1217 58.0712
86.941 68.2789
84.1331 73.008
84.5009 80.2994
82.9534 80.3922
90.1754 101.793
91.527 108.481
92.764 109.142
92.9508 109.158
93.8064 109.436
96.9676 113.314
86.0191 4.2158
82.0421 9.33543
75.2468 37.9911
79.3494 41.4208
77.4753 38.7669
72.5441 41.0182
72.7414 40.8095
72.1223 56.0482
75.3451 59.5048
81.7879 79.0462
85.6047 80.3467
84.3725 80.7463
82.6019 89.3241
83.9338 88.7354
92.8588 101.323
92.7525 100.984
92.1482 100.988
88.8473 107.307
92.868 109.316
95.8274 117.636
90.3834 122.579
91.1894 122.398
86.1164 3.81416
74.4657 31.4394
79.0032 38.1786
70.4718 51.3156
83.5463 66.0487
90.8138 67.3616
85.7471 80.1169
82.8014 78.8772
84.0117 88.6379
91.916 101.609
94.5705 110.164
85.3773 3.76827
83.219 7.94698
83.4709 14.4867
75.9453 31.1249
78.3428 42.0981
78.6761 42.2663
77.0589 59.1114
80.9241 62.498
87.8399 68.6962
90.4341 67.4449
87.999 73.3642
86.5324 79.3443
83.531 90.2725
83.2526 88.8669
89.1192 90.7601
92.0183 102.812
93.8437 108.823
95.8818 110.173
99.7598 111.585
90.7213 123.175
83.9047 6.5282
82.9885 10.271
80.6073 22.1487
78.5954 36.8704
78.073 46.5012
89.1302 72.7925
88.6412 76.9721
86.0532 77.3855
84.2034 76.5222
85.4218 76.7969
83.9216 90.3034
93.8815 100.663
92.5849 101.128
92.2988 101.714
99.7796 110.823
97.3822 115.093
83.2061 13.7302
79.2686 24.8031
77.8698 36.964
78.0217 36.7638
78.486 36.9043
89.2812 78.6543
85.0087 79.6283
84.0776 77.4212
83.5511 77.4428
83.2604 88.5697
83.1653 88.8065
95.3839 104.491
100.083 109.286
97.342 115.167
86.3969 3.19033
83.0939 12.0844
83.1269 13.0935
83.0659 14.9206
77.5255 35.6044
77.8759 37.5348
81.3821 46.5203
90.1263 67.7084
89.9733 67.5417
90.1216 67.758
88.1162 78.0146
85.3115 89.6993
88.2007 91.0356
86.5242 90.0487
98.8187 106.557
100.41 108.437
100.131 110.643
101.011 110.446
99.4005 112.056
98.9163 112.881
91.1995 122.355
90.9822 122.783
86.8767 3.7591
83.1738 8.99044
81.9831 18.6982
77.907 39.8085
77.8039 41.0034
83.5852 47.9447
89.5651 65.0375
90.8021 67.6615
89.7061 70.746
86.4436 90.4731
100.39 108.21
101.345 110.849
96.5086 115.8
90.9675 122.898
83.263 12.611
82.2108 17.8752
79.3142 38.8921
81.7276 41.469
86.4262 50.1041
91.2726 64.4636
89.0343 77.5826
89.7278 76.4609
86.1985 78.9767
85.7514 87.4932
93.8288 97.2427
100.455 108.198
100.786 109.65
100.458 109.654
97.4257 115.302
94.9833 118.501
86.807 4.42064
85.4157 11.5876
78.0071 40.5234
78.875 38.959
82.3713 42.1636
84.6743 47.4596
85.7409 48.7617
89.9106 67.8763
88.8459 75.4532
86.3693 78.2368
85.1982 76.7246
84.8908 77.852
86.2893 89.8346
88.1343 92.7651
87.6889 91.6594
89.7437 92.2484
95.5015 99.534
95.3656 99.5845
100.143 112.003
100.062 111.017
99.9342 110.507
97.2506 115.429
96.7904 115.617
92.0328 122.822
86.4824 1.67928
86.6515 3.29744
86.696 10.3698
86.8662 10.2156
82.2333 17.3513
80.0064 31.6501
77.3619 42.2185
87.2153 50.1421
89.0254 51.9961
93.2557 65.493
89.4817 74.6885
86.6437 76.4228
87.4913 75.3153
85.6449 87.4689
85.8092 87.7381
95.2845 99.6733
99.9649 110.355
96.0299 116.423
94.6589 119.051
92.9812 121.861
90.2764 123.531
84.9689 6.386
86.6484 10.4934
82.5887 20.4844
78.0228 40.4645
77.8729 40.9883
83.7979 43.8027
94.7379 60.5472
90.1866 67.4186
83.7447 79.0729
85.1565 77.7282
85.7421 87.7612
88.1591 92.7184
88.0777 91.6205
95.2848 99.462
99.0919 112.146
100.523 109.443
93.4027 121.158
85.5897 8.64196
85.3236 13.8388
78.2188 39.1611
78.0785 41.0422
78.4935 37.983
79.4878 38.4024
79.3001 38.7712
93.1918 57.0241
95.4336 63.1051
92.3832 64.2523
89.0302 70.3273
84.2896 77.5923
85.4843 87.799
85.2649 88.8263
98.9749 109.345
95.4423 116.77
91.4725 122.815
86.4543 10.2522
86.5156 11.5414
85.5656 14.4117
84.5498 23.4148
78.0232 40.2629
77.9697 41.2262
83.7979 42.2565
91.8823 65.6706
90.3187 68.1225
87.3718 77.1337
85.3994 84.2199
88.1987 91.8941
87.5597 90.9343
94.9395 100.231
98.2372 103.049
99.3326 107.923
98.0487 110.337
96.0964 115.314
87.7518 125.462
84.7826 2.90878
86.1363 10.3315
93.4211 58.4235
86.9724 78.3738
87.3858 77.6622
87.5808 92.2576
97.5775 102.65
98.1012 110.141
91.6006 123.241
84.9348 24.6153
81.9093 33.889
78.153 39.8998
94.5548 63.6913
92.3875 64.8344
91.6037 65.1219
87.4528 77.7943
87.5952 74.5352
85.1014 77.4247
86.4825 85.0825
99.3523 108.992
91.4331 122.994
91.7913 123.229
84.1484 2.78028
87.5448 9.68011
88.9509 11.8119
77.8121 42.6924
90.2204 51.1051
91.3599 55.3215
93.5703 58.3656
94.3468 63.5238
92.7892 64.5849
88.0233 74.4031
87.0998 76.7762
87.7814 91.0112
97.7193 103.568
99.4632 109.34
91.1358 123.489
84.7915 3.50464
86.2049 5.15494
87.6989 7.10013
89.6884 14.3654
88.7681 17.2936
88.2424 19.4746
78.1265 40.279
77.7898 40.7404
85.034 43.3165
90.4445 51.1286
94.2917 61.3525
92.7329 63.9261
89.2645 71.4495
97.264 103.394
99.0173 108.093
98.5047 108.039
91.8946 119.315
85.1023 2.32837
86.502 5.87586
89.239 16.5052
76.0504 38.3801
78.6166 39.2121
86.1338 44.3028
88.1374 45.5401
88.3577 45.6817
91.0988 51.4708
91.9329 55.6543
94.3843 62.9565
94.1153 61.7003
92.6837 97.4744
98.7947 109.82
99.1218 110.273
91.255 120.347
84.7929 3.21924
86.4904 5.79167
88.6658 11.5287
83.5622 29.815
80.3368 35.4198
77.3732 39.918
82.1072 42.0235
84.5767 43.6591
93.5417 61.8264
83.8095 76.4688
83.7306 76.5953
87.1702 92.4199
91.5658 95.9855
98.5266 109.776
95.1542 114.779
88.4935 124.11
85.8752 3.13679
88.6655 10.2939
87.3912 20.831
77.2565 41.7932
78.083 42.6792
77.6074 39.5736
90.5637 48.4966
92.5993 61.4783
86.9946 77.6362
84.6965 77.6333
86.3982 77.1324
99.3449 101.296
98.5255 112.507
88.5412 10.7564
87.7743 18.7877
87.8167 18.5053
78.1058 42.8172
76.7614 38.2867
76.5846 38.3087
76.3691 38.3081
90.1179 48.4351
90.0747 48.3829
92.9753 58.8393
93.1256 61.9133
91.2517 79.0788
93.5435 79.9504
99.8504 101.497
99.5614 108.231
98.4955 109.561
89.2182 127.576
87.9062 11.0575
84.4473 27.7881
78.099 42.8595
77.9531 40.2995
87.9833 47.1672
95.4612 57.0917
93.8293 63.1992
87.6201 75.122
87.4289 74.3747
96.0082 85.6786
100.892 101.392
98.8954 109.17
99.5101 108.589
98.5972 109.764
98.6247 110.309
94.1285 115.958
91.8774 118.19
89.7087 124.073
87.9267 5.93987
87.802 7.7917
79.1268 41.8773
77.6974 39.4185
96.6854 54.5173
89.8523 65.8309
87.3063 76.3702
88.8765 80.6093
89.4929 81.2532
89.7175 80.8168
92.0858 80.7465
98.4759 92.1641
98.9276 96.4233
102.233 100.597
98.6783 109.473
96.0265 113.198
95.0303 114.308
94.4177 114.843
93.3867 116.592
92.393 117.878
92.1688 118.378
91.663 119.697
87.981 11.1372
77.8261 39.6682
81.0163 42.4943
93.913 50.1692
96.0803 54.3583
94.7267 59.7881
93.7625 62.5479
91.0076 64.0983
88.7761 69.8433
86.9206 76.8954
87.6575 76.1054
90.9981 81.7509
95.4543 80.9003
97.2912 82.335
99.2344 83.9225
98.6254 110.246
94.513 117.266
93.4242 118.726
87.6675 7.46196
88.1975 17.1558
87.8959 18.2915
86.761 22.4358
85.2726 26.0015
76.7186 37.8165
90.148 48.2233
93.4579 50.1288
93.1016 61.856
88.0217 77.4156
87.9638 77.2903
94.4571 81.4091
96.0378 81.4178
98.78 83.7174
104.523 101.674
104.633 101.426
99.8661 104.94
99.2508 105.839
98.8541 106.784
98.6526 110.311
87.5251 9.31239
88.1383 11.3583
88.4543 14.436
88.2098 14.5171
86.3399 23.6854
93.6838 61.1482
93.2793 61.2096
93.6013 82.2007
94.4423 81.2031
102.248 87.1364
101.169 95.9994
90.1036 0.070416
88.7804 15.3494
85.8355 24.4158
78.5476 36.773
79.0897 39.7485
76.8716 37.9558
76.9713 37.9929
77.1352 38.0494
90.4833 65.913
87.0512 75.7206
98.4323 109.116
98.8023 110.333
96.6687 116.629
94.2764 122.189
90.2695 127.956
86.8591 18.4669
86.8401 18.9611
79.7063 34.8954
76.8644 38.4445
82.863 44.337
84.5917 45.8018
95.8368 53.8926
92.9737 62.0566
93.9166 61.8604
88.2357 73.6161
88.453 77.3562
95.4016 83.4877
94.3415 81.2713
102.599 87.6716
104.556 101.987
86.6984 18.5219
75.3007 40.886
77.1332 39.3787
90.0221 48.3982
92.3383 62.6225
87.9656 74.1114
87.2855 75.3688
94.1104 82.1651
104.148 101.976
105.706 101.014
95.2929 120.678
87.7136 5.69647
87.9285 12.6522
85.8423 23.3665
81.9195 43.5803
91.31 49.4806
89.5901 47.6733
96.1088 53.6761
93.9322 62.4536
89.7544 70.5954
87.4362 75.1022
94.8025 82.1801
93.6345 81.319
93.7033 81.0911
102.151 87.1561
102.572 88.8014
104.14 102.054
101.754 104.807
98.5779 107.738
97.1892 114.156
93.34 122.737
91.306 125.751
87.2581 11.2023
87.5241 12.3858
88.6719 15.3414
88.8549 14.5098
85.5364 32.567
81.5064 36.8171
78.4713 40.9054
83.7608 42.7639
93.4207 48.9356
91.0951 49.8804
96.0432 54.0288
95.3766 83.1088
94.783 81.9759
93.6104 81.2894
93.5702 81.1382
101.895 86.839
102.486 89.2368
105.008 101.106
89.0722 14.1487
88.0041 24.4769
86.8573 32.9775
91.1784 46.2422
91.6281 48.2884
94.0223 52.7928
93.8255 62.1524
93.0764 62.1886
101.68 87.1137
105.439 100.793
104.003 101.236
96.4425 117.861
96.3213 118.031
91.5747 127.455
91.4216 13
89.1982 14.4535
88.1901 15.666
88.9773 21.445
90.0138 24.5678
89.4088 28.0425
89.4209 29.5555
89.3301 30.7323
88.9826 33.5758
86.4946 40.4513
87.2794 44.0273
92.7108 46.0769
93.8788 49.0293
93.2709 63.9009
92.3882 67.2558
92.8379 82.2319
98.2063 83.484
98.2438 112.088
98.9237 110.761
99.0072 110.804
97.0174 109.227
97.5423 112.945
97.3561 114.309
96.3493 118.118
95.1187 10.6214
94.8851 11.0717
94.5737 12.3093
93.5538 13.4456
87.7663 13.6199
92.7587 22.682
89.8022 28.8092
88.6366 37.6157
88.3961 40.5578
92.3725 46.216
95.7569 54.345
95.7738 54.3474
92.5057 67
99.059 84.1852
102.611 86.0185
104.016 87.9556
105.298 100.544
96.8558 109.134
98.3895 109.534
97.2943 114.504
96.5262 118.037
95.5873 118.792
95.006 124.466
96.7589 12.5812
89.5924 32.4409
89.1544 36.0072
88.9762 37.2222
88.9705 39.1498
98.6334 49.3198
98.3242 49.4118
95.73 54.3859
95.4697 54.6849
90.8749 62.165
93.3803 62.261
92.0508 71.261
100.396 85.1193
102.374 86.2732
105.073 100.049
101.542 103.843
98.1513 108.841
96.2802 118.353
100.638 9.95076
100.72 10.3462
91.6288 13.0976
90.9778 12.9743
97.0371 46.6488
98.3733 47.9316
100.492 48.2877
99.2828 49.9637
98.6552 49.444
99.3028 48.8875
90.7644 62.2501
86.7491 74.7627
102.304 86.5586
103.592 100.435
105.336 101.289
96.0593 118.193
100.425 11.0425
95.6379 12.3488
94.8145 20.5627
89.2403 35.0074
101.509 49.6593
95.4401 54.6359
91.5651 62.9606
92.5823 59.8815
91.1598 72.7881
90.9616 72.7932
94.6887 82.9581
103.739 90.6301
103.557 101.184
96.8869 111.617
97.7475 112.793
100.835 11.2995
99.3901 11.0112
98.0498 11.3173
93.1279 24.5518
102.062 48.588
95.5781 54.1881
91.0763 62.2691
91.9215 62.3873
92.982 70.3472
92.0562 71.6935
85.4003 76.4024
106.1 88.6804
103.292 99.2137
101.73 103.776
105.734 110.762
97.884 118.785
102.824 5.53738
94.4801 54.4594
91.1389 62.1942
88.4734 75.4217
87.2603 76.7854
94.6593 82.7357
103.224 98.6021
102.701 102.178
101.861 103.92
101.754 103.943
96.8079 111.003
103.661 112.23
99.0362 116.096
101.016 123.82
101.131 15.7216
97.8951 17.9227
93.21 23.919
104.888 48.6679
91.9443 68.6274
92.9462 72.0566
92.0937 72.5879
96.2475 84.9772
101.038 86.9296
101.499 86.4727
102.065 86.292
104.096 100.009
104.767 111.74
99.5084 119.931
100.155 120.539
103.46 7.09125
102.426 9.50943
101.012 14.2823
100.72 47.3935
101.791 49.0424
104.88 48.4695
102.126 48.7437
94.6263 53.3677
91.7334 61.2573
91.2794 63.3672
91.4006 66.7076
91.8704 69.5163
96.5778 71.3724
95.9603 81.8383
96.2566 84.0714
99.9115 85.6773
100.251 85.961
103.896 89.5083
104.218 100.895
105.819 111.841
106.516 110.929
100.581 121.133
103.271 5.14558
93.233 24.2811
93.6978 25.1276
94.5917 27.0241
95.9864 29.6034
101.204 40.9217
103.847 49.384
101.703 48.8951
92.0481 62.1744
91.6712 62.8956
92.9452 67.4122
95.8513 71.5406
96.94 72.8368
96.4782 74.0948
97.8935 82.1058
105.822 87.1248
103.026 99.5092
103.951 102.073
104.306 101.722
104.948 110.13
105.371 111.281
101.072 15.3928
98.4486 16.9516
104.701 48.3297
104.357 48.5883
98.8977 50.8664
98.1549 51.6573
97.3863 52.0482
91.8279 61.8624
98.9768 80.5265
100.44 86.4924
104.533 88.7224
103.971 100.61
103.984 99.6657
107.049 110.243
106.922 110.71
104.41 122.953
105.968 127.083
105.185 8.69208
104.41 8.59372
100.623 37.597
101.287 41.0981
104.587 48.6436
104 47.9635
100.724 49.1051
100.843 50.548
98.5593 72.795
98.7593 72.7277
100.039 74.9796
100.291 86.5303
105.019 88.33
104.37 100.498
107.687 102.161
108.348 102.875
108.958 103.662
109.484 104.926
106.58 117.478
107.514 0.38442
105.214 8.85115
104.987 8.36663
101.675 20.4874
101.442 22.0779
104.468 48.99
99.986 50.599
90.4205 62.1208
99.2792 65.4849
100.395 72.8512
101.499 87.0925
104.197 101.53
111.268 103.649
114.607 105.012
106.383 112.328
106.678 111.403
106.386 109.611
109.043 127.897
104.226 10.3322
104.158 18.5089
103.041 23.0065
103.471 49.0953
94.5157 58.547
98.2919 64.435
99.6782 65.3776
100.221 67.9313
100.106 73.2155
100.327 86.5569
104.223 88.6467
105.777 87.9977
105.256 87.1808
104.257 100.404
106.966 100.919
111.306 106.677
109.959 107.714
110.504 119.189
104.16 15.2596
107.422 19.9309
103.621 48.1148
95.8927 62.8993
100.052 72.9991
104.972 90.7438
105.411 94.5573
113.036 105.44
114.434 104.343
109.764 107.656
105.997 112.144
108.071 109.94
111.037 114.85
113.01 127.198
109.272 15.6814
106.128 45.4677
102.163 49.6313
102.295 50.0901
94.8709 57.8756
92.2881 60.969
99.693 66.4052
109.594 107.705
106.309 109.762
115.496 120.537
117.339 124.957
115.998 126.336
103.965 9.13214
113.078 17.7466
113.309 20.4796
109.857 34.9997
103.429 50.3974
98.0072 54.5742
101.574 64.8694
102.711 73.7275
101.664 82.1405
104.837 87.6891
104.954 87.7385
103.542 102.106
103.824 101.029
113.525 104.889
110.442 112.025
112.159 113.222
113.202 17.2041
113.616 19.2266
114.054 21.7928
99.3468 62.0286
100.499 67.0488
101.199 69.673
102.958 72.4528
100.89 88.0617
105.278 88.0498
104.153 100.574
110.111 111.789
111.219 111.191
105.825 9.3215
112.876 17.0894
114.152 22.2867
107.998 43.8196
102.925 49.2884
103.485 49.4709
103.064 64.3144
102.837 79.1762
101.163 84.8307
105.204 87.1042
113.707 104.939
113.385 111.516
116.245 117.136
114.458 24.1477
113.792 32.431
113.627 33.7008
110.816 39.4216
103.115 49.1562
105.027 48.8611
105.841 48.923
105.452 48.5725
105.275 50.7685
104.901 51.4732
102.577 72.6252
102.313 72.5966
102.793 78.2012
100.582 86.169
106.621 90.3247
105.059 87.0786
105.16 95.1684
103.004 101.583
103.01 101.654
108.26 102.619
107.235 110.423
116.428 127.318
108.205 7.1646
104.143 9.18466
109.297 12.7632
112.289 18.526
113.677 20.871
113.898 28.6905
107.468 43.5531
105.113 48.827
105.245 48.7295
107.485 50.1525
108.567 50.8527
104.809 62.7901
101.846 73.9687
106.699 89.8038
104.987 87.2189
105.972 101.7
108.44 110.582
112.901 27.8181
102.755 49.4652
105.271 48.8221
105.682 63.5424
101.9 74.0453
104.691 88.3895
113.882 104.763
114.119 110.78
110.495 111.167
109.514 111.24
109.414 111.011
115.608 116.579
117.223 120.952
115.695 1.83128
112.358 32.0326
107.238 43.9295
106.787 61.6585
104.973 63.897
103.952 64.0122
102.541 66.6119
102.439 77.2679
104.603 90.3717
106.281 90.1575
106.344 98.9372
103.063 100.613
111.922 106.087
113.255 104.558
114.059 111.01
116.003 118.212
116.677 124.062
113.281 18.7099
112.848 31.337
111.794 35.2519
110.544 51.6389
106.477 61.7508
104.169 63.7464
102.146 72.0882
102.452 75.5649
102.326 75.3136
101.912 79.8545
100.33 87.8075
116.388 108.305
113.659 111.005
115.083 116.074
116.448 124.801
114.68 3.60667
112.508 32.8988
111.141 36.5893
110.555 37.994
105.545 48.8903
109.254 51.6343
108.845 57.8644
107.931 59.2081
106.731 61.0312
103.404 65.1944
101.952 74.129
102.507 75.5273
102.444 75.473
102.087 75.263
102.041 79.1956
101.344 88.7421
106.707 89.9488
104.395 88.0957
105.9 101.989
106.437 102.114
113.862 105.562
116.147 108.605
112.099 110.978
112.197 17.6296
113.607 29.4223
112.147 31.4263
107.026 60.3289
104.78 69.9433
103.089 72.7479
102.764 75.9951
102.128 80.8245
101.626 82.1726
108.403 103.164
111.438 106.024
112.361 105.75
112.469 105.726
113.289 27.2408
107.36 51.1242
107.918 52.0193
110.079 52.1935
109.787 55.55
108.291 58.0261
105.198 70.9958
102.417 75.4692
101.898 82.5549
103.697 90.8012
109.882 101.853
112.147 105.755
112.397 104.084
113.376 110.78
115.956 125.336
113.28 13.9519
112.052 17.6306
112.189 17.5267
112.279 20.7483
110.781 36.5382
107.874 51.8969
110.483 53.5777
110.304 52.4903
107.095 59.7291
106.448 61.7937
106.829 70.0227
106.903 70.0604
103.942 71.5618
104.796 91.2537
116.312 124.232
116.495 124.126
116.636 124.109
113.17 13.7593
106.3 44.0071
105.114 49.9324
110.55 53.5601
101.668 76.598
102.223 79.4087
103.372 80.1601
105.398 90.3308
111.614 101.366
111.167 106.97
112.294 106.34
112.137 105.696
115.838 108.275
115.488 108.266
117.177 108.819
117.465 121.587
116.681 124.582
114.536 1.86962
113.805 8.41719
112.433 22.191
113.049 28.7879
112.933 29.7591
112.041 31.7277
104.558 48.956
109.697 52.6078
107.338 62.4028
106.093 62.4424
101.155 76.9687
101.544 78.8652
102.914 80.2961
103.362 80.4412
106.559 88.6448
106.109 90.8819
105.924 89.2725
105.949 89.3738
107.676 90.1861
110.952 94.6266
111.652 100.475
111.693 100.005
111.306 107.258
121.548 110.144
114.629 110.185
115.837 125.384
115.114 0.899872
106.414 45.2076
105.097 50.3848
109.427 52.5737
108.019 65.6068
104.206 71.1217
102.715 75.4442
105.938 81.4034
107.947 88.8024
107.645 89.7695
107.748 90.2276
111.261 100.17
110.876 101.524
112.196 106.007
112.139 106.035
123.644 119.181
112.811 26.4477
113.379 27.3687
112.192 31.4598
107.529 41.9043
104.75 49.4252
104.877 49.6118
107.982 51.7396
109.11 62.2427
109.328 69.8696
105.433 70.6577
104.62 73.9394
110.245 89.5086
107.507 90.2455
117.575 109.544
120.926 109.24
122.892 119.055
121.117 118.466
119.331 119.888
117.132 121.277
115.261 0.929068
113.593 6.04185
112.101 32.1065
109.245 38.3912
108.309 40.1813
107.717 41.5578
109.125 50.3134
110.498 63.2422
109.046 82.2803
109.777 82.3482
107.503 91.953
108.108 90.8945
107.545 90.5379
108.412 90.2676
111.359 100.29
110.831 102.34
111.372 106.966
121.42 110.206
120.345 110.63
114.901 125.123
115.247 1.0211
112.173 18.8611
111.771 17.4456
112.963 28.9898
110.615 34.3521
108.845 49.6
108.453 50.1243
111.207 62.6854
110.747 82.5773
110.807 82.3357
112.574 84.5061
108.052 89.4359
112.616 92.3277
120.599 109.321
113.437 5.90977
113.114 9.26038
110.024 37.2818
104.873 49.6888
107.987 50.4793
108.918 51.7174
111.403 62.4258
109.48 69.5763
108.976 68.7962
109.345 72.0271
111.639 82.8757
107.74 90.2932
111.537 100.382
113.228 106.047
122.881 118.815
121.128 119.062
113.881 8.73919
112.227 31.0425
112.076 49.4405
111.366 57.1267
110.931 63.4506
113.987 83.1472
116.82 87.3884
115.779 87.825
108.174 90.683
110.618 101.847
114.932 107.776
120.385 111.326
122.859 118.733
112.107 31.1325
110.665 33.9548
110.4 38.8539
107.278 50.3794
106.683 50.608
110.871 63.3054
110.147 72.3816
114.369 83.6343
119.302 86.1205
107.721 91.4211
111.66 99.5586
120.051 109.539
120.93 115.409
117.441 127.943
115.214 8.23434
112.866 27.1191
111.326 35.9149
110.167 48.0001
110.884 50.2547
114.453 49.7943
114.685 49.388
109.585 52.3482
111.347 57.706
112.589 76.4938
120.344 85.4502
107.473 89.4519
110.414 90.3722
119.907 111.662
122.838 118.843
118.479 126.567
116.942 0.468668
114.442 1.42136
111.274 20.3151
112.425 36.5077
112.593 45.4913
111.966 49.3052
109.403 52.5468
111.122 57.556
111.221 61.5334
114.923 81.53
116.673 84.4199
117.426 84.5257
119.012 84.9918
117.341 86.2137
111.564 89.1379
107.083 89.2723
112.35 97.9359
111.492 98.4344
120.123 109.47
122.847 118.912
123.066 118.89
122.731 119.139
113.982 11.2891
112.228 27.7193
114.487 38.0835
114.237 49.5394
114.762 48.5947
109.675 51.417
115.512 76.5927
113.405 87.8989
106.911 89.2235
106.371 90.1913
112.627 97.0258
111.643 103.092
111.695 106.49
123.098 118.967
117.231 3.19137
115.797 11.0828
115.342 35.5278
114.158 50.5445
114.214 49.4738
115.479 49.3893
109.661 51.8916
109.178 52.6211
109.235 52.4722
116.112 75.9783
120.334 80.7049
123.263 84.0332
106.057 89.7565
113.04 100.91
111.023 107.43
110.847 107.577
120.803 110.995
122.78 117.229
121.931 126.098
110.777 20.3022
118.912 47.807
113.859 50.1699
117.056 47.9659
109.624 53.1193
109.554 68.326
120.198 84.1823
118.015 85.2746
107.887 90.7929
114.038 97.4767
120.679 110.088
123.668 118.818
125 127.79
117.877 10.602
118.247 11.0058
112.132 19.3698
111.744 28.2643
117.534 49.5594
114.152 49.4025
116.523 49.1839
112.394 51.0016
109.904 52.612
112.526 59.9782
112.048 63.9156
110.478 70.7896
112.607 72.8868
114.017 74.1886
117.471 77.3468
125.41 81.9752
106.214 89.5069
114.39 103.039
120.41 111.005
120.341 109.82
119.852 113.352
121.326 115.349
122.556 118.462
126.177 121.71
125.939 127.203
119.893 10.9994
120.444 11.3671
113.278 29.7002
120.335 32.4986
122.08 37.0116
118.232 48.9003
109.863 52.4632
109.329 54.131
111.586 60.3802
125.391 81.0768
108.589 90.6131
115.939 98.9257
110.493 105.797
120.342 111.073
120.825 110.561
126.128 119.968
121.201 11.1064
118.759 13.3531
115.976 30.6157
117.365 31.0417
119.159 31.9233
120.962 33.9335
120.649 48.4072
118.873 46.4965
108.738 53.4647
109.726 55.6014
110.134 56.5026
125.446 80.9477
109.84 91.725
116.14 103.032
115.442 104.85
115.349 109.426
120.066 112.044
120.541 111.891
120.515 109.657
119.865 12.3222
119.484 28.646
118.103 29.9268
120.764 33.0519
120.796 32.9609
121.415 35.0669
122.885 37.6832
122.228 47.0947
124.139 80.6728
112.529 88.4795
114.291 97.2382
117.269 99.8839
114.334 108.547
119.606 113.945
0.25636 127.5
123.527 10.2547
121.395 11.3799
119.411 31.6012
124.814 44.293
109.874 56.7381
111.725 60.2878
111.211 65.067
112.175 73.2446
120.635 83.4336
110.856 92.7542
111.01 93.3829
114.515 98.0957
115.945 98.781
121.141 111.265
118.963 109.567
120.003 109.885
120.443 113.671
120.474 116.73
122.399 117.798
0.456444 127.905
0.044216 7.01144
124.033 9.94659
123.895 23.5269
124.946 27.6847
123.821 39.8502
125.603 45.5654
125.1 45.0375
122.556 45.1702
119.411 45.8831
119.132 46.6578
107.662 51.5189
109.303 55.1969
111.799 59.9758
111.807 64.6965
121.342 81.3405
123.921 81.525
116.699 88.6908
115.51 90.4816
113.372 94.2586
120.316 110.92
2.0036 6.7379
127.126 8.61823
127.543 27.4163
122.694 35.49
124.837 45.4182
120.309 45.3918
119.134 46.731
107.648 52.7331
112.155 65.6219
125.61 81.114
119.914 84.8067
117.048 90.9595
114.502 95.3046
118.631 102.206
122.939 108.454
120.974 108.266
124.221 112.769
0.451796 124.259
127.742 127.004
0.884088 0.505396
2.04116 7.24792
0.261036 26.9406
123.656 31.2212
122.635 32.2912
125.05 44.1603
125.583 42.284
118.903 46.816
113.365 48.2257
108.02 52.1649
111.392 59.9863
112.048 60.7286
122.702 81.7556
124.8 81.6413
118.396 89.1652
123.273 108.383
123.536 106.899
120.366 110.162
119.931 110.194
118.861 110.02
119.625 109.507
125.188 33.3475
125.595 33.6402
124.712 42.6141
112.239 60.334
112.09 65.7544
121.527 79.8382
123.501 82.4128
123.584 81.6971
117.505 89.969
115.57 94.1513
119.283 103.318
118.841 111.675
124.958 112.848
127.889 123.118
4.39395 6.09478
4.21793 6.05252
0.489264 36.112
124.844 45.3605
124.31 45.4281
124.613 42.4139
115.438 46.6431
112.407 51.1528
111.6 59.7638
111.439 61.8877
123.483 108.211
122.791 107.706
0.00432 122.795
2.73832 25.0061
2.606 34.5781
126.867 42.1882
124.332 45.5802
124.176 45.3449
124.53 42.3897
124.805 42.6664
117.829 74.4902
116.463 89.64
121.188 106.438
122.282 107.559
0.50342 117.3
127.276 118.547
124.12 119.999
124.226 120.77
124.742 120.918
0.300144 122.211
0.335876 0.773716
4.40115 12.7311
4.65183 16.2705
3.99102 24.3047
2.63858 25.0535
3.84839 35.1591
117.618 45.2248
117.037 46.0389
116.586 50.1848
112.809 62.0014
121.549 79.9781
124.753 83.9544
124.031 82.4853
124.09 83.3778
116.844 89.5731
123.524 108.03
119.107 110.998
0.231016 122.983
0.125128 0.018536
1.25466 2.15891
4.75059 20.6957
2.56538 25.2193
1.48078 25.8798
125.295 44.4859
124.824 43.0876
123.374 43.7901
117.039 48.5392
122.546 82.5421
124.86 82.8717
120.89 106.454
123.539 108.137
125.14 114.139
4.13204 117.465
0.296056 1.16214
1.51306 2.83079
3.18816 4.47011
4.60236 16.5134
4.64094 21.7296
4.33486 24.0445
3.81859 24.1056
3.56632 24.2825
4.29663 36.4399
124.455 44.7653
124.765 43.0904
124.286 43.1296
117.154 45.7565
111.145 59.8531
114.913 63.8465
125.328 81.7742
125.265 81.7713
123.012 107.881
120.6 111.889
4.40637 117.442
0.661104 123.123
0.266608 122.992
0.035848 122.549
2.47329 4.10188
4.59474 19.4434
4.88063 35.8428
116.967 49.4037
116.85 52.9392
122.674 75.0179
126.8 115.21
1.2406 115.618
10.8303 117.345
1.28564 118.84
0.400984 123.457
5.09706 5.30329
4.92377 8.53271
4.91762 36.3172
1.96642 40.7303
1.37484 41.0486
124.12 42.5619
124.436 42.3978
111.524 61.4172
123.092 74.2555
123.834 82.6135
123.702 82.2328
115.028 92.765
122.82 107.853
122.563 107.429
125.519 109.02
4.3617 117.267
4.33863 31.4113
4.6899 36.124
4.6638 36.1511
4.22621 38.227
124.67 42.1643
121.172 42.9776
116.598 52.7513
111.033 61.3868
115.098 64.977
114.727 93.3211
0.09542 113.644
10.3018 119.377
127.616 123.279
6.19565 22.549
5.60266 37.2301
4.6531 34.4982
124.489 43.0958
118.031 47.3047
120.932 72.1486
114.631 93.4815
117.743 102.829
122.906 107.106
10.5249 117.172
8.02392 20.4059
4.48646 22.9602
5.69658 33.9052
5.14556 36.7453
124.703 43.3056
119.982 45.5252
118.614 47.8132
115.05 56.976
114.058 59.4994
113.692 60.5727
123.244 75.7473
121.99 82.9006
125.069 81.6011
124.528 109.518
124.914 109.586
1.37319 112.234
127.403 122.779
5.37869 1.95694
7.16384 4.20654
4.53885 5.60922
4.95691 5.44956
8.01027 17.4679
5.31811 22.6359
5.34152 22.5623
6.11631 23.962
118.876 52.5692
115.982 63.5116
124.133 78.1087
123.641 81.9572
125.138 81.4039
122.275 81.0525
118.104 86.1512
116.863 89.3436
116.936 90.3628
124.597 109.309
10.4995 117.722
7.85556 4.30106
4.6273 5.1737
7.70354 16.6385
7.73884 20.5264
6.60656 34.6955
119.176 53.4803
116.998 63.5728
124.532 79.8409
124.684 81.2163
122.083 82.7099
124.516 82.8429
123.783 82.4478
117.726 86.3223
114.805 98.9861
116.656 101.84
125.195 109.415
125.214 108.495
7.58182 1.834
11.9136 3.87628
5.94346 9.99249
7.90494 19.3181
8.78627 31.1752
5.97748 36.6714
3.59555 36.9493
3.64969 35.9499
122.376 42.7327
124.165 79.1827
123.252 82.2763
119.214 83.7199
115.822 90.1862
115.552 92.959
117.132 103.237
119.147 105.619
120.742 108.013
124.562 108.383
126.926 112.387
1.36056 112.8
8.17258 3.83181
7.22313 13.2686
8.19786 17.9874
7.95536 19.0674
9.08328 32.3711
119.713 52.2396
117.86 59.4229
119.142 84.0996
117.608 86.9256
118.539 103.698
118.775 104.754
121.258 108.677
0.028864 109.723
9.77746 118.33
11.3 3.83482
9.18999 3.72538
6.96127 5.42573
8.24618 16.5839
121.008 49.289
120.352 51.3571
121.497 85.1762
121.805 85.2215
122.415 85.8806
121.981 82.6977
125.232 82.0906
122.369 81.0343
121.203 82.6259
120.099 104.977
124.997 108.913
125.018 109.915
2.75024 113.728
6.50319 116.747
6.72462 119.101
6.38312 119.398
7.24825 20.4905
8.3787 34.1629
125.885 41.2103
123.015 84.6491
122.016 83.7802
121.732 83.4499
122.533 81.4315
123.408 80.723
121.493 88.6105
120.92 103.831
122.182 109.426
124.993 109.641
8.0972 116.494
10.9099 11.0836
10.383 17.9155
10.4524 18.2158
10.4399 22.0176
12.8822 28.5419
123.526 41.3866
123.938 42.088
120.895 48.7507
123.398 72.9322
122.187 83.2664
122.936 98.9425
8.04616 117.682
7.66853 116.799
8.23607 118.942



