28 0
24 1
32 0
27 0
25 0
27 0
36 0
32 1
26 0
30 0
29 0
29 0
23 0
28 1
27 0
29 0
35 0
27 0
25 0
30 1
28 1
28 0
25 0
27 0
29 0
33 0
32 0
35 1
30 0
26 0
26 0
31 1
34 1
28 0
25 0
27 1
28 1
31 0
26 0
34 1
35 0
34 1
33 0
31 0
30 0
25 0
26 0
31 0
30 2
31 1
32 0
29 0
28 0
31 0
26 0
33 2
32 0
30 0
29 0
26 1
32 0
28 1
20 0
28 0
26 1
25 0
30 1
28 0
25 0
28 0
30 0
26 0
32 0
26 0
25 0
33 1
33 1
29 0
22 0
31 0
31 0
31 2
29 0
29 1
25 0
37 2
31 0
22 0
25 0
33 0
27 0
26 0
32 0
27 0
33 1
32 0
28 0
24 0
30 1
29 0
