0.788899 0.460434
0.737303 0.235895
0.982991 0.735613
1.067180 0.709462
1.228931 0.615866
0.409336 0.639676
0.758655 0.840014
0.271004 1.139081
0.629336 0.275015
0.327333 0.629435
1.004055 1.123015
0.354823 0.262638
0.204685 1.009176
1.157775 1.268821
1.157626 0.586841
0.428302 0.165156
0.472050 0.791034
0.768030 0.625402
0.000527 0.319785
0.043292 1.137670
1.087033 1.187957
0.008182 0.169164
0.664879 0.642974
0.343475 0.814370
0.010021 0.150125
0.060816 0.208801
1.031620 0.655963
0.335267 1.389809
0.909289 1.306227
0.990895 0.328817
1.179804 0.619883
1.405314 0.998656
0.178482 0.234395
1.151264 0.212182
0.221917 0.757391
0.644858 0.523101
1.098677 0.453427
0.146677 1.494732
0.389509 0.063022
0.127365 1.108788
1.059831 0.871934
0.540202 1.153557
1.115338 0.771936
0.831996 1.334695
1.136264 0.661639
0.241117 1.048917
0.237471 0.091379
0.235226 1.433258
0.432744 0.619020
0.967562 0.431885
0.822681 0.595359
1.233994 0.533361
0.720701 0.739062
0.878240 1.171814
0.295304 0.797094
0.415475 1.120924
1.104952 0.157856
0.219577 0.089079
1.144908 1.260977
0.194037 1.044194
0.598365 1.454015
0.301136 0.700335
0.579834 0.025692
0.945140 1.426760
0.781785 1.021468
0.204987 0.210969
1.393559 0.024755
0.021491 1.041760
0.552520 1.309693
0.355129 1.227272
0.478336 0.524843
0.302059 0.056866
0.831230 1.253433
0.574192 0.852983
0.374317 0.054541
0.713427 0.398012
0.828847 0.563561
1.022949 0.635076
1.445053 1.413138
0.568986 0.075978
1.068610 0.840796
1.345010 1.322779
1.431557 0.030364
0.126421 0.349467
1.266649 1.354121
1.054287 0.564705
1.252928 0.199975
1.343523 0.609726
0.960854 1.092001
0.872816 0.212916
0.686570 1.119056
1.340007 0.976563
1.061411 1.420260
0.590568 1.244514
0.229478 0.738260
0.575228 0.609213
0.565169 0.739768
0.430224 0.710362
0.238369 0.819783
0.425379 1.449534
0.494533 0.566349
0.095021 0.635053
0.049695 1.324300
0.376163 1.411114
0.958032 0.385338
0.116535 1.241975
1.427910 0.870323
0.495821 0.749930
1.293997 0.119427
0.831529 0.899685
1.259149 0.157228
1.386216 1.255923
1.419750 0.189671
1.164295 1.359514
0.815572 0.247604
0.077658 0.685456
1.097687 1.072334
0.504211 1.391021
0.351706 1.047381
0.640171 0.289379
0.224876 0.746125
1.281091 0.149545
0.645568 0.530565
0.395960 0.272750
1.471367 0.879163
1.429846 0.412551
0.456184 0.536398
0.111647 0.462811
0.342666 0.140575
1.224658 1.154292
0.745111 0.560064
1.229788 0.362769
0.067248 0.416938
0.404139 0.060229
0.108907 0.082517
0.741817 1.116989
0.950939 1.115786
0.900697 0.274173
0.027130 1.445635
1.199989 0.827624
0.410895 0.983004
1.072547 0.274370
0.829700 0.504454
0.583751 0.090853
1.475187 0.596687
0.572546 0.202393
0.627795 1.435996
1.298024 0.362998
1.142689 0.647004
1.438896 1.353846
0.598035 0.410027
0.720915 0.640064
1.375272 0.410959
1.028619 0.403018
1.104941 0.502976
1.444629 0.763158
0.375481 1.132237
0.470636 0.619957
0.690336 0.802306
1.310187 0.753346
1.447791 1.022557
0.069622 0.764825
0.788576 0.477313
0.365430 0.551645
0.609765 1.406911
0.555850 0.142826
0.055453 1.103779
1.218294 0.792145
0.385671 0.728448
1.167279 0.111085
1.499537 0.497686
0.952007 0.547480
0.447133 0.437920
0.928377 0.795931
0.304067 0.257313
0.157999 1.050069
0.415067 0.502762
0.901312 0.549138
0.284492 1.356249
1.157120 1.434169
0.473451 0.669116
0.028806 0.888650
1.387266 0.913463
0.647857 0.290466
0.769918 0.037143
0.753991 1.409381
1.171735 1.259724
0.859831 1.208724
0.797438 0.324230
0.844976 0.855016
0.659270 0.425259
1.365599 0.908078
0.357315 0.388194
0.458819 0.669079
1.433028 0.081086
0.976610 1.125937
0.186868 0.463152
1.076122 1.073214
0.075592 0.856138
0.129260 1.168811
0.195690 1.251230
0.863918 0.114723
0.990001 0.608465
1.139077 1.286004
0.958939 1.192451
0.538395 0.445921
1.402669 0.928561
0.643002 0.806501
0.503911 1.131855
0.234404 0.455607
0.795611 0.945294
1.088247 0.415786
0.279805 0.939266
0.795674 0.325273
0.514143 0.151557
1.470866 0.130531
0.218763 0.445433
1.398080 1.229791
0.518409 0.521565
0.114276 0.824067
0.849893 1.214149
0.114172 1.318600
0.463691 0.627911
1.368085 0.664404
1.214324 0.912203
1.350750 0.590190
0.200615 0.195377
0.879825 0.687215
1.337119 0.943169
0.494944 0.038695
0.959218 0.615337
0.450508 1.332276
0.893173 0.537577
1.121977 0.348791
0.980254 0.396034
1.155960 1.188760
0.331523 0.207861
