0.507522 0.728130
1.181110 0.573923
0.209917 0.497444
0.591507 1.071898
1.252515 1.089177
0.654155 0.880203
1.383650 1.392921
0.141795 0.607340
0.822371 1.490755
0.105652 1.164112
0.366830 0.548158
0.790141 0.900641
1.053498 1.472008
0.395717 0.177185
1.463758 0.425135
1.409666 0.090877
0.411048 0.836559
0.730150 0.677045
0.045171 1.142816
0.536805 0.897793
0.640881 0.771667
0.804572 0.429790
0.419053 1.344592
1.100087 0.085786
1.217166 1.126190
0.496456 1.180982
0.149390 0.751815
1.222478 0.928395
0.717624 1.191754
0.618955 0.593166
1.097538 0.415497
0.049063 1.114064
0.141099 0.380892
1.349294 1.162371
0.366445 1.485882
0.191263 0.163799
0.301923 1.093440
0.858388 1.064835
0.501983 0.589040
0.172539 1.470302
0.399116 0.160606
1.432947 0.786094
1.203996 0.097242
0.670493 0.884969
0.293577 1.277619
1.190020 0.743309
1.151320 0.058403
0.268007 0.774737
0.869950 0.538082
0.534573 0.785392
0.219280 1.274609
1.350486 0.215673
1.403478 0.652747
1.427220 0.236512
0.212237 0.760312
0.970555 0.353958
1.316895 0.660574
0.090237 0.517032
0.672455 1.225989
1.414969 0.759954
0.604369 0.327392
0.512763 0.471812
1.291588 0.606884
0.988909 0.934595
0.389408 0.732115
0.112367 0.086394
0.043324 1.359652
1.485677 1.124336
0.588238 0.256848
1.002432 1.283099
0.200440 0.538114
0.031473 0.135301
1.001815 0.462087
0.543389 0.163589
0.308609 0.376983
1.140271 1.179966
0.737217 0.497338
0.771094 1.483749
1.365372 0.436780
1.109391 0.704539
1.167548 1.381249
1.081749 0.574818
0.945302 0.023981
0.982277 1.005966
1.214634 0.288733
0.467059 0.641833
0.573315 0.832783
1.088674 1.411258
0.835071 0.350255
1.106037 0.257023
0.595296 0.963365
0.974211 0.248640
1.147914 0.211201
0.923835 1.301943
0.518787 1.431700
0.451529 0.108783
0.069878 0.053649
0.219743 1.480196
1.364193 1.038534
0.260068 1.087180
0.982227 0.719105
1.015825 0.466156
0.063067 1.345374
0.475080 1.480487
1.075912 0.559284
0.320930 0.226784
0.636412 1.070288
0.191053 1.415616
1.287081 0.995593
0.923010 0.055346
0.262531 1.254657
0.019923 0.744802
0.646437 0.463799
0.147344 1.192751
0.336328 1.169504
0.756494 1.393093
0.161428 0.306747
0.335464 0.041410
1.065602 0.148488
0.355059 1.324034
0.584240 1.209283
1.277406 0.414576
0.229826 0.855148
1.276323 1.300984
1.306345 0.765945
1.091224 1.470330
0.007047 0.315947
1.495310 1.355121
1.451549 1.493549
0.231858 0.802990
1.067765 1.074043
0.086948 0.127830
0.765767 1.143829
0.061173 0.088263
0.728777 0.199213
1.289945 0.105960
0.788899 0.460434
0.737303 0.235895
0.982991 0.735613
1.067180 0.709462
1.228931 0.615866
0.409336 0.639676
0.758655 0.840014
0.271004 1.139081
0.629336 0.275015
0.327333 0.629435
1.004055 1.123015
0.354823 0.262638
0.204685 1.009176
1.157775 1.268821
1.157626 0.586841
0.428302 0.165156
0.472050 0.791034
0.768030 0.625402
0.000527 0.319785
0.043292 1.137670
1.087033 1.187957
0.008182 0.169164
0.664879 0.642974
0.343475 0.814370
0.010021 0.150125
0.060816 0.208801
1.031620 0.655963
0.335267 1.389809
0.909289 1.306227
0.990895 0.328817
1.179804 0.619883
1.405314 0.998656
0.178482 0.234395
1.151264 0.212182
0.221917 0.757391
0.644858 0.523101
1.098677 0.453427
0.146677 1.494732
0.389509 0.063022
0.127365 1.108788
1.059831 0.871934
0.540202 1.153557
1.115338 0.771936
0.831996 1.334695
1.136264 0.661639
0.241117 1.048917
0.237471 0.091379
0.235226 1.433258
0.432744 0.619020
0.967562 0.431885
0.822681 0.595359
1.233994 0.533361
0.720701 0.739062
0.878240 1.171814
0.295304 0.797094
0.415475 1.120924
1.104952 0.157856
0.219577 0.089079
1.144908 1.260977
0.194037 1.044194
0.598365 1.454015
0.301136 0.700335
0.579834 0.025692
0.945140 1.426760
0.781785 1.021468
0.204987 0.210969
1.393559 0.024755
0.021491 1.041760
0.552520 1.309693
0.355129 1.227272
0.478336 0.524843
0.302059 0.056866
0.831230 1.253433
0.574192 0.852983
0.374317 0.054541
0.713427 0.398012
0.828847 0.563561
1.022949 0.635076
1.445053 1.413138
0.568986 0.075978
1.068610 0.840796
1.345010 1.322779
1.431557 0.030364
0.126421 0.349467
1.266649 1.354121
1.054287 0.564705
1.252928 0.199975
1.343523 0.609726
0.960854 1.092001
0.872816 0.212916
0.686570 1.119056
1.340007 0.976563
1.061411 1.420260
0.590568 1.244514
0.229478 0.738260
0.575228 0.609213
0.565169 0.739768
0.430224 0.710362
0.238369 0.819783
0.425379 1.449534
0.494533 0.566349
0.095021 0.635053
0.049695 1.324300
0.376163 1.411114
0.958032 0.385338
0.116535 1.241975
1.427910 0.870323
0.495821 0.749930
1.293997 0.119427
0.831529 0.899685
1.259149 0.157228
1.386216 1.255923
1.419750 0.189671
1.164295 1.359514
0.815572 0.247604
0.077658 0.685456
1.097687 1.072334
0.504211 1.391021
0.351706 1.047381
0.640171 0.289379
0.224876 0.746125
1.281091 0.149545
0.645568 0.530565
0.395960 0.272750
1.471367 0.879163
1.429846 0.412551
0.456184 0.536398
0.111647 0.462811
0.342666 0.140575
1.224658 1.154292
0.745111 0.560064
1.229788 0.362769
0.067248 0.416938
0.404139 0.060229
0.108907 0.082517
0.741817 1.116989
0.950939 1.115786
0.900697 0.274173
0.027130 1.445635
1.199989 0.827624
0.410895 0.983004
1.072547 0.274370
0.829700 0.504454
0.583751 0.090853
1.475187 0.596687
0.572546 0.202393
0.627795 1.435996
1.298024 0.362998
1.142689 0.647004
1.438896 1.353846
0.598035 0.410027
0.720915 0.640064
1.375272 0.410959
1.028619 0.403018
1.104941 0.502976
1.444629 0.763158
0.375481 1.132237
0.470636 0.619957
0.690336 0.802306
1.310187 0.753346
1.447791 1.022557
0.069622 0.764825
0.788576 0.477313
0.365430 0.551645
0.609765 1.406911
0.555850 0.142826
0.055453 1.103779
1.218294 0.792145
0.385671 0.728448
1.167279 0.111085
1.499537 0.497686
0.952007 0.547480
0.447133 0.437920
0.928377 0.795931
0.304067 0.257313
0.157999 1.050069
0.415067 0.502762
0.901312 0.549138
0.284492 1.356249
1.157120 1.434169
0.473451 0.669116
0.028806 0.888650
1.387266 0.913463
0.647857 0.290466
0.769918 0.037143
0.753991 1.409381
1.171735 1.259724
0.859831 1.208724
0.797438 0.324230
0.844976 0.855016
0.659270 0.425259
1.365599 0.908078
0.357315 0.388194
0.458819 0.669079
1.433028 0.081086
0.976610 1.125937
0.186868 0.463152
1.076122 1.073214
0.075592 0.856138
0.129260 1.168811
0.195690 1.251230
0.863918 0.114723
0.990001 0.608465
1.139077 1.286004
0.958939 1.192451
0.538395 0.445921
1.402669 0.928561
0.643002 0.806501
0.503911 1.131855
0.234404 0.455607
0.795611 0.945294
1.088247 0.415786
0.279805 0.939266
0.795674 0.325273
0.514143 0.151557
1.470866 0.130531
0.218763 0.445433
1.398080 1.229791
0.518409 0.521565
0.114276 0.824067
0.849893 1.214149
0.114172 1.318600
0.463691 0.627911
1.368085 0.664404
1.214324 0.912203
1.350750 0.590190
0.200615 0.195377
0.879825 0.687215
1.337119 0.943169
0.494944 0.038695
0.959218 0.615337
0.450508 1.332276
0.893173 0.537577
1.121977 0.348791
0.980254 0.396034
1.155960 1.188760
0.331523 0.207861
1.065988 0.863670
0.348139 0.942380
0.008432 0.734437
0.397132 1.287134
1.027051 0.688563
0.314943 0.146553
0.055494 0.529662
0.615039 0.510121
1.038490 0.082062
1.496733 0.208672
1.386276 1.179777
0.097173 1.343064
0.656621 0.657582
0.645310 1.018424
1.427046 0.684091
1.493652 0.010660
0.448306 0.781415
0.235711 0.361581
0.563534 1.435382
0.908133 0.523005
1.123179 0.778881
1.114413 1.344959
0.221219 1.106517
0.270769 1.239643
1.305008 0.285606
0.830686 0.834362
1.145108 0.916979
0.470736 0.944007
0.508164 0.543639
1.446921 0.905646
0.989542 1.318303
0.241366 0.545954
0.954197 0.431788
0.719964 0.577365
0.853589 0.856051
1.372968 0.021183
1.160696 0.249169
0.811391 0.275387
0.506766 0.220205
0.835694 0.667106
0.009753 1.306884
0.759466 0.816017
1.372266 0.683581
0.189082 0.936962
0.544944 0.442296
1.477091 0.408221
1.098395 0.490147
1.258998 0.097653
0.332654 1.390602
0.632709 1.214088
0.949276 0.992184
0.130992 0.829614
0.247142 0.926671
1.461074 0.930697
0.688980 0.410711
1.063097 0.439949
1.091654 0.233560
0.175025 0.112202
0.657552 0.022625
0.924617 0.509569
0.265571 0.342611
1.094363 0.015045
0.977531 0.765762
0.613068 0.214601
0.760119 0.747542
0.532423 1.268244
0.302549 0.609989
1.465721 0.478569
0.431597 0.322558
0.210459 1.394359
1.066528 0.591256
0.853493 0.405859
1.307309 0.877962
0.772432 1.283943
1.442943 0.578459
0.879857 1.447671
0.212916 0.399310
1.190119 1.485022
0.678181 0.483926
1.274553 1.295277
1.265340 0.786198
0.412806 0.592846
1.027509 0.298256
0.781597 1.051345
1.205133 0.463676
1.388845 0.165476
0.742779 1.144709
0.445649 1.424445
1.304039 1.462384
0.541282 0.887938
0.785672 1.154076
0.387078 0.716797
0.575906 0.068599
1.451636 0.377418
1.285652 0.092433
1.238595 0.917839
1.184050 1.294687
0.943244 0.826479
0.619392 0.708477
0.079664 0.891505
1.000443 1.373817
0.053353 1.057254
0.330593 1.483278
0.431417 1.478216
0.464934 0.170616
1.217871 1.080748
0.757698 1.152258
0.890020 0.535370
0.007802 1.386758
0.294507 0.871791
1.385149 0.891486
1.479325 1.153885
0.251123 1.054543
0.789545 0.957382
1.448783 1.306649
0.474620 0.993886
1.368210 0.302481
1.050275 0.791596
0.142094 0.976463
0.210635 1.470916
0.810932 1.356624
1.422149 0.584338
0.853982 0.204192
0.685369 0.351387
0.292372 0.549640
0.374438 1.109404
0.473792 0.486394
