0
0.000355356
0.000710713
0.00106607
0.00142143
0.00177678
0.00213214
0.0024875
0.00284285
0.00319821
0.00355356
0.00390892
0.00426428
0.00461963
0.00497499
0.00533035
0.0056857
0.00604106
0.00639642
0.00675177
0.00710713
0.00746249
0.00781784
0.0081732
0.00852856
0.00888391
0.00923927
0.00959462
0.00994998
0.0103053
0.0106607
0.0110161
0.0113714
0.0117268
0.0120821
0.0124375
0.0127928
0.0131482
0.0135035
0.0138589
0.0142143
0.0145696
0.014925
0.0152803
0.0156357
0.015991
0.0163464
0.0167018
0.0170571
0.0174125
0.0177678
0.0181232
0.0184785
0.0188339
0.0191892
0.0195446
0.0199
0.0202553
0.0206107
0.020966
0.0213214
0.0216767
0.0220321
0.0223875
0.0227428
0.0230982
0.0234535
0.0238089
0.0241642
0.0245196
0.024875
0.0252303
0.0255857
0.025941
0.0262964
0.0266517
0.0270071
0.0273624
0.0277178
0.0280732
0.0284285
0.0287839
0.0291392
0.0294946
0.0298499
0.0302053
0.0305607
0.030916
0.0312714
0.0316267
0.0319821
0.0323374
0.0326928
0.0330482
0.0334035
0.0337589
0.0341142
0.0344696
0.0348249
0.0351803
0.0355356
0.035891
0.0362464
0.0366017
0.0369571
0.0373124
0.0376678
0.0380231
0.0383785
0.0387339
0.0390892
0.0394446
0.0397999
0.0401553
0.0405106
0.040866
0.0412214
0.0415767
0.0419321
0.0422874
0.0426428
0.0429981
0.0433535
0.0437088
0.0440642
0.0444196
0.0447749
0.0451303
0.0454856
0.045841
0.0461963
0.0465517
0.0469071
0.0472624
0.0476178
0.0479731
0.0483285
0.0486838
0.0490392
0.0493946
0.0497499
0.0501053
0.0504606
0.050816
0.0511713
0.0515267
0.051882
0.0522374
0.0525928
0.0529481
0.0533035
0.0536588
0.0540142
0.0543695
0.0547249
0.0550803
0.0554356
0.055791
0.0561463
0.0565017
0.056857
0.0572124
0.0575677
0.0579231
0.0582785
0.0586338
0.0589892
0.0593445
0.0596999
0.0600552
0.0604106
0.060766
0.0611213
0.0614767
0.061832
0.0621874
0.0625427
0.0628981
0.0632535
0.0636088
0.0639642
0.0643195
0.0646749
0.0650302
0.0653856
0.0657409
0.0660963
0.0664517
0.066807
0.0671624
0.0675177
0.0678731
0.0682284
0.0685838
0.0689392
0.0692945
0.0696499
0.0700052
0.0703606
0.0707159
0.0710713
0.0714267
0.071782
0.0721374
0.0724927
0.0728481
0.0732034
0.0735588
0.0739141
0.0742695
0.0746249
0.0749802
0.0753356
0.0756909
0.0760463
0.0764016
0.076757
0.0771124
0.0774677
0.0778231
0.0781784
0.0785338
0.0788891
0.0792445
0.0795999
0.0799552
0.0803106
0.0806659
0.0810213
0.0813766
0.081732
0.0820873
0.0824427
0.0827981
0.0831534
0.0835088
0.0838641
0.0842195
0.0845748
0.0849302
0.0852856
0.0856409
0.0859963
0.0863516
0.086707
0.0870623
0.0874177
0.0877731
0.0881284
0.0884838
0.0888391
0.0891945
0.0895498
0.0899052
0.0902605
0.0906159
0.0909713
0.0913266
0.091682
0.0920373
0.0923927
0.092748
0.0931034
0.0934588
0.0938141
0.0941695
0.0945248
0.0948802
0.0952355
0.0955909
0.0959462
0.0963016
0.096657
0.0970123
0.0973677
0.097723
0.0980784
0.0984337
0.0987891
0.0991445
0.0994998
0.0998552
0.100211
0.100566
0.100921
0.101277
0.101632
0.101987
0.102343
0.102698
0.103053
0.103409
0.103764
0.104119
0.104475
0.10483
0.105186
0.105541
0.105896
0.106252
0.106607
0.106962
0.107318
0.107673
0.108028
0.108384
0.108739
0.109094
0.10945
0.109805
0.110161
0.110516
0.110871
0.111227
0.111582
0.111937
0.112293
0.112648
0.113003
0.113359
0.113714
0.114069
0.114425
0.11478
0.115135
0.115491
0.115846
0.116202
0.116557
0.116912
0.117268
0.117623
0.117978
0.118334
0.118689
0.119044
0.1194
0.119755
0.12011
0.120466
0.120821
0.121177
0.121532
0.121887
0.122243
0.122598
0.122953
0.123309
0.123664
0.124019
0.124375
0.12473
0.125085
0.125441
0.125796
0.126152
0.126507
0.126862
0.127218
0.127573
0.127928
0.128284
0.128639
0.128994
0.12935
0.129705
0.13006
0.130416
0.130771
0.131127
0.131482
0.131837
0.132193
0.132548
0.132903
0.133259
0.133614
0.133969
0.134325
0.13468
0.135035
0.135391
0.135746
0.136102
0.136457
0.136812
0.137168
0.137523
0.137878
0.138234
0.138589
0.138944
0.1393
0.139655
0.14001
0.140366
0.140721
0.141077
0.141432
0.141787
0.142143
0.142498
0.142853
0.143209
0.143564
0.143919
0.144275
0.14463
0.144985
0.145341
0.145696
0.146052
0.146407
0.146762
0.147118
0.147473
0.147828
0.148184
0.148539
0.148894
0.14925
0.149605
0.14996
0.150316
0.150671
0.151027
0.151382
0.151737
0.152093
0.152448
0.152803
0.153159
0.153514
0.153869
0.154225
0.15458
0.154935
0.155291
0.155646
0.156001
0.156357
0.156712
0.157068
0.157423
0.157778
0.158134
0.158489
0.158844
0.1592
0.159555
0.15991
0.160266
0.160621
0.160976
0.161332
0.161687
0.162043
0.162398
0.162753
0.163109
0.163464
0.163819
0.164175
0.16453
0.164885
0.165241
0.165596
0.165951
0.166307
0.166662
0.167018
0.167373
0.167728
0.168084
0.168439
0.168794
0.16915
0.169505
0.16986
0.170216
0.170571
0.170926
0.171282
0.171637
0.171993
0.172348
0.172703
0.173059
0.173414
0.173769
0.174125
0.17448
0.174835
0.175191
0.175546
0.175901
0.176257
0.176612
0.176968
0.177323
0.177678
0.178034
0.178389
0.178744
0.1791
0.179455
0.17981
0.180166
0.180521
0.180876
0.181232
0.181587
0.181943
