0
0.000723209
0.00144642
0.00216963
0.00289284
0.00361605
0.00433926
0.00506247
0.00578568
0.00650889
0.00723209
0.0079553
0.00867851
0.00940172
0.0101249
0.0108481
0.0115714
0.0122946
0.0130178
0.013741
0.0144642
0.0151874
0.0159106
0.0166338
0.017357
0.0180802
0.0188034
0.0195267
0.0202499
0.0209731
0.0216963
0.0224195
0.0231427
0.0238659
0.0245891
0.0253123
0.0260355
0.0267588
0.027482
0.0282052
0.0289284
0.0296516
0.0303748
0.031098
0.0318212
0.0325444
0.0332676
0.0339908
0.0347141
0.0354373
0.0361605
0.0368837
0.0376069
0.0383301
0.0390533
0.0397765
0.0404997
0.0412229
0.0419461
0.0426694
0.0433926
0.0441158
0.044839
0.0455622
0.0462854
0.0470086
0.0477318
0.048455
0.0491782
0.0499015
0.0506247
0.0513479
0.0520711
0.0527943
0.0535175
0.0542407
0.0549639
0.0556871
0.0564103
0.0571335
0.0578568
0.05858
0.0593032
0.0600264
0.0607496
0.0614728
0.062196
0.0629192
0.0636424
0.0643656
0.0650889
0.0658121
0.0665353
0.0672585
0.0679817
0.0687049
0.0694281
0.0701513
0.0708745
0.0715977
0.0723209
0.0730442
0.0737674
0.0744906
0.0752138
0.075937
0.0766602
0.0773834
0.0781066
0.0788298
0.079553
0.0802763
0.0809995
0.0817227
0.0824459
0.0831691
0.0838923
0.0846155
0.0853387
0.0860619
0.0867851
0.0875083
0.0882316
0.0889548
0.089678
0.0904012
0.0911244
0.0918476
0.0925708
0.093294
0.0940172
0.0947404
0.0954637
0.0961869
0.0969101
0.0976333
0.0983565
0.0990797
0.0998029
0.100526
0.101249
0.101973
0.102696
0.103419
0.104142
0.104865
0.105589
0.106312
0.107035
0.107758
0.108481
0.109205
0.109928
0.110651
0.111374
0.112097
0.112821
0.113544
0.114267
0.11499
0.115714
0.116437
0.11716
0.117883
0.118606
0.11933
0.120053
0.120776
0.121499
0.122222
0.122946
0.123669
0.124392
0.125115
0.125838
0.126562
0.127285
0.128008
0.128731
0.129454
0.130178
0.130901
0.131624
0.132347
0.133071
0.133794
0.134517
0.13524
0.135963
0.136687
0.13741
0.138133
0.138856
0.139579
0.140303
0.141026
0.141749
0.142472
0.143195
0.143919
0.144642
0.145365
0.146088
0.146812
0.147535
0.148258
0.148981
0.149704
0.150428
0.151151
0.151874
0.152597
0.15332
0.154044
0.154767
0.15549
0.156213
0.156936
0.15766
0.158383
0.159106
0.159829
0.160553
0.161276
0.161999
0.162722
0.163445
0.164169
0.164892
0.165615
0.166338
0.167061
0.167785
0.168508
0.169231
0.169954
0.170677
0.171401
0.172124
0.172847
0.17357
0.174293
0.175017
0.17574
0.176463
0.177186
0.17791
0.178633
0.179356
0.180079
0.180802
0.181526
0.182249
0.182972
0.183695
0.184418
0.185142
0.185865
0.186588
0.187311
0.188034
0.188758
0.189481
0.190204
0.190927
0.191651
0.192374
0.193097
0.19382
0.194543
0.195267
0.19599
0.196713
0.197436
0.198159
0.198883
0.199606
0.200329
0.201052
0.201775
0.202499
0.203222
0.203945
0.204668
0.205391
0.206115
0.206838
0.207561
0.208284
0.209008
0.209731
0.210454
0.211177
0.2119
0.212624
0.213347
0.21407
0.214793
0.215516
0.21624
0.216963
0.217686
0.218409
0.219132
0.219856
0.220579
0.221302
0.222025
0.222749
0.223472
0.224195
0.224918
0.225641
0.226365
0.227088
0.227811
0.228534
0.229257
0.229981
0.230704
0.231427
0.23215
0.232873
0.233597
0.23432
0.235043
0.235766
0.236489
0.237213
0.237936
0.238659
0.239382
0.240106
0.240829
0.241552
0.242275
0.242998
0.243722
0.244445
0.245168
0.245891
0.246614
0.247338
0.248061
0.248784
0.249507
0.25023
0.250954
0.251677
0.2524
0.253123
0.253847
0.25457
0.255293
0.256016
0.256739
0.257463
0.258186
0.258909
0.259632
0.260355
0.261079
0.261802
0.262525
0.263248
0.263971
0.264695
0.265418
0.266141
0.266864
0.267588
0.268311
0.269034
0.269757
0.27048
0.271204
0.271927
0.27265
0.273373
0.274096
0.27482
0.275543
0.276266
0.276989
0.277712
0.278436
0.279159
0.279882
0.280605
0.281328
0.282052
0.282775
0.283498
0.284221
0.284945
0.285668
0.286391
0.287114
0.287837
0.288561
0.289284
0.290007
0.29073
0.291453
0.292177
0.2929
0.293623
0.294346
0.295069
0.295793
0.296516
0.297239
0.297962
0.298686
0.299409
0.300132
0.300855
0.301578
0.302302
0.303025
0.303748
0.304471
0.305194
0.305918
0.306641
0.307364
0.308087
0.30881
0.309534
0.310257
0.31098
0.311703
0.312426
0.31315
0.313873
0.314596
0.315319
0.316043
0.316766
0.317489
0.318212
0.318935
0.319659
0.320382
0.321105
0.321828
0.322551
0.323275
0.323998
0.324721
0.325444
0.326167
0.326891
0.327614
0.328337
0.32906
0.329784
0.330507
0.33123
0.331953
0.332676
0.3334
0.334123
0.334846
0.335569
0.336292
0.337016
0.337739
0.338462
0.339185
0.339908
0.340632
0.341355
0.342078
0.342801
0.343524
0.344248
0.344971
0.345694
0.346417
0.347141
0.347864
0.348587
0.34931
0.350033
0.350757
0.35148
0.352203
0.352926
0.353649
0.354373
0.355096
0.355819
0.356542
0.357265
0.357989
0.358712
0.359435
0.360158
0.360882
0.361605
0.362328
0.363051
0.363774
0.364498
0.365221
0.365944
0.366667
0.36739
0.368114
0.368837
0.36956
0.370283
