0 0 0 625 1250 1250 625 0 0 625 625 625 0 0 0 0 0 0 0 0 0 0 0 0 0 0 0 0 625 625 625 0 0 625 625 625 0 0 0 0 0 0 0 0 0 0 0 625 625 0 
0 0 0 625 1250 1875 1250 625 0 625 625 625 625 625 625 0 0 0 0 0 0 0 0 0 625 625 625 0 625 625 625 0 0 625 625 1250 1250 1250 625 0 0 0 625 625 625 0 0 625 625 0 
0 0 0 0 0 625 625 625 0 0 0 0 625 625 625 0 0 0 0 0 625 1250 625 625 625 625 625 625 1250 1250 625 0 0 0 0 625 1250 1250 625 0 0 0 625 625 625 0 0 625 625 0 
0 625 625 625 0 625 625 625 0 0 625 625 1250 625 1250 625 0 0 0 0 625 1250 625 625 625 625 1250 1250 625 625 0 0 0 0 0 1250 1250 1875 625 625 625 625 625 625 625 0 0 0 0 0 
0 625 625 625 0 0 0 0 0 0 625 625 625 0 625 625 0 0 0 0 625 625 0 0 0 0 625 625 0 0 0 0 0 625 625 1250 625 1250 625 625 625 625 625 625 625 0 0 0 625 625 
0 0 0 0 0 0 625 625 625 0 625 625 625 0 625 625 0 0 0 0 0 0 0 0 0 0 625 625 0 0 0 0 0 625 625 1250 625 1250 625 625 625 625 625 625 625 0 0 0 625 625 
0 625 625 625 0 1250 1875 1875 625 0 0 0 0 625 1250 1250 0 0 0 0 0 0 0 0 625 625 0 0 0 0 0 0 625 1875 1875 1250 0 0 0 0 625 625 625 0 0 0 0 0 625 625 
0 1250 1250 1250 0 1250 1875 1875 625 0 0 0 0 625 1875 1875 0 0 0 0 0 0 0 1250 1875 1875 625 625 0 0 0 0 625 1875 1875 1250 0 0 0 0 625 625 625 0 0 0 625 625 625 0 
0 1250 1250 1250 0 0 0 0 0 0 0 0 0 625 1250 1250 0 0 0 0 0 0 0 1250 1875 1875 625 625 0 0 625 625 0 625 625 625 625 625 625 0 0 0 0 0 625 625 625 625 625 0 
625 1250 1250 625 0 0 0 625 625 625 0 0 0 0 0 0 0 0 0 0 0 0 625 625 0 625 1250 1250 0 0 625 625 0 625 625 625 625 625 625 0 0 0 0 0 625 625 0 0 0 0 
625 625 625 625 625 1250 625 1250 625 625 0 0 0 0 0 0 0 0 0 625 625 625 625 625 0 1250 1250 1250 0 0 625 625 0 0 0 0 625 625 625 0 0 0 0 0 625 1250 625 0 0 0 
1250 1250 1250 625 625 1250 625 1875 1250 1250 0 625 625 625 0 0 0 625 625 625 625 625 625 625 0 625 625 625 0 0 0 0 0 625 625 625 625 625 625 625 625 625 0 0 0 1250 1250 625 0 0 
1875 1875 1875 625 625 1250 625 1875 1250 1250 0 625 625 625 0 0 0 625 625 0 0 0 0 625 625 625 625 625 0 0 0 0 0 625 625 625 625 625 625 625 625 625 0 0 0 1250 1250 625 0 0 
1875 1875 1875 0 625 625 625 625 625 625 0 0 0 0 0 625 625 1250 625 625 1250 1250 625 1250 1250 0 0 0 0 0 0 625 625 625 0 0 1250 1250 625 0 0 0 0 0 0 625 625 1250 625 0 
1250 1250 1250 0 625 625 625 625 625 625 0 0 0 625 625 1250 1250 1250 625 1250 1875 2500 1250 625 625 0 0 0 0 0 0 625 625 625 0 0 625 625 0 0 0 0 0 625 625 0 0 625 625 0 
625 625 0 0 625 625 625 0 0 0 0 0 0 625 625 625 1250 1875 1875 2500 1875 3125 1875 1250 1250 1250 625 0 0 0 0 0 0 0 0 0 0 0 0 0 0 0 0 625 625 0 0 625 625 0 
625 625 0 625 625 625 0 0 0 0 0 0 0 0 0 0 1875 2500 1875 1875 1250 2500 1250 625 625 1250 625 0 0 0 0 0 0 0 0 0 625 625 625 0 0 0 0 625 625 625 625 0 0 0 
625 625 0 1250 1250 1250 0 0 0 0 0 0 0 625 625 625 625 1250 625 625 0 0 0 625 625 625 0 0 0 0 0 0 0 0 0 0 625 1250 1250 0 0 0 625 625 625 625 625 0 0 0 
625 1875 1250 2500 1250 1875 625 625 0 0 0 0 0 625 625 625 625 625 0 625 625 0 0 625 625 625 0 625 625 0 0 0 0 0 0 0 0 625 625 0 625 625 625 625 625 0 0 0 0 0 
625 1875 1250 1875 625 1250 625 625 0 0 0 0 625 625 625 0 0 0 0 625 625 0 0 625 625 625 0 625 625 0 0 0 0 0 0 0 0 0 0 0 625 625 625 625 625 625 625 1250 625 0 
625 1250 625 625 0 625 625 625 1875 1875 1250 0 625 625 625 0 1250 1250 625 625 625 0 0 0 0 625 625 1250 625 0 0 0 0 0 0 0 0 0 0 0 625 625 0 0 0 625 1250 1875 1250 0 
0 0 0 0 0 0 0 0 1875 1875 1250 0 0 625 625 0 1250 1250 625 0 625 625 0 0 0 625 625 625 0 0 0 0 0 0 0 0 0 0 0 0 0 0 0 0 0 625 1250 1250 625 0 
0 0 0 0 0 0 0 0 1250 1250 1250 0 625 1250 625 0 1250 1250 625 0 625 625 0 0 0 1250 1250 1250 0 0 0 0 0 0 0 0 625 625 0 0 0 0 0 0 0 0 0 0 0 0 
0 0 0 0 0 0 625 625 625 0 0 0 625 625 0 0 0 0 0 0 1250 1250 0 625 625 1250 625 625 0 0 0 0 0 0 0 0 1250 1250 0 0 0 0 0 0 0 0 0 0 0 0 
625 625 0 0 0 0 625 625 625 0 0 0 625 625 0 0 0 625 625 1250 1250 1250 0 625 625 625 625 625 625 0 0 0 0 0 0 0 625 625 0 0 0 0 0 0 0 625 625 625 0 0 
625 625 0 0 0 0 625 625 625 1250 1250 1250 0 0 1250 1250 625 625 625 1250 625 625 0 0 0 0 625 625 625 0 625 625 1250 625 625 0 625 625 0 0 0 0 0 0 0 625 625 625 0 0 
625 625 0 0 0 0 0 625 625 1250 1250 1250 0 0 1250 1875 1250 1250 1250 1875 1250 625 0 0 0 0 625 625 1250 625 1250 625 1250 625 625 0 0 0 0 0 625 625 625 625 625 0 0 0 0 0 
0 0 625 625 625 0 0 625 625 1250 1250 1250 0 0 1250 1875 1250 1250 1250 1250 625 0 0 0 0 0 0 625 1250 1250 1250 625 625 0 0 0 0 0 0 1250 1875 625 625 625 625 0 0 0 0 0 
0 0 625 625 625 625 625 625 0 0 0 0 0 0 0 625 1250 1875 1875 1250 625 625 625 625 0 0 0 625 1250 1250 625 0 0 0 0 0 0 625 625 1875 1875 625 625 625 625 0 0 0 0 0 
0 0 625 625 625 625 625 1250 625 625 0 0 0 0 0 0 625 1250 1250 0 0 625 625 625 0 0 0 0 0 0 0 0 0 0 0 0 0 625 625 1875 1250 0 625 625 625 0 0 0 0 0 
0 0 0 0 0 0 0 625 625 625 0 625 625 625 0 0 625 1875 1875 0 0 625 625 625 0 625 625 625 0 0 0 0 0 0 0 0 625 625 0 0 0 0 625 625 625 0 625 625 625 0 
0 0 0 0 0 0 0 0 0 0 0 625 1250 1875 625 0 0 625 625 625 625 625 0 625 625 1250 625 625 0 0 0 0 0 0 0 625 1875 1250 1250 625 625 0 625 625 625 0 625 625 625 0 
0 0 0 0 0 0 0 0 0 625 625 1250 1250 1875 625 0 0 625 625 1250 1250 625 0 625 625 625 0 0 0 0 0 0 0 0 0 625 2500 1875 1250 625 625 0 0 0 0 0 625 625 625 0 
0 0 0 0 0 0 0 0 0 625 625 625 1250 1250 0 0 0 0 0 625 1875 1250 625 625 625 625 0 0 0 0 0 0 0 0 0 0 1250 1250 625 0 0 0 0 0 0 0 0 0 0 0 
0 0 0 0 0 0 0 625 625 625 0 0 625 625 0 0 0 625 625 625 1250 1250 1250 625 625 0 625 1250 1250 625 0 0 0 0 625 625 1250 625 0 0 0 0 0 0 0 0 625 625 0 0 
0 0 0 0 625 625 0 625 625 625 0 0 625 1250 1250 1250 625 1250 625 625 625 625 1250 625 625 0 625 1250 1250 625 0 0 0 0 1250 1250 1250 0 625 625 625 0 0 0 0 0 625 625 0 0 
0 0 0 0 625 625 0 625 625 625 625 625 1250 1250 1250 1250 625 625 0 0 625 625 1250 625 1250 625 1250 625 625 0 0 0 0 0 1250 1250 1250 0 625 625 625 625 625 625 0 0 0 0 0 0 
0 0 625 625 1250 1250 625 625 0 0 625 625 625 625 625 1250 625 625 625 625 1875 1250 1250 0 625 625 625 0 0 0 0 0 0 0 625 625 625 0 625 625 1875 2500 2500 625 625 625 625 625 625 0 
0 0 625 625 625 625 625 625 0 0 0 0 0 0 0 0 0 0 625 1250 2500 1875 1250 0 0 0 625 625 625 0 0 0 0 0 0 0 0 0 625 625 1875 2500 2500 625 625 625 625 625 625 0 
0 0 625 625 625 0 0 0 0 0 625 625 625 0 0 0 0 0 625 1875 1875 1250 0 0 0 625 1250 625 625 625 625 0 0 0 0 0 0 625 1250 625 1250 1250 1250 0 625 625 625 625 625 0 
0 0 0 0 625 1250 625 625 0 0 625 625 625 0 0 0 625 625 625 625 625 625 0 0 0 625 1250 625 625 625 625 0 0 0 0 0 0 625 625 0 0 0 0 0 0 0 0 0 0 0 
0 0 625 1250 1875 1875 625 625 0 0 625 625 625 0 0 0 625 625 625 625 625 625 0 0 0 625 625 0 0 0 0 0 0 0 0 0 0 625 625 0 0 0 0 625 625 625 0 0 0 0 
0 0 625 1250 1875 1875 625 625 0 0 625 625 625 0 0 0 0 0 0 0 0 0 0 625 625 625 0 0 0 0 0 0 0 0 0 0 0 0 0 0 0 0 0 625 625 625 0 0 0 0 
0 0 625 1250 1250 625 0 0 0 0 625 625 625 0 0 0 0 0 625 1250 1250 0 0 625 625 625 0 0 0 0 625 1250 625 625 0 0 0 0 0 0 0 0 625 625 625 0 0 0 0 0 
0 0 0 0 0 0 0 0 0 0 0 0 625 625 625 0 0 0 625 1250 1875 625 625 625 625 625 0 0 0 625 1250 1250 625 625 0 0 0 0 0 0 625 625 1250 625 625 0 0 0 0 0 
625 625 0 0 0 0 0 0 0 0 0 0 625 625 625 0 0 0 625 1250 1875 625 625 0 0 0 0 0 0 1875 1875 1250 1250 1250 0 0 0 0 0 625 1250 1250 1250 625 625 0 0 0 0 0 
1250 1875 625 625 0 625 625 0 0 0 0 0 1250 1250 1250 0 0 0 0 0 625 625 625 0 625 625 0 625 625 1875 1250 625 625 625 0 0 0 0 0 625 1250 1250 625 625 625 1250 625 625 0 0 
625 1250 625 1250 625 625 625 0 0 0 0 0 625 625 625 0 0 0 625 625 625 0 0 0 625 625 0 625 1250 1875 625 625 1250 1250 625 0 0 0 0 0 0 0 0 625 625 1250 625 625 0 0 
625 1250 625 1250 625 0 0 0 0 0 0 0 625 625 625 625 625 625 625 625 625 0 0 0 625 625 0 0 625 625 0 0 625 625 625 0 0 0 0 0 0 0 0 625 625 1250 625 625 0 0 
0 0 0 625 625 0 0 0 0 0 0 0 0 0 0 625 625 625 625 625 625 0 0 0 0 0 0 0 625 625 0 0 0 0 0 0 0 0 0 0 0 0 0 0 0 0 0 0 0 0 
