0.341163 1.01051 2.46149 4.68523 6.72738 7.22327 5.94652 4.19289 3.34198 3.48465 3.66823 3.28095 2.6192 2.05898 1.53724 0.969946 0.495131 0.260397 0.302225 0.586945 1.01187 1.40582 1.64255 1.75512 1.85553 2.03279 2.44278 3.16501 3.7813 3.62756 2.72478 1.95859 2.12861 3.14546 4.27742 4.96216 5.03363 4.3913 3.14187 1.86007 1.16874 1.25357 1.8327 2.33836 2.40347 2.32817 2.57993 2.90732 2.64714 1.75691 
0.661266 1.52076 3.00386 5.08792 7.07576 7.79266 6.78242 4.96628 3.7295 3.53908 3.77227 3.84403 3.80371 3.67224 3.14386 2.18223 1.21323 0.682448 0.779558 1.45384 2.41711 3.22532 3.6041 3.69066 3.79351 4.07041 4.63068 5.43123 5.85305 5.16627 3.62195 2.41883 2.50304 3.78609 5.49283 6.9124 7.52666 6.88979 5.15762 3.32371 2.37253 2.55777 3.4292 4.09502 3.94199 3.40922 3.31506 3.52006 3.20316 2.19043 
1.17045 2.23294 3.44724 4.70783 5.91121 6.56805 6.11764 4.76842 3.53711 3.20677 3.62435 4.27443 4.92804 5.3268 4.97422 3.74966 2.2538 1.31531 1.41577 2.50592 4.02017 5.15942 5.52024 5.43456 5.49178 5.92315 6.6327 7.25447 7.06507 5.64341 3.62767 2.26103 2.3153 3.67636 5.71237 7.70937 8.87008 8.49987 6.80168 4.96498 4.06341 4.30154 5.14934 5.61867 5.01291 3.85591 3.2225 3.21521 3.0492 2.3153 
1.6715 2.93821 3.88136 4.27521 4.56804 4.99794 5.05241 4.32978 3.39233 3.15626 3.77425 4.71839 5.62779 6.3212 6.29312 5.12239 3.28572 1.91765 1.83519 3.01183 4.66193 5.78363 5.98026 5.74995 5.83122 6.45383 7.27238 7.59258 6.76353 4.8792 2.90255 1.88096 2.25348 3.79609 5.9193 7.94574 9.15383 9.00813 7.76577 6.43646 5.82868 5.97776 6.39084 6.29761 5.1835 3.59899 2.65022 2.63125 2.86489 2.64036 
1.90406 3.29003 4.14474 4.18511 4.16494 4.70843 5.24566 4.90874 3.96862 3.51135 3.95196 4.77515 5.62888 6.53867 6.9785 6.08907 4.07728 2.28182 1.77379 2.5492 3.80366 4.66198 4.88816 4.92817 5.2637 5.93046 6.52897 6.42153 5.24823 3.47311 2.10093 1.91586 3.09701 5.16814 7.23456 8.58723 9.01916 8.63066 7.78174 7.06232 6.81033 6.80119 6.60932 5.87934 4.48632 2.96129 2.19 2.4501 3.12336 3.28651 
2.04168 3.59112 4.61101 4.79663 5.06635 6.15431 7.18481 6.80592 5.21019 3.87002 3.616 4.13518 5.15335 6.64892 7.74512 7.09909 4.81373 2.50691 1.43369 1.58651 2.29681 3.05626 3.86347 4.85167 5.7668 6.19046 5.97131 5.09398 3.68903 2.32058 1.77373 2.60543 4.82771 7.56885 9.37405 9.49476 8.5111 7.38554 6.62389 6.38792 6.52435 6.48163 5.84389 4.70299 3.39456 2.39045 2.16041 2.72567 3.49331 3.63586 
2.52672 4.50498 5.88962 6.24338 6.65306 8.01768 9.2154 8.51969 6.12111 3.81699 2.81878 3.14926 4.66595 7.05823 8.84016 8.25194 5.54006 2.71195 1.1704 0.87476 1.30638 2.34264 4.20622 6.61635 8.36774 8.43656 7.04399 5.05885 3.19811 2.04627 2.0897 3.63109 6.51866 9.55891 10.897 9.84477 7.63327 5.81956 4.96508 4.96586 5.38107 5.43368 4.69461 3.56285 2.68072 2.39739 2.72353 3.31942 3.64958 3.3224 
3.34664 5.82342 7.45522 7.61669 7.54333 8.43263 9.32819 8.49325 5.97523 3.41171 2.08849 2.34044 4.1842 7.06904 9.13225 8.51005 5.64237 2.70684 1.09651 0.7382 1.231 2.69305 5.46199 8.96525 11.3871 11.3075 9.12187 6.23039 3.83046 2.64461 2.89114 4.48839 7.14314 9.7626 10.6336 9.20367 6.80413 4.92364 3.95601 3.76854 4.03839 4.10912 3.62916 3.03281 2.87507 3.23508 3.80017 4.05683 3.64393 2.68874 
4.10261 6.70369 8.15224 7.87363 7.16104 7.36494 7.95186 7.4584 5.5682 3.32862 1.91768 1.93236 3.47387 5.91663 7.58912 7.01227 4.67261 2.39213 1.2751 1.2446 1.99375 3.65821 6.50447 9.93951 12.3253 12.3842 10.3108 7.28926 4.70307 3.52303 3.76038 4.87473 6.52315 8.16393 8.71514 7.756 6.18026 4.8617 3.87313 3.22087 2.98442 2.91672 2.87493 3.15078 3.86067 4.62152 4.95432 4.55021 3.43151 2.07004 
4.72926 7.09056 8.06677 7.47436 6.60275 6.63513 7.31639 7.43485 6.24063 4.20793 2.53848 2.08901 2.87768 4.22809 5.05407 4.61412 3.31785 2.23937 1.98441 2.48026 3.47787 4.95987 7.02444 9.31601 10.9707 11.2538 9.92818 7.43471 5.03635 3.93759 4.0884 4.65546 5.31264 6.06856 6.47759 6.20946 5.6308 5.00036 4.16349 3.26508 2.64964 2.38649 2.60199 3.56369 4.99515 5.9967 5.89195 4.72516 3.05533 1.55852 
5.59765 7.80611 8.39259 7.67009 6.97652 7.20522 8.15687 8.75518 7.92896 5.80725 3.7631 2.90009 3.0351 3.3517 3.35375 3.06883 2.83001 2.93575 3.46056 4.32831 5.34467 6.34452 7.34151 8.29702 9.05835 9.38373 8.72621 6.84256 4.69309 3.57582 3.58619 3.9365 4.30211 4.82499 5.31255 5.49135 5.46156 5.21395 4.59333 3.81924 3.16597 2.68674 2.72669 3.79209 5.59662 6.92007 6.71506 5.07174 2.97389 1.34473 
6.94359 9.32338 9.64887 8.631 7.83418 8.0129 8.97345 9.78313 9.21682 7.1221 4.92414 3.91186 3.78939 3.61631 3.2573 3.236 3.79786 4.66817 5.56422 6.4794 7.30492 7.79008 7.95771 7.97117 7.94102 7.87442 7.30418 5.76475 3.86353 2.75723 2.74587 3.2845 3.96649 4.72171 5.39379 5.84441 6.08647 5.94803 5.34242 4.62875 3.97846 3.26749 2.90178 3.64627 5.47478 7.1918 7.40271 5.83491 3.50787 1.60741 
8.20088 10.8194 10.8801 9.36005 8.12283 7.88837 8.47543 9.21584 8.95169 7.22585 5.22035 4.2852 4.26418 4.28018 4.27174 4.80471 5.93893 7.11857 8.07585 9.03729 9.87748 10.1002 9.6814 8.91422 7.95899 6.97499 5.87852 4.38929 2.82254 1.99118 2.23947 3.17287 4.19841 5.01654 5.68157 6.38068 6.98666 6.92326 6.04082 4.98983 4.1464 3.35293 2.88011 3.40378 5.02969 6.87825 7.61658 6.57404 4.36974 2.22153 
8.25492 10.7489 10.6293 8.97314 7.60155 7.00536 6.98248 7.28061 7.12269 5.90527 4.36423 3.70517 4.05878 4.78545 5.68702 7.03758 8.67888 10.0187 11.0884 12.4381 13.7211 13.8951 12.78 10.9634 8.87665 6.82299 4.9757 3.29653 1.97647 1.49409 2.05832 3.24836 4.28483 4.79668 5.21029 6.08561 7.09299 7.15348 5.95565 4.43708 3.38193 2.81781 2.79137 3.50811 4.86499 6.36649 7.22252 6.71813 4.92235 2.76007 
7.01899 8.94953 8.83352 7.68528 6.77006 6.08553 5.41412 4.98668 4.6111 3.80255 2.86631 2.66857 3.52697 5.05405 6.90314 9.08318 11.3292 13.0217 14.3433 16.0794 17.7241 17.7463 15.8193 12.9714 10.0905 7.4584 5.08932 3.05199 1.64397 1.20143 1.75068 2.80409 3.56976 3.74778 3.97551 4.96115 6.24771 6.4932 5.23535 3.49748 2.38922 2.21521 2.86713 4.02185 5.19214 6.09 6.53604 6.13331 4.69277 2.76772 
5.83293 7.1959 7.22058 6.79082 6.45256 5.72206 4.45354 3.28876 2.54006 1.95126 1.54299 1.80103 3.04685 5.05465 7.44379 10.1579 12.941 15.0205 16.3624 17.8062 19.0703 18.7107 16.4199 13.4226 10.7198 8.28108 5.79978 3.45375 1.76568 1.05447 1.22424 1.81826 2.23672 2.31383 2.6383 3.82259 5.39407 5.96962 4.90965 3.14289 1.99569 2.03878 3.10259 4.54802 5.64143 6.08862 5.95056 5.1938 3.81683 2.21655 
5.74672 7.03269 7.37246 7.46659 7.37197 6.40336 4.57546 2.78677 1.63402 1.04029 0.895834 1.42399 2.85334 4.97716 7.38095 10.0081 12.7027 14.6555 15.5397 16.0516 16.3265 15.5722 13.7243 11.7346 10.0898 8.33734 6.14226 3.88921 2.15156 1.16228 0.839936 0.913488 1.04339 1.16759 1.72513 3.18548 5.1281 6.17108 5.43658 3.7007 2.46726 2.49868 3.56297 4.91123 5.84892 6.09134 5.61429 4.49694 3.02445 1.64129 
6.61122 8.35014 9.15027 9.4371 9.17218 7.86012 5.67318 3.5196 2.04915 1.27895 1.10542 1.69866 3.19424 5.21113 7.15424 8.95589 10.7206 11.9558 12.2741 12.0376 11.5024 10.5632 9.53996 8.93426 8.47963 7.48321 5.90583 4.25793 2.82466 1.65424 0.861676 0.493 0.407725 0.550157 1.20588 2.74634 4.8591 6.26854 5.96991 4.56074 3.51925 3.5803 4.40566 5.2923 5.84249 6.00555 5.65072 4.61931 3.13054 1.69804 
7.52079 9.76056 10.8383 10.9091 10.2054 8.74894 6.80715 4.99894 3.70831 2.83244 2.36198 2.72647 4.10414 5.80725 6.98253 7.65237 8.2835 8.78469 8.84058 8.46055 7.68878 6.7353 6.2398 6.48207 6.78666 6.45949 5.67288 4.78871 3.6875 2.32748 1.12663 0.432823 0.194845 0.282496 0.824282 2.08944 3.90002 5.30837 5.48905 4.8535 4.47308 4.72506 5.1974 5.48206 5.67608 6.07569 6.41777 5.97504 4.51048 2.63508 
7.24589 9.46074 10.3905 10.0556 9.03552 7.8912 6.98797 6.55351 6.34598 5.71183 4.70016 4.37986 5.29336 6.51464 6.99421 6.9483 7.04793 7.21093 7.09681 6.6851 5.935 4.99682 4.52804 4.88061 5.52332 5.84979 5.80621 5.35559 4.25299 2.66689 1.25043 0.43345 0.141876 0.178568 0.555041 1.41663 2.651 3.69911 4.13248 4.26048 4.57737 4.9667 5.05219 4.9174 5.17438 6.30188 7.72631 8.02658 6.48072 3.92231 
5.33845 6.92511 7.45912 6.95081 6.07236 5.62233 6.10465 7.52192 8.91443 8.82209 7.25371 6.04629 6.32544 7.11683 7.27595 7.17101 7.41169 7.53035 7.07272 6.38652 5.66435 4.77037 4.05998 4.11368 4.90082 5.85071 6.30257 5.7622 4.26418 2.46181 1.07903 0.360436 0.131867 0.203123 0.574635 1.29076 2.14528 2.72653 2.94247 3.18309 3.63788 3.9232 3.75831 3.56024 4.16915 6.00167 8.18832 8.93361 7.34395 4.4519 
2.9348 3.74076 3.92335 3.54032 3.11712 3.36068 4.81151 7.38638 9.75839 10.0914 8.40176 6.86496 6.85722 7.4301 7.48155 7.48604 7.96087 8.14574 7.52721 6.78607 6.28868 5.54435 4.5966 4.31203 5.13921 6.4535 7.02066 6.06627 4.04321 2.07222 0.833656 0.301865 0.198925 0.401508 0.996685 1.97574 2.87707 3.09242 2.67504 2.29827 2.28339 2.29549 2.09279 2.04928 2.84774 4.72768 6.81602 7.52495 6.1505 3.67762 
1.52717 1.80561 1.72966 1.47132 1.43592 2.1168 3.85485 6.3925 8.5107 8.83111 7.58787 6.60153 6.83209 7.32302 7.19605 7.04649 7.4575 7.80048 7.60059 7.41024 7.38377 6.80922 5.72024 5.22948 5.95169 7.18166 7.53982 6.26064 3.98458 1.98018 0.870005 0.488949 0.512619 0.877624 1.76941 3.16797 4.32989 4.30168 3.16206 1.94545 1.30344 1.05651 0.92198 1.0407 1.79244 3.24048 4.6835 5.04111 3.98089 2.29444 
1.57347 1.61579 1.25204 0.882921 0.98337 1.89503 3.62134 5.59373 6.87994 6.94425 6.28868 6.02498 6.50816 6.94786 6.77532 6.50433 6.73351 7.25985 7.74592 8.26304 8.52075 7.8484 6.57041 5.91618 6.37022 7.22932 7.40236 6.27544 4.2879 2.5027 1.53566 1.26807 1.387 1.82278 2.77799 4.26757 5.46628 5.24366 3.66807 1.96854 0.985228 0.61884 0.552275 0.785536 1.50905 2.64197 3.54313 3.48799 2.50168 1.30799 
2.48115 2.45736 1.77699 1.12064 1.14884 2.1638 3.92843 5.62956 6.52634 6.59431 6.28649 6.09369 6.29178 6.72547 7.04925 7.18571 7.37969 7.87965 8.65219 9.34557 9.30108 8.09472 6.42292 5.4946 5.60483 6.18814 6.56305 6.18192 5.03266 3.79324 3.07715 2.89409 2.99408 3.26444 3.82907 4.78792 5.56557 5.20829 3.7534 2.26169 1.42056 1.09699 1.0373 1.29068 2.00445 2.99603 3.58385 3.18038 2.03955 0.939032 
3.17086 3.21566 2.45256 1.66156 1.58918 2.58935 4.42209 6.24127 7.36812 7.78522 7.55738 6.80159 6.26324 6.72631 7.96164 8.99513 9.39958 9.66984 10.141 10.3167 9.45204 7.49123 5.37874 4.14588 3.96644 4.50981 5.4123 6.09928 6.10827 5.65671 5.22399 4.94377 4.74728 4.56441 4.4191 4.49561 4.67315 4.45576 3.82689 3.30256 3.04695 2.81063 2.56734 2.57998 2.98499 3.54789 3.69801 3.01878 1.81578 0.782854 
2.94829 3.23949 2.89071 2.4134 2.39689 3.30982 5.09487 6.97817 8.26033 8.78648 8.35589 6.98798 5.83168 6.28137 8.23264 10.2105 11.2145 11.5365 11.546 10.8433 9.04002 6.557 4.32382 2.96904 2.58266 3.12794 4.49431 6.10077 7.14508 7.33999 6.91705 6.1872 5.41803 4.70385 4.00918 3.5277 3.51875 3.97345 4.78921 5.71096 6.15514 5.7879 5.02582 4.45237 4.13397 3.81401 3.25878 2.36509 1.33888 0.558425 
2.10548 2.76541 3.1772 3.34369 3.53636 4.34629 5.91987 7.51447 8.37721 8.36838 7.46379 5.84698 4.58834 4.96112 7.02631 9.60033 11.5482 12.4918 12.2778 10.7554 8.33037 5.89792 4.03956 2.80373 2.24361 2.64733 4.10057 6.03519 7.4653 7.75467 6.98454 5.69493 4.46365 3.52704 2.83099 2.51373 2.97856 4.49121 6.79797 8.91174 9.64259 8.79491 7.33878 6.0972 4.99511 3.79315 2.61959 1.6296 0.859956 0.355001 
1.30247 2.21243 3.20565 3.89297 4.28545 5.01563 6.33288 7.51502 7.78209 7.08102 5.77507 4.32917 3.40877 3.66643 5.29315 7.90473 10.6712 12.4433 12.2513 10.2155 7.62425 5.67044 4.43803 3.47434 2.84826 3.03576 4.1263 5.56678 6.50898 6.39155 5.31705 3.88847 2.71697 2.05736 1.89387 2.29962 3.54684 5.83078 8.73353 10.9659 11.3047 9.94973 8.17258 6.66404 5.18277 3.62988 2.34139 1.45296 0.820481 0.375134 
0.758459 1.59282 2.62397 3.39985 3.84841 4.51221 5.6378 6.62858 6.77038 6.01445 4.93676 4.14997 3.83967 3.95297 4.73982 6.69485 9.59931 11.9049 11.9607 9.90441 7.42789 5.80034 4.92865 4.26323 3.82942 3.9185 4.37742 4.74717 4.68248 4.06277 3.03988 2.00024 1.34222 1.31726 2.04544 3.49559 5.45731 7.67802 9.74574 10.8151 10.2887 8.76342 7.30529 6.09717 4.78546 3.52469 2.66759 2.0507 1.36397 0.688898 
0.388849 0.910029 1.58146 2.11293 2.46453 3.00153 3.92436 4.89289 5.41939 5.44589 5.47164 5.92935 6.46557 6.40132 6.00361 6.56234 8.68927 11.0499 11.7106 10.3754 8.27878 6.54048 5.46901 4.92526 4.77004 4.80024 4.60477 3.95047 3.0324 2.12781 1.36136 0.832969 0.74426 1.4414 3.25975 5.98436 8.60147 10.1321 10.401 9.60252 8.04672 6.48806 5.50687 4.80381 4.01382 3.45028 3.29366 2.99762 2.15383 1.12143 
0.155579 0.380905 0.679357 0.932041 1.13625 1.48727 2.14917 3.07026 4.09584 5.22843 6.72174 8.59339 9.97199 9.70186 8.03555 6.86934 7.6571 9.72598 11.2872 11.3743 10.1207 8.21663 6.59367 5.7782 5.51565 5.21891 4.49371 3.36636 2.19065 1.26853 0.67155 0.40882 0.654077 1.88838 4.62576 8.46486 11.6328 12.4535 11.0191 8.55995 6.11721 4.38618 3.55867 3.17955 2.9452 3.09734 3.5389 3.49262 2.57298 1.34708 
0.0489809 0.127892 0.247492 0.376207 0.508037 0.726108 1.18949 2.0507 3.38233 5.20942 7.56861 10.2039 12.0186 11.6296 9.19522 6.82901 6.48832 8.17294 10.4991 12.0718 12.0057 10.3607 8.30024 6.86584 5.98196 5.14551 4.23025 3.32259 2.42841 1.55151 0.825964 0.465151 0.747398 2.16934 5.21349 9.34443 12.5258 12.8669 10.6048 7.43278 4.66663 2.85353 2.00471 1.75946 1.91162 2.52692 3.26994 3.33654 2.45874 1.27632 
0.0292733 0.097465 0.243874 0.460345 0.680595 0.895933 1.29372 2.13548 3.48446 5.23999 7.39885 9.8451 11.6662 11.4757 9.18883 6.65049 5.82157 7.09017 9.51975 11.7891 12.678 11.724 9.72195 7.78213 6.24613 5.1082 4.52321 4.32341 3.8694 2.82106 1.58488 0.819382 0.970722 2.38554 5.20972 8.69394 11.0772 10.999 8.84885 6.06231 3.67968 2.08436 1.27833 1.08202 1.43118 2.29216 3.15902 3.22315 2.3328 1.18472 
0.0708004 0.239704 0.608841 1.15476 1.66418 1.97763 2.32063 3.06168 4.16807 5.36245 6.73141 8.52509 10.2253 10.5851 9.17463 7.20436 6.26638 6.90448 8.61897 10.5384 11.7339 11.5413 10.1206 8.24541 6.5716 5.58142 5.55677 5.99366 5.74606 4.31252 2.44703 1.25366 1.34351 2.8736 5.48027 8.01734 9.18408 8.65972 7.14667 5.40878 3.82811 2.61227 1.82911 1.49024 1.76193 2.66964 3.58062 3.57811 2.54425 1.2724 
0.187775 0.576709 1.34808 2.40747 3.32702 3.74649 3.88638 4.24631 4.87489 5.51293 6.28581 7.55338 9.08816 9.95858 9.53884 8.31496 7.33446 7.22676 7.98029 9.23203 10.373 10.6512 9.78338 8.28447 6.93468 6.29151 6.49117 6.9277 6.49754 4.80463 2.72117 1.44764 1.64478 3.37701 5.91195 7.7598 8.00631 7.28753 6.63503 6.19616 5.6969 5.05552 4.21328 3.32874 2.98838 3.49783 4.20257 4.05731 2.87013 1.44683 
0.399416 1.11457 2.35976 3.87772 5.07488 5.51128 5.3404 5.07309 5.02772 5.27323 5.87884 6.86276 8.01454 8.88015 9.01428 8.4266 7.64481 7.32595 7.85933 9.10906 10.339 10.5724 9.51661 7.97152 6.9 6.53532 6.56076 6.45786 5.65653 4.0601 2.3307 1.32932 1.59651 3.21078 5.42823 6.83307 6.85314 6.53456 6.95043 7.94544 8.89708 9.23433 8.37976 6.58722 5.10709 4.72393 4.87897 4.47002 3.16252 1.63439 
0.652959 1.70323 3.31705 5.00877 6.15641 6.47458 6.0525 5.21906 4.51291 4.43845 5.02169 5.79076 6.35468 6.6947 6.82871 6.71879 6.57816 6.95129 8.27578 10.2207 11.5915 11.2305 9.27581 7.20777 6.24947 6.22002 6.21894 5.70471 4.66044 3.33527 2.08358 1.28566 1.30998 2.30593 3.79273 4.83521 5.19571 5.75606 7.24014 9.44085 11.7518 13.1312 12.3756 9.818 7.32765 6.0722 5.59886 4.85691 3.42052 1.8065 
0.806323 2.04456 3.82413 5.50291 6.47965 6.62939 6.01499 4.81901 3.69496 3.42096 4.00692 4.6361 4.68294 4.36108 4.18855 4.39434 5.06607 6.44798 8.68136 11.0983 12.2063 11.0008 8.24928 5.94783 5.36273 5.97867 6.41819 5.94696 4.86429 3.71481 2.64479 1.69418 1.17035 1.34252 2.03187 2.82239 3.69638 5.05977 7.05835 9.50594 12.1047 13.8006 13.2109 10.6811 8.11045 6.5825 5.72357 4.73695 3.28181 1.74107 
0.791272 2.05066 3.93958 5.82525 6.97137 7.05628 6.10521 4.48895 3.10003 2.82005 3.56993 4.26805 4.03063 3.15849 2.61243 2.9672 4.2039 6.11767 8.47245 10.5238 10.9491 9.15972 6.35636 4.54661 4.69304 6.02258 6.95511 6.6737 5.66576 4.63793 3.58136 2.35022 1.2975 0.836534 0.999799 1.68087 2.9061 4.5798 6.2947 7.87555 9.48303 10.6115 10.2856 8.70482 7.04488 5.83285 4.82911 3.73897 2.48153 1.29362 
0.74694 2.06391 4.28801 6.83022 8.5514 8.59604 7.00183 4.6826 2.96103 2.75125 3.78795 4.70481 4.35701 3.08226 2.18131 2.4859 3.85268 5.67797 7.47833 8.69943 8.48714 6.6653 4.48217 3.53143 4.27341 5.7789 6.65627 6.36272 5.53451 4.816 4.00688 2.81627 1.58224 0.804566 0.671222 1.2266 2.45098 3.93455 4.9734 5.40794 5.74935 6.15701 6.2597 6.00482 5.55262 4.76644 3.62954 2.4499 1.45159 0.709949 
0.847745 2.3477 5.03983 8.25235 10.3708 10.1351 7.7989 4.8507 2.90497 2.78965 4.05867 5.17388 4.83573 3.35602 2.1562 2.1806 3.28366 4.77079 6.08513 6.78159 6.34266 4.87022 3.4761 3.23284 4.09237 5.07869 5.31545 4.83523 4.37199 4.30673 4.17753 3.46462 2.32102 1.28677 0.775668 0.972907 1.81262 2.81379 3.30702 3.17375 2.96998 3.16475 3.77389 4.52853 4.85235 4.21915 2.87439 1.57834 0.74198 0.305056 
1.16887 2.7011 5.38825 8.49498 10.3001 9.62867 7.02856 4.14951 2.44982 2.52535 3.89507 5.14085 4.99605 3.61197 2.23449 1.83253 2.50221 3.82214 5.25134 6.11846 5.83654 4.65169 3.65709 3.6297 4.19775 4.41482 3.9566 3.44955 3.68515 4.68298 5.56713 5.42588 4.1787 2.52921 1.28588 0.837597 1.08064 1.57516 1.85825 1.85967 1.922 2.39618 3.35817 4.42829 4.79555 3.97025 2.45002 1.13756 0.415643 0.128126 
1.9411 3.10176 4.91824 6.92667 7.89351 7.05022 4.9419 2.82386 1.69678 1.94652 3.26252 4.63312 4.96076 4.03452 2.64619 1.79773 2.05764 3.46116 5.47314 6.97555 7.0198 5.85296 4.65769 4.23236 4.24181 3.90049 3.23803 3.22072 4.61624 6.99878 8.88547 8.94966 7.11432 4.44916 2.20009 0.969207 0.640167 0.816264 1.22323 1.80863 2.56886 3.45131 4.39373 5.08784 4.92459 3.72255 2.13466 0.93136 0.317872 0.0884022 
3.57979 4.18507 4.64754 5.14623 5.28282 4.62046 3.29524 1.92442 1.15352 1.34792 2.47842 4.01897 5.03821 4.8019 3.50251 2.21337 2.03789 3.40709 5.78108 7.75429 8.11411 6.97396 5.44685 4.43262 3.91071 3.40562 3.11777 4.05837 6.80432 10.3903 12.7575 12.5021 9.92649 6.41581 3.33872 1.40991 0.622321 0.682174 1.44607 2.81921 4.36494 5.47905 5.97033 5.90011 5.13046 3.71259 2.1947 1.08265 0.454424 0.158687 
5.90105 6.25625 5.67454 4.98481 4.53553 4.03495 3.12414 1.94558 1.06907 0.98595 1.88698 3.57936 5.21807 5.60496 4.42444 2.78666 2.13256 3.07457 5.11527 6.94107 7.42289 6.54848 5.16979 4.11694 3.57353 3.29891 3.59185 5.39696 8.96446 12.844 14.8479 14.0614 11.2879 7.77094 4.46164 2.06403 0.881223 0.855564 1.92737 3.89782 5.93441 6.99137 6.91081 6.29231 5.43508 4.29727 3.01915 1.84774 0.941375 0.37492 
7.58021 8.18227 7.40013 6.26666 5.45894 4.79399 3.75434 2.34973 1.18669 0.822542 1.50312 3.16179 5.03409 5.781 4.85624 3.25294 2.35841 2.75201 4.05655 5.2662 5.53413 4.89376 4.04223 3.6104 3.62903 3.80092 4.4722 6.54387 9.93288 12.9643 13.9416 12.8269 10.6784 8.07625 5.19962 2.66172 1.16603 0.946557 1.96024 3.89752 5.80779 6.62468 6.37008 5.94201 5.71922 5.31522 4.39355 3.04393 1.67088 0.691072 
7.24008 8.25607 8.0128 7.19314 6.28803 5.25782 3.88499 2.32461 1.10901 0.656545 1.12558 2.47171 4.11614 4.98854 4.60537 3.63088 2.98499 3.08021 3.75352 4.30798 4.11632 3.37948 2.86793 3.05519 3.66112 4.17997 4.92712 6.72132 9.23782 10.8849 10.7469 9.58036 8.39464 7.03766 5.01369 2.77011 1.22603 0.796137 1.40974 2.72516 4.01005 4.56893 4.58539 4.82431 5.42807 5.74282 5.18444 3.78522 2.13555 0.894851 
5.06606 6.19456 6.59744 6.41604 5.70084 4.50833 3.05823 1.69857 0.764144 0.417836 0.692565 1.55661 2.70431 3.56832 3.88785 3.88123 3.78215 3.78037 3.99767 4.0533 3.45335 2.48574 1.97125 2.28712 3.01094 3.58033 4.2223 5.54769 7.13221 7.69739 6.92553 5.87829 5.36273 4.90257 3.76605 2.19036 0.97102 0.505599 0.713629 1.32585 1.94617 2.28902 2.56137 3.19335 4.11235 4.70176 4.43414 3.31869 1.8975 0.800479 
2.58076 3.42685 4.04873 4.27847 3.88486 2.92985 1.81446 0.915709 0.381239 0.196399 0.324046 0.753239 1.40885 2.1572 2.94103 3.63326 3.93015 3.83068 3.67743 3.41581 2.70604 1.76162 1.22202 1.35238 1.81755 2.21446 2.67423 3.53594 4.42996 4.51422 3.73399 2.94878 2.70388 2.61179 2.10839 1.26737 0.561927 0.243672 0.256781 0.449121 0.665363 0.838875 1.10084 1.62165 2.29381 2.74329 2.65305 2.01636 1.16324 0.493113 
