795.775 795.775 795.775 795.775 1193.66 1193.66 1392.61 1591.55 1392.61 1392.61 1591.55 1193.66 994.718 994.718 994.718 1193.66 1392.61 994.718 795.775 994.718 795.775 596.831 994.718 1193.66 1193.66 1193.66 1193.66 994.718 1193.66 994.718 1193.66 1591.55 1591.55 1591.55 1591.55 1591.55 1392.61 1591.55 1790.49 1591.55 1790.49 1790.49 1591.55 1193.66 795.775 994.718 994.718 795.775 795.775 596.831 
994.718 994.718 994.718 1591.55 1790.49 1790.49 1790.49 1989.44 1989.44 1989.44 1591.55 1591.55 1392.61 1193.66 1193.66 1392.61 1591.55 994.718 994.718 994.718 795.775 795.775 994.718 1790.49 1790.49 1591.55 1392.61 994.718 1193.66 994.718 1591.55 2188.38 1989.44 1989.44 1989.44 1989.44 1790.49 1790.49 1989.44 1989.44 1790.49 1790.49 1591.55 1392.61 1193.66 994.718 994.718 795.775 795.775 795.775 
1193.66 1392.61 1790.49 1790.49 1989.44 2188.38 1989.44 1989.44 1989.44 1989.44 2387.32 1989.44 1790.49 1392.61 1591.55 1591.55 1790.49 1591.55 1193.66 1193.66 795.775 1591.55 1591.55 1790.49 1989.44 1989.44 1989.44 1790.49 1591.55 1790.49 1989.44 2188.38 2387.32 2387.32 2188.38 2188.38 2188.38 2586.27 2188.38 1989.44 1989.44 1790.49 1790.49 1591.55 1591.55 1392.61 1193.66 994.718 994.718 994.718 
1193.66 1790.49 1790.49 1790.49 1989.44 2188.38 2188.38 2188.38 2188.38 2387.32 2586.27 2188.38 1790.49 1591.55 1591.55 1591.55 1591.55 1591.55 1392.61 1790.49 1591.55 1591.55 1790.49 1989.44 1989.44 1989.44 1989.44 1989.44 2387.32 2387.32 2586.27 2785.21 2586.27 2387.32 2387.32 2387.32 2387.32 2785.21 2785.21 2387.32 2188.38 1591.55 1790.49 1989.44 1790.49 1591.55 1591.55 1193.66 994.718 994.718 
1591.55 1989.44 1989.44 1989.44 1989.44 2387.32 2387.32 2586.27 2387.32 2785.21 2586.27 2188.38 1989.44 1591.55 1591.55 1591.55 1591.55 1591.55 1392.61 2188.38 1989.44 1790.49 1989.44 2387.32 2387.32 2387.32 2188.38 2387.32 2785.21 2984.16 2785.21 2785.21 2586.27 2785.21 2785.21 2387.32 2387.32 2586.27 2785.21 2586.27 2188.38 1989.44 2188.38 1989.44 1790.49 1591.55 1591.55 1591.55 1193.66 994.718 
1392.61 1989.44 2188.38 2188.38 2586.27 2785.21 2785.21 2586.27 2984.16 2785.21 2387.32 2387.32 2387.32 1591.55 1591.55 1392.61 1591.55 1790.49 1989.44 2586.27 2387.32 2387.32 2387.32 2387.32 2387.32 2586.27 2785.21 2785.21 2984.16 2984.16 2984.16 2387.32 2984.16 2785.21 2586.27 2586.27 2387.32 2586.27 2785.21 2586.27 2586.27 2188.38 1989.44 1989.44 1989.44 1790.49 1790.49 1790.49 1392.61 1193.66 
1591.55 2188.38 2586.27 2785.21 2586.27 2984.16 2984.16 2785.21 3183.1 2984.16 2984.16 2785.21 2387.32 1790.49 1392.61 1790.49 1790.49 1989.44 2586.27 2387.32 2586.27 2387.32 2188.38 2586.27 2586.27 2785.21 2785.21 2785.21 2984.16 2984.16 3183.1 2785.21 2984.16 2586.27 2387.32 2984.16 2984.16 3183.1 2785.21 2984.16 2785.21 2387.32 2188.38 2188.38 1989.44 1989.44 1989.44 1790.49 1591.55 1193.66 
1989.44 2387.32 2785.21 2785.21 2785.21 2785.21 2785.21 2785.21 2984.16 2984.16 2984.16 2785.21 2387.32 1790.49 1591.55 1790.49 1989.44 1790.49 2387.32 2586.27 3183.1 2984.16 2785.21 2785.21 2785.21 2984.16 2586.27 2586.27 3183.1 2984.16 2984.16 3183.1 2586.27 2785.21 2586.27 2984.16 2984.16 2785.21 2984.16 2984.16 2984.16 2188.38 2188.38 2387.32 2188.38 1790.49 1989.44 1790.49 1392.61 1193.66 
1989.44 2387.32 2785.21 2984.16 3382.04 3382.04 3183.1 2984.16 2984.16 2586.27 2586.27 2785.21 2785.21 2387.32 1989.44 1989.44 2188.38 2188.38 2785.21 3183.1 3183.1 3183.1 3382.04 2984.16 3183.1 2984.16 2586.27 2586.27 2785.21 2984.16 2984.16 2984.16 2586.27 2387.32 2586.27 2984.16 2984.16 2984.16 2984.16 2984.16 2785.21 2188.38 2188.38 2188.38 1989.44 1989.44 1591.55 1591.55 1392.61 1193.66 
2188.38 2387.32 2984.16 3183.1 3183.1 3183.1 2984.16 2785.21 2984.16 2586.27 2586.27 2785.21 2984.16 2387.32 2387.32 2188.38 2586.27 2586.27 3382.04 3779.93 3978.87 3580.99 3580.99 3183.1 2785.21 2785.21 2586.27 2387.32 2984.16 3183.1 2785.21 2188.38 2785.21 2387.32 2586.27 2785.21 2785.21 2785.21 2785.21 2785.21 2785.21 2586.27 2387.32 1989.44 2188.38 1989.44 1989.44 1392.61 1193.66 1193.66 
1989.44 2586.27 3183.1 2984.16 2984.16 2984.16 3183.1 2984.16 2586.27 2586.27 2785.21 2785.21 2586.27 2387.32 2785.21 2586.27 3183.1 3183.1 4376.76 4177.82 4376.76 3779.93 3580.99 3779.93 3580.99 3382.04 2984.16 2586.27 3183.1 2984.16 2387.32 2586.27 2586.27 1989.44 2387.32 2387.32 2984.16 2984.16 2586.27 2785.21 2586.27 2387.32 2387.32 2188.38 1790.49 1989.44 1989.44 1392.61 1392.61 1193.66 
1989.44 2188.38 3183.1 3382.04 3382.04 3183.1 3382.04 3382.04 2188.38 2586.27 2785.21 2586.27 2586.27 2387.32 3183.1 3183.1 3382.04 4177.82 4177.82 4575.7 4177.82 4575.7 4376.76 3779.93 3779.93 3580.99 3382.04 2586.27 2984.16 2785.21 1989.44 2387.32 2586.27 1989.44 2387.32 2387.32 2387.32 2387.32 2188.38 2188.38 2188.38 1790.49 2387.32 2188.38 1790.49 1790.49 1591.55 1591.55 1591.55 1591.55 
2188.38 2188.38 2984.16 3382.04 3382.04 3580.99 3580.99 3183.1 2387.32 2188.38 2387.32 2387.32 2785.21 2984.16 3580.99 3382.04 3779.93 4376.76 3978.87 3779.93 4575.7 4376.76 4575.7 4376.76 3978.87 3779.93 3580.99 3183.1 2785.21 2387.32 1989.44 2387.32 1989.44 1989.44 2188.38 2387.32 2387.32 1989.44 2188.38 2387.32 2387.32 2387.32 2586.27 2387.32 1989.44 1790.49 1591.55 1392.61 1392.61 1392.61 
2984.16 2984.16 3580.99 3580.99 3580.99 3779.93 3580.99 2785.21 2188.38 1989.44 1989.44 2586.27 2785.21 2984.16 3580.99 3183.1 3580.99 4177.82 4177.82 3779.93 4177.82 4774.65 4774.65 4376.76 3978.87 3978.87 4376.76 3580.99 2387.32 2188.38 1989.44 1790.49 1790.49 1989.44 2188.38 1989.44 1790.49 1790.49 1989.44 2188.38 2785.21 2785.21 2785.21 1989.44 1790.49 1790.49 1790.49 1591.55 1392.61 1392.61 
2387.32 2785.21 3382.04 3580.99 3580.99 3183.1 3382.04 2586.27 2188.38 2387.32 2387.32 2586.27 2586.27 2586.27 3382.04 3779.93 3580.99 3779.93 4177.82 4177.82 4177.82 4376.76 4376.76 3978.87 3779.93 3382.04 3382.04 2984.16 2586.27 1989.44 1790.49 1790.49 1989.44 1591.55 1989.44 1790.49 1790.49 1989.44 2188.38 1989.44 2785.21 2785.21 2586.27 2586.27 1989.44 1989.44 2188.38 2188.38 1989.44 1193.66 
2387.32 2785.21 2984.16 3183.1 3382.04 3580.99 3382.04 3779.93 2984.16 3183.1 2984.16 3382.04 2387.32 2387.32 2785.21 3779.93 3978.87 4177.82 4177.82 4774.65 4376.76 4177.82 4376.76 4177.82 3779.93 3382.04 3382.04 2387.32 2586.27 2188.38 1392.61 1790.49 1790.49 1591.55 1193.66 1591.55 1790.49 2188.38 2188.38 1989.44 1790.49 2387.32 2785.21 2785.21 2387.32 2387.32 1989.44 1989.44 1790.49 1591.55 
2586.27 2586.27 2586.27 2984.16 3183.1 3580.99 3580.99 3382.04 3382.04 2984.16 3580.99 3183.1 2984.16 3183.1 3580.99 3978.87 3978.87 4177.82 4774.65 4774.65 4774.65 4376.76 4774.65 4376.76 3580.99 3183.1 3183.1 2387.32 2188.38 1790.49 1591.55 1193.66 1591.55 1392.61 1193.66 1392.61 1790.49 1989.44 1989.44 1790.49 1790.49 2188.38 2586.27 2586.27 2387.32 2188.38 1989.44 1790.49 1790.49 1790.49 
2188.38 2387.32 2387.32 2586.27 3382.04 3580.99 3382.04 2785.21 2984.16 2785.21 2984.16 3183.1 3580.99 3382.04 3978.87 3580.99 3978.87 4177.82 4575.7 4575.7 4575.7 4575.7 3978.87 3978.87 3580.99 3382.04 2785.21 2387.32 1989.44 1591.55 1193.66 1591.55 1392.61 1591.55 1591.55 1591.55 1591.55 1989.44 1790.49 1989.44 1989.44 1989.44 2586.27 2586.27 2188.38 1989.44 1989.44 1790.49 1790.49 1591.55 
2188.38 2188.38 2188.38 2586.27 2785.21 2984.16 2586.27 2586.27 2984.16 2984.16 2586.27 2984.16 3580.99 3382.04 3382.04 3183.1 4177.82 4376.76 4973.59 4774.65 4575.7 4575.7 4774.65 3978.87 3779.93 3382.04 2785.21 2188.38 1591.55 1392.61 1392.61 1193.66 1193.66 1193.66 1591.55 1591.55 1591.55 1591.55 1790.49 1790.49 2188.38 2188.38 1790.49 2188.38 1989.44 1790.49 1790.49 1790.49 1591.55 1591.55 
1989.44 2188.38 2387.32 2785.21 2586.27 2387.32 2586.27 2387.32 2984.16 2586.27 2586.27 2785.21 2785.21 3183.1 3382.04 3779.93 3978.87 4177.82 4575.7 4774.65 4774.65 4973.59 4774.65 3978.87 3580.99 3183.1 2586.27 1989.44 1591.55 1591.55 1591.55 1392.61 1193.66 1392.61 1591.55 1392.61 1193.66 1392.61 1392.61 1591.55 1989.44 1989.44 1989.44 1989.44 1989.44 1790.49 1790.49 1790.49 1591.55 1392.61 
1591.55 1591.55 1989.44 2586.27 2586.27 2387.32 2188.38 2586.27 2984.16 2586.27 2586.27 2984.16 3580.99 3580.99 3580.99 3978.87 4177.82 4575.7 4376.76 4376.76 4376.76 4575.7 4376.76 3978.87 3382.04 2785.21 2387.32 1790.49 1591.55 1790.49 1591.55 1392.61 1790.49 1392.61 1193.66 1193.66 1392.61 1392.61 1193.66 1193.66 1790.49 2188.38 2188.38 1790.49 1591.55 1591.55 1790.49 1790.49 1392.61 1392.61 
1591.55 1591.55 1989.44 2387.32 2387.32 2387.32 2586.27 2984.16 2785.21 2785.21 2785.21 2984.16 3183.1 3382.04 4177.82 4177.82 3779.93 4177.82 4973.59 4774.65 4177.82 3779.93 3779.93 3779.93 2785.21 2586.27 1989.44 2188.38 1989.44 1989.44 1591.55 1790.49 1790.49 1392.61 1193.66 1193.66 1193.66 1392.61 1392.61 1392.61 1591.55 2188.38 2586.27 2188.38 1790.49 1790.49 1392.61 1392.61 1193.66 994.718 
1193.66 1989.44 2188.38 2785.21 2586.27 2984.16 2984.16 2984.16 2785.21 2387.32 2785.21 3183.1 3382.04 3382.04 3779.93 4177.82 3779.93 3779.93 3978.87 3580.99 3580.99 2785.21 3183.1 2984.16 2387.32 2387.32 2387.32 2188.38 1989.44 1989.44 1989.44 1989.44 1790.49 1591.55 1193.66 1392.61 1193.66 1591.55 1989.44 1790.49 2188.38 2387.32 2586.27 1989.44 1790.49 1790.49 1591.55 1392.61 1193.66 994.718 
1193.66 1591.55 1790.49 2785.21 2785.21 3183.1 3183.1 2785.21 2785.21 2785.21 2586.27 3183.1 3382.04 3382.04 3779.93 4376.76 3580.99 3779.93 3779.93 3580.99 3382.04 3382.04 2984.16 3183.1 2785.21 2586.27 2387.32 2188.38 1989.44 1790.49 2188.38 1989.44 1989.44 1193.66 1193.66 1193.66 1989.44 1790.49 1790.49 2188.38 2188.38 2586.27 2387.32 2188.38 1790.49 1591.55 1591.55 1193.66 994.718 795.775 
994.718 1392.61 1790.49 2586.27 2984.16 2984.16 2984.16 2387.32 2785.21 2984.16 2785.21 3382.04 3382.04 3580.99 4177.82 3779.93 3779.93 3382.04 3580.99 3580.99 3382.04 3779.93 2984.16 2785.21 2785.21 2984.16 2785.21 2387.32 1790.49 1790.49 1989.44 1989.44 1591.55 1392.61 1193.66 1392.61 1591.55 1989.44 1989.44 1989.44 1989.44 2387.32 2586.27 2387.32 2188.38 1989.44 1193.66 994.718 994.718 994.718 
795.775 1591.55 1591.55 1193.66 2387.32 2387.32 2387.32 2586.27 2586.27 2586.27 2984.16 3183.1 3978.87 4376.76 3580.99 3580.99 3779.93 3382.04 3779.93 3779.93 3580.99 3978.87 3382.04 2785.21 2785.21 2586.27 2586.27 2387.32 1989.44 1989.44 1790.49 1790.49 1591.55 1591.55 1790.49 2188.38 1989.44 1790.49 2188.38 2188.38 2188.38 1989.44 2188.38 2188.38 1989.44 1989.44 1591.55 1591.55 1193.66 1193.66 
397.887 994.718 994.718 1193.66 1591.55 2188.38 2188.38 2387.32 2387.32 3183.1 3382.04 3580.99 4376.76 4575.7 3978.87 3779.93 3978.87 3580.99 3978.87 3580.99 3580.99 3978.87 3580.99 3382.04 2984.16 2785.21 2387.32 1989.44 1989.44 1790.49 1790.49 1591.55 1591.55 1989.44 2387.32 2387.32 2387.32 2387.32 2586.27 2586.27 2188.38 1989.44 1989.44 1591.55 1989.44 1790.49 1591.55 1591.55 1392.61 795.775 
596.831 795.775 994.718 1193.66 1591.55 1591.55 1790.49 2387.32 2785.21 3382.04 3382.04 3580.99 3779.93 3978.87 3978.87 4177.82 4575.7 4177.82 3580.99 3580.99 3779.93 3978.87 3779.93 3580.99 2984.16 2586.27 2387.32 2188.38 1989.44 1591.55 1392.61 1591.55 1989.44 2387.32 2785.21 2785.21 2586.27 2785.21 2785.21 2785.21 2586.27 2387.32 1989.44 1790.49 1591.55 1392.61 1392.61 1193.66 795.775 596.831 
596.831 795.775 1193.66 1193.66 1591.55 1591.55 1790.49 1790.49 2188.38 2785.21 2984.16 3382.04 3779.93 3978.87 3978.87 3978.87 4177.82 3978.87 3580.99 4177.82 3978.87 3779.93 3978.87 3978.87 3183.1 2586.27 1790.49 1790.49 1989.44 1392.61 1392.61 1790.49 1989.44 2586.27 2785.21 2785.21 2586.27 2785.21 2785.21 2785.21 2387.32 2785.21 2188.38 1790.49 1790.49 1392.61 1392.61 994.718 795.775 795.775 
596.831 596.831 994.718 1193.66 1193.66 1790.49 1989.44 2188.38 2586.27 2785.21 3183.1 3382.04 3580.99 3580.99 3978.87 4177.82 3779.93 4177.82 4177.82 3779.93 3978.87 3779.93 3779.93 3779.93 3382.04 3580.99 2188.38 1989.44 1989.44 1790.49 1790.49 1989.44 2387.32 2586.27 2785.21 2785.21 2586.27 2586.27 2586.27 2586.27 2387.32 2387.32 2387.32 1790.49 1989.44 1790.49 1591.55 1193.66 994.718 994.718 
596.831 596.831 994.718 1193.66 1392.61 1989.44 2188.38 2188.38 2586.27 2586.27 2586.27 3580.99 3978.87 3580.99 4376.76 4575.7 4774.65 4376.76 4376.76 3779.93 3978.87 3580.99 3183.1 3382.04 3580.99 2785.21 2785.21 1989.44 1790.49 1790.49 2188.38 2586.27 2586.27 2387.32 2785.21 2984.16 2785.21 2984.16 2984.16 2785.21 2387.32 2586.27 2785.21 2188.38 1989.44 1790.49 1193.66 994.718 994.718 994.718 
397.887 795.775 994.718 1193.66 1392.61 1392.61 2188.38 2586.27 2785.21 2785.21 2785.21 3580.99 4177.82 4376.76 4575.7 4177.82 4376.76 4177.82 4575.7 3779.93 3978.87 3580.99 3978.87 3779.93 2984.16 2586.27 2586.27 2387.32 2188.38 1790.49 2188.38 2586.27 2785.21 2586.27 2785.21 2387.32 2586.27 2586.27 2586.27 2785.21 2984.16 2984.16 3183.1 2785.21 1989.44 1790.49 1193.66 994.718 795.775 795.775 
397.887 795.775 795.775 1392.61 1790.49 1790.49 1989.44 2586.27 3183.1 3183.1 2785.21 3183.1 3580.99 3580.99 4376.76 4376.76 4376.76 4575.7 4774.65 4376.76 3978.87 3779.93 3580.99 3779.93 3183.1 2785.21 2586.27 1989.44 1591.55 1790.49 2387.32 2387.32 2387.32 2586.27 2188.38 2188.38 2387.32 2785.21 2984.16 3382.04 3779.93 3779.93 3779.93 3382.04 2785.21 1790.49 1392.61 1193.66 994.718 596.831 
596.831 596.831 1193.66 1392.61 1591.55 1591.55 2586.27 2586.27 2586.27 2586.27 2586.27 2387.32 2984.16 3183.1 3580.99 3779.93 4177.82 4575.7 4973.59 4376.76 4376.76 3978.87 3779.93 3580.99 2984.16 2984.16 2785.21 2188.38 1790.49 1989.44 2387.32 2188.38 1790.49 1989.44 1989.44 1989.44 2387.32 3183.1 3580.99 3580.99 3580.99 4177.82 3978.87 3779.93 2387.32 2188.38 1591.55 1193.66 994.718 596.831 
596.831 795.775 994.718 1193.66 1591.55 1790.49 2188.38 2387.32 2785.21 2586.27 2785.21 2586.27 2785.21 3183.1 3580.99 3580.99 4376.76 4177.82 4575.7 4376.76 3779.93 3978.87 3779.93 3779.93 3580.99 2984.16 2586.27 2387.32 1989.44 2188.38 1989.44 2188.38 1790.49 1989.44 1989.44 1989.44 2387.32 3183.1 3580.99 3580.99 3978.87 3978.87 3382.04 2785.21 2387.32 2188.38 1790.49 1193.66 795.775 795.775 
397.887 596.831 795.775 994.718 1193.66 1790.49 1989.44 2586.27 2984.16 2586.27 2785.21 2785.21 2586.27 2785.21 3580.99 4575.7 4575.7 4575.7 4376.76 4376.76 3779.93 3382.04 4177.82 3779.93 3580.99 3183.1 2586.27 2188.38 1790.49 2188.38 1790.49 1989.44 1790.49 2188.38 2387.32 1989.44 2785.21 2984.16 2984.16 3382.04 3382.04 3580.99 2785.21 2586.27 2586.27 2188.38 1790.49 1392.61 994.718 795.775 
596.831 795.775 1591.55 1591.55 1591.55 1989.44 1790.49 2387.32 2785.21 2785.21 2984.16 2785.21 2984.16 2785.21 3382.04 4177.82 4177.82 3978.87 3580.99 3580.99 3382.04 3779.93 3580.99 3580.99 3580.99 2984.16 2586.27 2387.32 1790.49 2188.38 1591.55 1989.44 1989.44 2387.32 2188.38 2586.27 2785.21 2785.21 2785.21 2984.16 3183.1 3382.04 2785.21 2586.27 2387.32 2188.38 1790.49 1790.49 1193.66 795.775 
1193.66 1392.61 1591.55 1591.55 1591.55 1790.49 2188.38 2586.27 2785.21 2984.16 2984.16 2984.16 2984.16 2984.16 3382.04 3978.87 3779.93 3978.87 3382.04 3382.04 3580.99 3580.99 3779.93 3580.99 3580.99 3183.1 2586.27 2188.38 1591.55 1790.49 1591.55 1591.55 1591.55 2387.32 2188.38 2586.27 2785.21 2785.21 2984.16 2984.16 2785.21 2984.16 2387.32 2188.38 1989.44 2188.38 1790.49 1790.49 1392.61 994.718 
1392.61 1392.61 1392.61 1591.55 1591.55 1989.44 1989.44 2586.27 2984.16 2785.21 2785.21 2586.27 2387.32 2785.21 2984.16 2984.16 2984.16 3779.93 3183.1 3382.04 3580.99 3779.93 3779.93 3382.04 3183.1 3183.1 2586.27 1989.44 1790.49 1989.44 1989.44 1989.44 1790.49 2387.32 1591.55 2188.38 2387.32 2188.38 2387.32 2586.27 2387.32 2586.27 2387.32 2387.32 2188.38 1989.44 1790.49 1591.55 1193.66 795.775 
1591.55 1392.61 1392.61 1392.61 1591.55 1989.44 2188.38 2188.38 2387.32 2586.27 2586.27 2387.32 2387.32 2188.38 2586.27 3183.1 3183.1 2984.16 2984.16 3580.99 3580.99 3580.99 3580.99 3382.04 2984.16 2586.27 2586.27 2387.32 2188.38 2188.38 2387.32 2387.32 2188.38 1790.49 1591.55 2387.32 2387.32 1989.44 2188.38 2387.32 2586.27 2387.32 2586.27 2387.32 2387.32 1989.44 1790.49 1790.49 1193.66 795.775 
1392.61 1591.55 1591.55 1591.55 1591.55 1989.44 2387.32 2188.38 2188.38 2586.27 2188.38 2188.38 2387.32 1989.44 2586.27 2984.16 3183.1 3183.1 2387.32 2984.16 3183.1 3382.04 2984.16 2984.16 2984.16 2984.16 2984.16 2387.32 2387.32 2387.32 2785.21 2785.21 2586.27 2387.32 1989.44 1989.44 2188.38 2188.38 2586.27 2785.21 2586.27 2586.27 2586.27 2785.21 2387.32 1989.44 1790.49 1790.49 1193.66 795.775 
1591.55 1989.44 2188.38 2188.38 1989.44 1989.44 2387.32 2387.32 2586.27 2188.38 2188.38 2387.32 1989.44 2188.38 2785.21 2785.21 3183.1 2785.21 2586.27 2188.38 2387.32 2785.21 2785.21 2984.16 3183.1 3580.99 3580.99 2586.27 2586.27 2785.21 2188.38 2188.38 2586.27 2387.32 2387.32 1790.49 2586.27 2387.32 2387.32 2586.27 2387.32 2387.32 2785.21 2586.27 2586.27 2387.32 2387.32 1790.49 1193.66 795.775 
1591.55 1790.49 2387.32 2387.32 2387.32 2586.27 2387.32 2387.32 2188.38 2188.38 1989.44 1790.49 1790.49 1790.49 2586.27 2387.32 2586.27 2984.16 2586.27 2188.38 2387.32 2785.21 2785.21 2785.21 3183.1 3580.99 2785.21 2785.21 2785.21 2387.32 2586.27 2188.38 2188.38 1989.44 2188.38 2387.32 1989.44 2586.27 2387.32 2188.38 2188.38 2387.32 2586.27 2785.21 2586.27 2387.32 1989.44 1193.66 1193.66 994.718 
1989.44 1989.44 1989.44 2188.38 2188.38 2387.32 2387.32 2387.32 1989.44 1989.44 1989.44 1591.55 1392.61 1392.61 1790.49 2387.32 2586.27 2586.27 2586.27 2387.32 2586.27 2586.27 2785.21 2984.16 3183.1 2984.16 2785.21 2785.21 2586.27 2785.21 2586.27 2387.32 2387.32 1989.44 1790.49 2387.32 1790.49 1989.44 2387.32 1989.44 2188.38 2387.32 2586.27 2586.27 2387.32 2188.38 1591.55 1392.61 1193.66 994.718 
1989.44 1989.44 1989.44 1989.44 1989.44 2387.32 2387.32 2387.32 1989.44 1790.49 1591.55 1193.66 1193.66 1591.55 1790.49 2188.38 2188.38 2387.32 2387.32 2387.32 2188.38 1989.44 1989.44 2387.32 2984.16 2984.16 2785.21 2785.21 2785.21 2785.21 2785.21 2188.38 1989.44 2188.38 2188.38 1989.44 1989.44 1790.49 1790.49 1790.49 1790.49 1790.49 1989.44 1790.49 1591.55 1591.55 1591.55 1392.61 994.718 994.718 
1591.55 1790.49 1790.49 1790.49 1790.49 1790.49 1989.44 2188.38 2188.38 1989.44 1392.61 1392.61 1193.66 1591.55 1790.49 1989.44 1989.44 1989.44 1790.49 2387.32 1989.44 1790.49 1790.49 2387.32 2785.21 2586.27 2984.16 2785.21 2785.21 2785.21 2387.32 1989.44 1989.44 1989.44 2188.38 1989.44 1989.44 1591.55 1591.55 1591.55 1193.66 1392.61 1193.66 1193.66 1193.66 1193.66 1193.66 994.718 795.775 795.775 
1591.55 1591.55 1790.49 1790.49 1790.49 1790.49 1989.44 1989.44 1989.44 1591.55 1392.61 1193.66 1193.66 1392.61 1790.49 1790.49 1790.49 1790.49 1790.49 2188.38 1790.49 1591.55 1591.55 1989.44 2387.32 2586.27 2387.32 2586.27 2387.32 2387.32 2387.32 2188.38 1790.49 1790.49 1989.44 1989.44 1790.49 1392.61 1392.61 1392.61 1392.61 1193.66 1193.66 1193.66 1193.66 1193.66 1193.66 994.718 795.775 795.775 
1193.66 1392.61 1591.55 1591.55 1790.49 1790.49 1790.49 1989.44 1591.55 994.718 1193.66 994.718 994.718 1193.66 1392.61 1392.61 1591.55 1392.61 1591.55 1591.55 1392.61 1392.61 1790.49 1591.55 2188.38 2188.38 2188.38 2387.32 2188.38 2188.38 1989.44 1989.44 1790.49 1790.49 1989.44 1989.44 1591.55 994.718 1193.66 1193.66 994.718 1193.66 1193.66 1193.66 1193.66 1193.66 1193.66 994.718 596.831 596.831 
1193.66 1193.66 1392.61 1392.61 1392.61 1392.61 1392.61 994.718 1193.66 994.718 1193.66 994.718 795.775 994.718 1193.66 1193.66 1392.61 1392.61 1591.55 1392.61 1193.66 1392.61 1790.49 1591.55 2188.38 1790.49 1790.49 2387.32 2188.38 1989.44 1989.44 1989.44 1790.49 1790.49 1989.44 1989.44 1193.66 795.775 994.718 994.718 994.718 994.718 994.718 994.718 994.718 994.718 994.718 795.775 596.831 397.887 
994.718 994.718 994.718 994.718 994.718 994.718 795.775 795.775 994.718 795.775 994.718 795.775 596.831 795.775 795.775 994.718 1193.66 1392.61 1392.61 1392.61 1193.66 1193.66 1591.55 1591.55 1193.66 1790.49 1591.55 1790.49 1989.44 1989.44 1989.44 1989.44 1790.49 1790.49 1790.49 1392.61 795.775 795.775 994.718 795.775 994.718 994.718 994.718 994.718 994.718 994.718 795.775 596.831 397.887 397.887 
