0
0.000724061
0.00144812
0.00217218
0.00289624
0.0036203
0.00434436
0.00506842
0.00579248
0.00651654
0.00724061
0.00796467
0.00868873
0.00941279
0.0101368
0.0108609
0.011585
0.012309
0.0130331
0.0137572
0.0144812
0.0152053
0.0159293
0.0166534
0.0173775
0.0181015
0.0188256
0.0195496
0.0202737
0.0209978
0.0217218
0.0224459
0.0231699
0.023894
0.0246181
0.0253421
0.0260662
0.0267902
0.0275143
0.0282384
0.0289624
0.0296865
0.0304105
0.0311346
0.0318587
0.0325827
0.0333068
0.0340308
0.0347549
0.035479
0.036203
0.0369271
0.0376511
0.0383752
0.0390993
0.0398233
0.0405474
0.0412715
0.0419955
0.0427196
0.0434436
0.0441677
0.0448918
0.0456158
0.0463399
0.0470639
0.047788
0.0485121
0.0492361
0.0499602
0.0506842
0.0514083
0.0521324
0.0528564
0.0535805
0.0543045
0.0550286
0.0557527
0.0564767
0.0572008
0.0579248
0.0586489
0.059373
0.060097
0.0608211
0.0615451
0.0622692
0.0629933
0.0637173
0.0644414
0.0651654
0.0658895
0.0666136
0.0673376
0.0680617
0.0687858
0.0695098
0.0702339
0.0709579
0.071682
0.0724061
0.0731301
0.0738542
0.0745782
0.0753023
0.0760264
0.0767504
0.0774745
0.0781985
0.0789226
0.0796467
0.0803707
0.0810948
0.0818188
0.0825429
0.083267
0.083991
0.0847151
0.0854391
0.0861632
0.0868873
0.0876113
0.0883354
0.0890594
0.0897835
0.0905076
0.0912316
0.0919557
0.0926798
0.0934038
0.0941279
0.0948519
0.095576
0.0963001
0.0970241
0.0977482
0.0984722
0.0991963
0.0999204
0.100644
0.101368
0.102093
0.102817
0.103541
0.104265
0.104989
0.105713
0.106437
0.107161
0.107885
0.108609
0.109333
0.110057
0.110781
0.111505
0.112229
0.112953
0.113678
0.114402
0.115126
0.11585
0.116574
0.117298
0.118022
0.118746
0.11947
0.120194
0.120918
0.121642
0.122366
0.12309
0.123814
0.124538
0.125262
0.125987
0.126711
0.127435
0.128159
0.128883
0.129607
0.130331
0.131055
0.131779
0.132503
0.133227
0.133951
0.134675
0.135399
0.136123
0.136847
0.137572
0.138296
0.13902
0.139744
0.140468
0.141192
0.141916
0.14264
0.143364
0.144088
0.144812
0.145536
0.14626
0.146984
0.147708
0.148432
0.149156
0.149881
0.150605
0.151329
0.152053
0.152777
0.153501
0.154225
0.154949
0.155673
0.156397
0.157121
0.157845
0.158569
0.159293
0.160017
0.160741
0.161466
0.16219
0.162914
0.163638
0.164362
0.165086
0.16581
0.166534
0.167258
0.167982
0.168706
0.16943
0.170154
0.170878
0.171602
0.172326
0.17305
0.173775
0.174499
0.175223
0.175947
0.176671
0.177395
0.178119
0.178843
0.179567
0.180291
0.181015
0.181739
0.182463
0.183187
0.183911
0.184635
0.18536
0.186084
0.186808
0.187532
0.188256
0.18898
0.189704
0.190428
0.191152
0.191876
0.1926
0.193324
0.194048
0.194772
0.195496
0.19622
0.196944
0.197669
0.198393
0.199117
0.199841
0.200565
0.201289
0.202013
0.202737
0.203461
0.204185
0.204909
0.205633
0.206357
0.207081
0.207805
0.208529
0.209253
0.209978
0.210702
0.211426
0.21215
0.212874
0.213598
0.214322
0.215046
0.21577
0.216494
0.217218
0.217942
0.218666
0.21939
0.220114
0.220838
0.221563
0.222287
0.223011
0.223735
0.224459
0.225183
0.225907
0.226631
0.227355
0.228079
0.228803
0.229527
0.230251
0.230975
0.231699
0.232423
0.233147
0.233872
0.234596
0.23532
0.236044
0.236768
0.237492
0.238216
0.23894
0.239664
0.240388
0.241112
0.241836
0.24256
0.243284
0.244008
0.244732
0.245457
0.246181
0.246905
0.247629
0.248353
0.249077
0.249801
0.250525
0.251249
0.251973
0.252697
0.253421
0.254145
0.254869
0.255593
0.256317
0.257041
0.257766
0.25849
0.259214
0.259938
0.260662
0.261386
0.26211
0.262834
0.263558
0.264282
0.265006
0.26573
0.266454
0.267178
0.267902
0.268626
0.269351
0.270075
0.270799
0.271523
0.272247
0.272971
0.273695
0.274419
0.275143
0.275867
0.276591
0.277315
0.278039
0.278763
0.279487
0.280211
0.280935
0.28166
0.282384
0.283108
0.283832
0.284556
0.28528
0.286004
0.286728
0.287452
0.288176
0.2889
0.289624
0.290348
0.291072
0.291796
0.29252
0.293245
0.293969
0.294693
0.295417
0.296141
0.296865
0.297589
0.298313
0.299037
0.299761
0.300485
0.301209
0.301933
0.302657
0.303381
0.304105
0.304829
0.305554
0.306278
0.307002
0.307726
0.30845
0.309174
0.309898
0.310622
0.311346
0.31207
0.312794
0.313518
0.314242
0.314966
0.31569
0.316414
0.317139
0.317863
0.318587
0.319311
0.320035
0.320759
0.321483
0.322207
0.322931
0.323655
0.324379
0.325103
0.325827
0.326551
0.327275
0.327999
0.328723
0.329448
0.330172
0.330896
0.33162
0.332344
0.333068
0.333792
0.334516
0.33524
0.335964
0.336688
0.337412
0.338136
0.33886
0.339584
0.340308
0.341033
0.341757
0.342481
0.343205
0.343929
0.344653
0.345377
0.346101
0.346825
0.347549
0.348273
0.348997
0.349721
0.350445
0.351169
0.351893
0.352617
0.353342
0.354066
0.35479
0.355514
0.356238
0.356962
0.357686
0.35841
0.359134
0.359858
0.360582
0.361306
0.36203
0.362754
0.363478
0.364202
0.364927
0.365651
0.366375
0.367099
0.367823
0.368547
0.369271
0.369995
0.370719
