0
0.000191378
0.000382756
0.000574134
0.000765512
0.00095689
0.00114827
0.00133965
0.00153102
0.0017224
0.00191378
0.00210516
0.00229654
0.00248791
0.00267929
0.00287067
0.00306205
0.00325343
0.0034448
0.00363618
0.00382756
0.00401894
0.00421032
0.00440169
0.00459307
0.00478445
0.00497583
0.00516721
0.00535858
0.00554996
0.00574134
0.00593272
0.0061241
0.00631547
0.00650685
0.00669823
0.00688961
0.00708099
0.00727236
0.00746374
0.00765512
0.0078465
0.00803788
0.00822925
0.00842063
0.00861201
0.00880339
0.00899477
0.00918614
0.00937752
0.0095689
0.00976028
0.00995166
0.010143
0.0103344
0.0105258
0.0107172
0.0109085
0.0110999
0.0112913
0.0114827
0.0116741
0.0118654
0.0120568
0.0122482
0.0124396
0.0126309
0.0128223
0.0130137
0.0132051
0.0133965
0.0135878
0.0137792
0.0139706
0.014162
0.0143533
0.0145447
0.0147361
0.0149275
0.0151189
0.0153102
0.0155016
0.015693
0.0158844
0.0160758
0.0162671
0.0164585
0.0166499
0.0168413
0.0170326
0.017224
0.0174154
0.0176068
0.0177982
0.0179895
0.0181809
0.0183723
0.0185637
0.018755
0.0189464
0.0191378
0.0193292
0.0195206
0.0197119
0.0199033
0.0200947
0.0202861
0.0204774
0.0206688
0.0208602
0.0210516
0.021243
0.0214343
0.0216257
0.0218171
0.0220085
0.0221998
0.0223912
0.0225826
0.022774
0.0229654
0.0231567
0.0233481
0.0235395
0.0237309
0.0239222
0.0241136
0.024305
0.0244964
0.0246878
0.0248791
0.0250705
0.0252619
0.0254533
0.0256447
0.025836
0.0260274
0.0262188
0.0264102
0.0266015
0.0267929
0.0269843
0.0271757
0.0273671
0.0275584
0.0277498
0.0279412
0.0281326
0.0283239
0.0285153
0.0287067
0.0288981
0.0290895
0.0292808
0.0294722
0.0296636
0.029855
0.0300463
0.0302377
0.0304291
0.0306205
0.0308119
0.0310032
0.0311946
0.031386
0.0315774
0.0317687
0.0319601
0.0321515
0.0323429
0.0325343
0.0327256
0.032917
0.0331084
0.0332998
0.0334911
0.0336825
0.0338739
0.0340653
0.0342567
0.034448
0.0346394
0.0348308
0.0350222
0.0352136
0.0354049
0.0355963
0.0357877
0.0359791
0.0361704
0.0363618
0.0365532
0.0367446
0.036936
0.0371273
0.0373187
0.0375101
0.0377015
0.0378928
0.0380842
0.0382756
0.038467
0.0386584
0.0388497
0.0390411
0.0392325
0.0394239
0.0396152
0.0398066
0.039998
0.0401894
0.0403808
0.0405721
0.0407635
0.0409549
0.0411463
0.0413376
0.041529
0.0417204
0.0419118
0.0421032
0.0422945
0.0424859
0.0426773
0.0428687
0.04306
0.0432514
0.0434428
0.0436342
0.0438256
0.0440169
0.0442083
0.0443997
0.0445911
0.0447824
0.0449738
0.0451652
0.0453566
0.045548
0.0457393
0.0459307
0.0461221
0.0463135
0.0465049
0.0466962
0.0468876
0.047079
0.0472704
0.0474617
0.0476531
0.0478445
0.0480359
0.0482273
0.0484186
0.04861
0.0488014
0.0489928
0.0491841
0.0493755
0.0495669
0.0497583
0.0499497
0.050141
0.0503324
0.0505238
0.0507152
0.0509065
0.0510979
0.0512893
0.0514807
0.0516721
0.0518634
0.0520548
0.0522462
0.0524376
0.0526289
0.0528203
0.0530117
0.0532031
0.0533945
0.0535858
0.0537772
0.0539686
0.05416
0.0543513
0.0545427
0.0547341
0.0549255
0.0551169
0.0553082
0.0554996
0.055691
0.0558824
0.0560738
0.0562651
0.0564565
0.0566479
0.0568393
0.0570306
0.057222
0.0574134
0.0576048
0.0577962
0.0579875
0.0581789
0.0583703
0.0585617
0.058753
0.0589444
0.0591358
0.0593272
0.0595186
0.0597099
0.0599013
0.0600927
0.0602841
0.0604754
0.0606668
0.0608582
0.0610496
0.061241
0.0614323
0.0616237
0.0618151
0.0620065
0.0621978
0.0623892
0.0625806
0.062772
0.0629634
0.0631547
0.0633461
0.0635375
0.0637289
0.0639202
0.0641116
0.064303
0.0644944
0.0646858
0.0648771
0.0650685
0.0652599
0.0654513
0.0656427
0.065834
0.0660254
0.0662168
0.0664082
0.0665995
0.0667909
0.0669823
0.0671737
0.0673651
0.0675564
0.0677478
0.0679392
0.0681306
0.0683219
0.0685133
0.0687047
0.0688961
0.0690875
0.0692788
0.0694702
0.0696616
0.069853
0.0700443
0.0702357
0.0704271
0.0706185
0.0708099
0.0710012
0.0711926
0.071384
0.0715754
0.0717667
0.0719581
0.0721495
0.0723409
0.0725323
0.0727236
0.072915
0.0731064
0.0732978
0.0734891
0.0736805
0.0738719
0.0740633
0.0742547
0.074446
0.0746374
0.0748288
0.0750202
0.0752116
0.0754029
0.0755943
0.0757857
0.0759771
0.0761684
0.0763598
0.0765512
0.0767426
0.076934
0.0771253
0.0773167
0.0775081
0.0776995
0.0778908
0.0780822
0.0782736
0.078465
0.0786564
0.0788477
0.0790391
0.0792305
0.0794219
0.0796132
0.0798046
0.079996
0.0801874
0.0803788
0.0805701
0.0807615
0.0809529
0.0811443
0.0813356
0.081527
0.0817184
0.0819098
0.0821012
0.0822925
0.0824839
0.0826753
0.0828667
0.083058
0.0832494
0.0834408
0.0836322
0.0838236
0.0840149
0.0842063
0.0843977
0.0845891
0.0847804
0.0849718
0.0851632
0.0853546
0.085546
0.0857373
0.0859287
0.0861201
0.0863115
0.0865029
0.0866942
0.0868856
0.087077
0.0872684
0.0874597
0.0876511
0.0878425
0.0880339
0.0882253
0.0884166
0.088608
0.0887994
0.0889908
0.0891821
0.0893735
0.0895649
0.0897563
0.0899477
0.090139
0.0903304
0.0905218
0.0907132
0.0909045
0.0910959
0.0912873
0.0914787
0.0916701
0.0918614
0.0920528
0.0922442
0.0924356
0.0926269
0.0928183
0.0930097
0.0932011
0.0933925
0.0935838
0.0937752
0.0939666
0.094158
0.0943493
0.0945407
0.0947321
0.0949235
0.0951149
0.0953062
0.0954976
0.095689
0.0958804
0.0960718
0.0962631
0.0964545
0.0966459
0.0968373
0.0970286
0.09722
0.0974114
0.0976028
0.0977942
0.0979855
