59 45
62 45
67 54
66 50
50 31
69 59
57 36
68 54
58 40
63 47
73 55
68 50
60 44
63 40
62 51
62 34
76 67
65 63
67 56
66 47
76 74
57 40
63 41
60 47
63 51
59 46
61 36
55 30
69 49
63 46
67 63
75 68
67 58
52 35
58 53
60 42
76 75
71 65
58 33
61 37
61 49
67 45
66 54
71 59
68 49
75 70
72 67
71 58
59 39
68 65
71 69
83 86
65 45
72 62
73 65
62 47
66 57
47 23
55 38
65 46
59 46
62 42
67 48
60 59
70 55
74 60
68 48
68 52
70 60
54 25
66 39
64 42
78 83
65 50
65 51
66 47
67 45
63 53
69 59
67 51
80 77
62 58
70 46
66 50
52 30
60 32
60 36
64 46
66 59
67 55
75 62
51 39
57 47
70 57
57 36
61 45
68 50
58 37
62 55
59 36
71 70
74 65
70 57
65 49
65 51
75 62
67 51
47 23
69 71
69 53
58 41
65 56
61 39
64 49
52 36
51 31
70 47
59 44
71 67
59 41
64 52
52 35
68 51
58 45
62 39
70 57
67 61
61 56
62 45
65 51
69 47
59 33
61 40
68 49
63 48
68 60
57 41
64 50
65 44
55 40
63 50
66 51
66 64
75 60
62 60
74 66
60 41
53 29
65 44
58 38
60 39
80 77
64 53
66 54
53 42
61 44
72 71
59 37
70 67
74 59
56 42
60 40
58 37
74 66
61 52
72 57
58 43
71 62
55 28
57 39
61 55
57 43
62 43
56 40
66 50
66 50
72 70
64 49
66 56
74 63
71 66
60 46
71 71
74 79
76 65
69 58
62 33
67 58
51 29
77 86
68 47
66 54
56 37
67 54
62 36
66 54
77 69
69 53
68 48
68 52
72 54
60 38
73 69
61 37
68 49
62 46
52 32
75 59
73 55
66 50
67 48
69 71
66 58
69 54
61 40
64 45
60 51
73 72
67 55
69 58
71 57
74 54
66 53
60 45
65 46
64 50
67 51
55 38
66 47
61 38
73 61
73 59
78 63
70 46
65 45
68 55
60 49
62 49
49 24
74 62
64 49
72 62
58 41
61 32
65 46
65 50
60 49
69 63
72 72
65 44
66 52
60 42
61 53
59 50
79 79
64 44
72 61
72 60
59 48
66 51
64 44
65 51
64 46
69 57
59 47
67 53
67 48
70 64
55 39
66 47
63 43
65 62
75 61
62 48
78 83
75 63
73 56
64 46
58 38
56 33
58 40
55 24
68 55
51 25
67 69
66 48
66 51
71 63
69 51
68 52
65 58
60 46
78 73
80 93
60 34
71 52
61 43
61 50
61 46
63 47
55 26
65 48
62 42
65 53
58 45
71 64
70 59
82 81
66 41
72 72
58 36
66 53
74 70
65 47
66 49
63 51
69 69
78 68
66 53
68 53
53 30
76 64
71 59
67 48
74 63
77 72
57 37
56 34
66 52
63 47
75 70
80 72
71 62
68 45
72 82
67 55
66 43
67 55
63 50
72 64
63 53
56 40
58 51
61 34
64 47
69 57
67 54
67 62
63 44
66 51
57 34
63 42
72 63
65 40
61 39
63 49
65 43
64 43
65 44
61 33
62 37
59 44
66 55
74 66
68 71
55 44
72 63
62 44
55 37
77 61
61 44
62 45
65 47
56 39
56 31
59 40
68 57
67 55
59 47
64 46
62 42
68 61
63 41
60 50
57 43
66 50
66 61
73 78
65 60
68 70
59 34
76 64
68 51
73 69
66 44
49 18
64 50
44 16
66 61
62 47
74 66
61 47
76 57
82 91
70 59
69 50
66 51
62 49
59 38
66 40
55 41
68 48
60 52
64 45
68 51
66 52
62 48
71 57
71 53
77 74
82 87
67 51
56 29
67 61
75 64
63 51
64 48
57 44
62 42
50 34
67 48
60 43
73 53
63 43
69 53
71 70
59 37
73 57
59 43
67 47
70 59
65 43
66 53
57 35
64 44
61 53
57 38
60 47
72 92
82 77
62 43
62 47
64 57
60 43
58 37
68 64
76 70
70 60
67 47
61 48
66 48
63 48
72 77
75 71
61 51
63 52
61 44
55 50
66 55
73 71
83 81
68 49
66 55
65 49
73 75
67 60
66 63
65 60
68 55
54 32
75 56
72 53
59 38
64 44
69 44
57 47
67 47
66 57
69 63
68 57
58 46
70 73
64 47
77 67
48 15
68 51
58 41
79 81
61 53
73 57
65 46
71 78
57 33
70 55
65 57
68 54
65 49
55 33
57 40
72 68
71 52
67 57
58 34
56 35
74 66
61 39
76 63
68 64
68 68
76 67
61 55
70 53
71 62
61 42
63 52
65 67
72 64
68 57
81 83
67 48
61 38
70 58
67 55
69 75
59 39
67 58
58 42
62 46
64 55
64 47
63 46
52 40
73 67
69 47
61 56
61 43
61 42
71 55
56 37
71 58
65 66
68 57
59 37
71 56
54 37
58 42
75 65
73 56
70 56
56 42
58 48
62 52
64 51
60 59
66 47
77 71
65 36
57 38
69 54
57 50
63 59
71 57
71 70
73 72
64 47
59 42
65 49
65 52
72 62
69 63
71 64
82 84
63 51
69 53
68 50
68 55
70 56
70 57
59 41
60 53
63 58
57 33
66 48
69 60
63 41
69 64
61 48
68 58
57 40
80 80
54 36
70 62
74 54
61 50
72 70
55 28
59 59
66 53
59 40
52 35
64 41
68 49
73 58
69 68
64 50
60 48
66 42
67 55
66 50
62 55
65 55
64 57
60 44
75 70
77 78
68 52
51 22
82 72
59 42
81 82
78 75
62 41
55 34
61 38
74 64
61 50
71 50
62 36
73 72
64 57
68 54
66 49
66 55
62 42
71 59
64 45
64 49
65 47
75 66
67 66
59 40
78 79
66 52
67 45
67 49
55 41
71 63
66 57
70 75
58 30
74 60
60 46
72 54
70 53
62 49
73 56
60 43
69 74
65 40
77 56
78 68
72 60
61 62
57 36
67 60
62 55
64 55
58 32
74 65
66 42
63 48
64 52
67 61
61 41
56 29
70 57
70 59
66 57
55 40
74 61
68 55
68 64
48 34
68 48
67 52
59 41
68 61
64 39
84 82
61 49
57 33
58 48
55 42
64 43
67 59
74 63
65 39
70 56
66 43
64 56
57 47
67 53
82 101
70 59
81 87
66 46
55 33
63 37
75 65
52 32
62 43
63 49
72 66
69 59
58 47
59 55
68 53
68 65
47 17
67 55
61 45
70 63
56 38
71 55
72 53
73 62
54 40
60 52
69 60
79 79
66 51
74 64
61 41
67 55
68 51
57 36
67 48
64 50
52 24
61 43
61 43
66 50
71 61
73 60
60 43
49 33
76 73
64 47
64 51
62 52
67 44
62 50
50 31
65 51
68 55
67 46
63 40
66 55
51 37
64 49
63 44
66 61
64 59
76 63
63 57
74 59
61 38
68 58
64 49
67 54
56 33
65 42
57 39
64 47
72 61
58 50
62 45
77 60
70 45
73 59
52 34
57 39
66 49
69 50
48 29
77 72
62 44
75 76
67 61
66 57
68 70
68 52
66 44
65 52
72 59
63 50
74 62
76 65
64 57
62 49
48 31
54 39
62 46
65 50
67 59
64 48
58 36
69 68
56 48
58 41
63 45
64 47
66 58
57 41
63 43
78 69
68 50
68 58
71 55
67 68
66 52
73 69
71 58
70 69
65 37
63 49
52 40
53 33
64 47
78 61
65 44
57 36
64 55
67 54
54 26
64 48
77 76
67 58
61 52
59 40
69 61
65 47
57 39
54 35
61 41
60 39
63 46
72 53
63 51
77 66
63 51
65 52
68 58
70 48
62 44
68 59
58 43
75 47
62 47
55 40
65 57
73 59
73 67
69 55
75 79
71 55
63 47
65 59
76 65
54 34
58 33
71 63
71 69
67 56
70 46
63 46
67 68
69 56
61 43
65 47
68 58
71 58
67 44
67 56
68 62
56 36
62 38
68 73
67 51
65 61
73 60
51 28
58 50
69 44
52 37
72 69
62 46
63 51
69 57
64 57
76 71
62 53
66 54
63 57
71 55
65 48
69 56
71 56
66 50
67 52
62 43
72 58
61 45
56 40
64 46
71 60
56 35
63 51
61 49
56 35
65 47
61 39
64 43
66 48
58 42
65 48
75 70
72 62
74 62
65 60
68 63
72 57
70 49
69 54
60 46
65 44
71 65
71 52
79 72
69 51
61 41
63 46
73 65
66 48
66 56
66 55
68 53
62 62
73 80
59 41
63 43
71 52
68 53
62 54
62 46
74 74
69 64
56 41
47 25
61 40
69 51
74 59
61 39
69 54
61 39
69 57
66 47
63 50
58 43
69 55
64 58
51 36
70 44
71 67
68 55
62 45
69 54
73 68
74 66
61 40
63 55
69 61
66 47
62 41
64 57
72 62
67 48
51 20
67 53
63 50
64 46
61 42
69 55
67 48
72 53
66 49
57 38
56 47
72 57
70 65
68 56
66 49
48 27
69 60
63 55
74 57
65 52
75 66
83 81
67 47
58 30
67 56
66 59
71 64
58 50
60 44
62 46
61 40
68 57
83 87
68 46
67 48
72 51
77 76
68 53
71 50
65 53
75 81
57 41
69 62
60 47
73 65
73 71
57 30
72 62
64 53
69 65
74 67
64 43
64 47
65 51
62 38
69 60
65 47
64 56
69 56
61 43
73 63
72 52
68 53
73 64
78 69
63 51
54 42
66 49
61 57
65 49
66 59
74 68
62 39
64 53
70 58
69 57
57 47
78 74
64 55
75 64
64 40
68 47
71 57
75 75
70 72
55 32
62 63
56 47
71 75
74 69
55 29
66 44
72 70
69 57
62 42
60 42
71 63
66 50
66 59
67 61
63 44
63 65
71 65
54 27
69 44
54 33
56 31
49 30
60 39
67 50
67 56
73 68
72 59
70 76
71 58
53 35
72 58
74 65
54 33
66 54
73 62
59 37
74 55
72 74
67 46
69 59
70 58
66 60
59 45
56 32
52 45
59 39
58 34
73 62
69 61
63 50
75 66
60 36
56 31
52 41
65 56
59 44
68 48
70 68
66 52
63 52
72 73
57 34
55 32
57 33
62 41
75 83
62 47
71 66
71 55
59 35
63 52
50 53
71 61
66 44
60 34
73 52
59 39
71 60
64 59
68 66
61 42
79 69
60 45
60 45
54 37
72 78
66 53
65 46
51 25
80 84
60 48
75 78
68 57
79 74
69 58
58 30
61 47
53 38
60 49
64 49
68 58
64 57
64 52
75 71
74 57
58 44
60 43
71 63
68 52
66 48
75 73
67 47
71 46
68 51
60 41
53 29
60 43
67 54
71 60
57 33
60 39
66 61
63 49
68 63
71 53
62 52
63 57
63 40
69 53
65 58
73 74
68 48
62 49
70 50
63 48
71 52
75 53
60 40
66 46
66 47
53 35
73 65
72 63
76 77
69 56
87 80
58 43
72 70
71 57
62 44
63 53
62 47
66 44
63 49
67 62
61 48
81 83
68 58
63 44
72 72
69 52
60 39
71 58
67 66
74 73
74 66
55 41
65 52
68 63
80 81
69 54
68 57
62 42
63 47
61 49
60 43
64 50
63 56
76 66
78 82
65 39
65 48
66 56
56 35
62 49
61 44
61 60
55 30
67 59
51 33
57 39
67 51
67 58
65 50
70 66
77 67
59 56
56 44
69 62
61 48
64 44
77 72
61 40
66 43
68 49
67 50
66 51
61 40
69 65
58 38
60 46
71 66
55 34
69 52
60 39
73 72
62 47
66 46
64 47
51 31
68 68
58 36
66 59
69 52
62 46
71 57
62 51
68 47
70 50
65 50
62 47
65 48
82 74
54 35
58 30
62 37
69 61
68 60
63 59
75 63
68 61
73 65
61 39
69 52
72 70
60 51
59 38
70 64
75 64
61 44
50 29
68 60
67 46
67 53
68 61
60 42
63 55
65 51
68 61
75 71
64 48
73 60
64 36
55 40
73 62
60 49
60 52
63 53
63 47
53 37
53 34
68 51
66 61
70 60
75 65
59 43
68 59
68 52
69 55
61 43
72 64
69 54
63 48
64 50
68 57
63 48
55 35
46 14
69 64
58 35
59 57
73 88
55 40
71 63
62 49
76 72
63 52
64 39
62 33
57 34
75 61
71 66
66 60
73 70
55 39
57 45
65 63
74 68
54 34
58 35
66 50
66 46
62 49
62 51
70 64
76 67
71 62
62 51
68 52
65 51
58 37
65 50
64 51
66 47
70 57
76 81
66 50
68 47
59 44
67 42
55 36
59 35
67 42
74 71
69 48
71 61
64 47
64 53
58 40
83 82
63 42
65 42
65 44
65 51
65 52
71 62
61 49
66 61
62 39
51 39
57 42
67 54
80 76
69 55
79 71
67 58
70 47
65 48
65 46
73 77
69 50
62 44
81 80
61 45
64 45
60 40
65 55
56 39
74 61
59 35
57 40
70 50
64 35
65 38
59 57
68 61
52 29
77 61
58 41
71 62
67 44
62 45
68 52
60 55
74 62
67 48
71 59
55 42
69 62
59 40
73 51
64 42
64 49
66 53
60 38
67 47
55 28
65 48
65 51
67 63
67 53
66 57
75 72
63 44
55 31
69 70
72 72
71 52
75 75
59 31
75 68
64 45
67 52
60 48
67 47
73 65
69 60
79 64
62 57
63 44
66 66
68 55
58 43
55 32
64 50
68 72
64 52
67 64
69 60
66 42
73 64
76 72
73 56
60 42
63 46
76 59
67 57
63 38
71 57
87 94
56 41
59 49
64 54
74 65
67 61
68 45
49 26
77 73
62 46
72 69
70 63
62 44
74 75
67 57
63 39
65 59
69 58
68 60
68 45
59 44
68 52
64 57
68 62
69 45
71 60
67 58
61 52
58 47
65 51
62 46
63 51
68 61
62 38
72 68
72 67
75 60
66 57
79 82
71 55
62 40
55 36
66 47
65 58
62 43
68 69
47 30
70 63
50 28
45 28
65 39
71 66
68 64
61 43
68 50
68 57
63 57
54 29
73 73
62 47
68 62
64 46
64 44
66 49
56 44
53 31
59 43
72 67
71 60
62 49
62 51
68 54
62 44
61 54
66 46
71 59
68 54
65 42
63 44
68 48
72 59
65 65
60 33
61 56
61 38
62 45
60 43
71 63
64 44
61 41
67 50
59 38
61 48
68 52
68 49
68 48
65 49
68 54
73 70
74 56
57 30
66 53
59 50
70 61
66 49
71 61
64 44
64 51
72 59
67 54
57 36
68 58
60 42
66 53
62 61
76 67
74 59
62 43
67 57
62 49
76 66
72 58
66 52
61 43
67 63
68 52
68 54
60 53
78 74
62 50
68 56
60 52
63 48
60 47
66 53
70 63
71 58
57 35
63 52
58 45
63 45
52 38
65 52
59 44
75 59
73 61
69 67
60 53
57 33
62 36
53 35
66 47
73 64
76 69
69 70
68 61
61 51
76 74
60 43
68 60
67 52
64 55
63 43
67 61
67 50
71 54
67 48
60 33
66 47
65 43
69 47
66 58
66 48
69 56
64 57
60 39
56 38
67 57
65 46
61 46
60 60
65 55
65 53
68 62
59 39
71 55
70 60
71 55
56 43
63 52
57 40
54 29
60 32
63 50
63 46
70 54
66 62
59 40
57 34
55 42
68 53
59 41
67 50
76 74
71 64
68 69
76 69
62 49
63 38
62 53
69 55
78 76
64 48
60 44
56 50
77 65
68 59
66 51
71 49
73 51
60 41
68 58
81 76
61 45
54 37
68 47
72 63
64 56
77 65
72 64
60 48
68 50
51 29
70 63
67 46
69 55
60 52
69 58
60 48
64 46
56 33
75 57
63 51
63 40
68 46
63 52
61 47
69 53
55 37
68 61
64 49
62 34
58 44
78 77
65 55
67 44
81 79
52 32
71 63
62 52
64 54
69 64
62 43
68 52
59 46
64 52
72 53
69 64
74 77
68 55
66 51
63 44
80 91
74 73
67 49
65 50
78 63
81 77
65 43
66 42
67 53
63 50
71 75
64 48
76 74
66 48
69 63
60 40
70 62
55 34
62 40
64 47
58 36
63 51
60 46
60 45
65 50
61 39
69 64
76 60
76 69
67 53
67 50
70 52
69 45
61 48
54 30
72 60
57 46
65 39
63 43
71 66
57 31
59 40
52 37
68 50
71 64
65 52
61 43
70 69
71 55
56 40
64 49
66 54
64 48
66 49
58 36
55 40
65 38
55 31
71 68
77 74
68 59
70 55
80 78
65 57
65 57
56 37
59 43
67 51
59 48
61 46
69 52
75 70
63 46
72 51
65 56
57 42
67 54
61 43
51 30
64 51
75 62
61 42
67 52
67 57
66 59
74 69
62 53
68 60
76 64
61 40
59 49
58 51
58 43
63 43
77 69
66 54
66 43
67 56
73 60
65 47
56 39
68 52
54 34
70 56
59 43
62 46
71 57
80 79
74 57
69 64
55 32
57 42
55 31
63 47
57 46
76 58
55 43
64 39
61 48
61 59
73 60
71 60
69 48
59 37
63 47
65 43
67 64
60 45
82 87
70 51
64 48
64 45
62 34
59 42
67 54
66 62
72 61
66 49
64 45
67 46
70 50
59 49
53 40
62 47
63 45
62 47
62 50
70 59
64 39
62 31
65 47
79 69
71 56
65 49
55 42
65 52
57 39
59 35
63 49
71 63
68 44
68 52
54 30
60 49
64 66
64 54
69 48
71 54
66 49
77 81
62 44
64 52
71 56
75 71
79 69
61 41
70 61
62 48
67 50
76 81
59 46
75 77
77 86
59 40
62 44
69 53
60 34
62 54
64 43
71 57
64 50
55 38
72 60
67 46
71 45
73 63
58 37
79 81
59 32
70 61
75 69
52 40
53 31
60 51
73 56
64 54
61 41
61 45
61 49
68 54
69 51
70 59
71 54
64 51
67 43
57 43
60 45
66 48
70 56
66 58
75 73
67 48
79 74
74 63
50 36
65 46
65 56
67 59
55 42
69 65
69 48
71 51
78 71
63 49
65 48
64 50
70 53
70 53
73 61
66 61
69 67
77 67
65 60
68 54
78 71
67 47
66 53
48 26
70 49
69 51
58 39
64 54
67 55
52 36
62 52
65 44
68 70
64 40
62 53
79 77
58 34
69 46
68 55
66 56
68 49
71 60
71 63
56 31
62 45
67 64
64 47
78 77
51 30
64 43
74 57
75 68
61 50
58 31
68 53
61 48
67 61
72 56
73 66
62 44
63 39
78 73
81 84
60 46
58 53
62 44
55 37
72 48
70 56
69 57
63 50
58 45
65 49
64 51
65 47
63 51
72 62
58 40
60 42
68 59
75 81
78 62
69 59
62 60
59 46
59 33
61 36
70 53
65 50
63 44
73 79
68 51
64 43
61 43
62 47
57 46
62 50
57 35
69 52
68 49
79 84
60 45
56 29
68 42
58 35
58 33
68 54
63 59
66 51
71 55
66 56
64 49
56 35
65 46
63 43
58 39
55 34
60 38
75 73
62 60
71 75
66 58
64 45
65 49
53 38
71 64
71 61
58 40
66 53
72 57
62 46
58 45
73 71
73 66
75 77
55 37
62 44
84 86
70 58
65 33
70 76
73 67
63 50
62 55
69 57
72 53
58 42
64 51
52 31
72 61
75 63
57 33
68 45
63 40
62 43
64 51
67 54
46 24
70 54
69 68
58 58
64 47
55 31
66 65
65 44
66 49
61 39
58 43
63 54
67 58
63 41
67 54
66 44
70 59
67 56
64 45
65 48
55 29
56 39
73 62
59 24
67 57
53 32
63 38
66 52
65 55
65 60
62 48
71 59
62 39
77 82
59 43
64 52
63 48
68 60
73 72
61 43
66 47
69 54
60 46
55 40
78 78
63 40
64 48
57 38
60 35
62 35
58 35
65 57
54 35
58 40
67 46
72 50
80 90
68 47
66 42
68 60
81 92
68 55
63 43
64 72
62 38
70 55
61 61
54 44
65 52
63 53
64 39
63 38
58 43
60 46
68 51
69 57
49 25
47 25
66 48
74 65
75 70
68 66
59 46
63 46
59 36
72 74
59 45
60 46
69 54
66 46
63 42
82 72
75 73
66 62
68 61
71 67
64 44
74 65
64 55
69 53
67 55
55 34
68 58
67 63
72 58
52 28
57 41
51 33
51 30
63 42
63 36
68 71
63 42
60 48
88 84
65 43
64 53
53 38
83 92
67 46
80 73
69 55
78 69
84 93
59 45
69 60
64 37
70 57
62 49
80 90
66 47
68 54
58 43
64 39
65 43
67 52
62 43
67 58
65 40
62 44
66 51
65 44
67 60
65 53
52 35
74 61
52 24
55 43
66 58
66 50
64 42
55 37
59 43
53 33
63 48
63 59
50 23
77 73
71 54
72 66
63 50
69 58
72 63
65 45
71 67
68 63
70 61
74 54
74 67
48 21
59 46
72 58
63 58
63 43
58 45
59 38
56 42
66 45
60 36
57 30
55 36
77 91
67 57
71 61
67 74
67 42
65 43
71 63
66 46
71 54
64 51
67 51
61 46
59 37
53 29
66 46
62 55
55 29
65 51
64 54
67 49
57 38
77 78
47 22
54 33
71 73
57 39
63 40
55 30
70 60
56 34
63 36
71 67
67 48
65 61
73 71
68 58
63 56
65 49
63 42
65 52
60 41
65 59
58 50
68 59
64 39
50 31
56 42
64 53
57 32
76 66
64 53
66 58
67 54
56 35
74 57
70 46
64 51
62 46
60 39
64 43
68 58
64 40
61 42
65 43
64 39
56 36
74 78
69 53
47 16
66 54
55 41
56 31
73 68
62 37
62 53
75 62
56 39
75 85
71 64
71 83
66 53
64 47
56 37
74 69
63 39
68 55
57 44
73 66
60 38
62 49
74 61
69 60
61 41
61 35
55 41
68 59
56 44
72 56
70 62
69 61
73 53
62 50
67 69
68 51
62 42
74 60
55 34
68 46
76 65
67 64
63 50
64 60
65 51
54 32
63 53
80 84
64 54
64 44
60 44
51 38
77 76
62 42
60 46
72 52
62 53
56 45
88 104
62 48
59 44
64 58
74 66
65 48
71 52
82 81
46 18
61 48
58 34
65 50
71 64
59 38
53 37
65 49
61 40
69 62
75 66
61 39
58 34
66 56
61 41
65 43
70 56
66 64
83 80
57 44
71 63
62 45
59 42
61 48
64 59
68 46
69 55
70 54
65 51
59 38
63 49
61 34
76 67
62 53
61 47
67 57
73 67
65 63
72 62
66 51
62 45
64 55
65 57
59 33
68 58
58 38
65 50
62 51
62 70
60 36
66 48
64 49
59 37
62 37
59 39
57 38
67 51
62 49
71 71
62 49
62 38
55 40
58 49
68 56
57 35
66 44
59 50
68 71
66 53
70 49
68 53
63 49
67 54
66 46
64 49
59 34
66 53
68 60
72 76
66 54
66 51
55 40
67 56
60 45
51 36
64 53
71 64
63 45
63 42
67 58
63 45
66 52
71 56
57 33
55 37
65 56
71 58
58 47
70 56
62 52
70 49
66 46
66 58
64 50
61 42
64 61
79 88
62 46
73 76
55 30
69 48
59 34
59 42
67 53
62 48
63 48
78 64
75 55
62 44
58 35
70 52
67 49
57 46
78 74
70 60
79 74
71 61
56 40
73 67
67 48
62 50
58 35
70 52
61 48
74 62
77 79
63 47
62 37
63 54
60 46
63 50
63 55
67 56
55 33
77 62
69 46
50 32
78 73
68 53
74 64
57 29
56 33
72 68
58 39
66 58
74 66
60 41
63 41
68 50
73 57
68 46
62 49
53 27
57 37
61 43
58 47
75 71
73 53
60 33
85 75
51 33
63 51
48 22
75 72
62 63
59 39
60 49
61 33
81 96
68 62
60 43
70 60
60 44
69 53
69 62
70 54
74 56
56 35
74 59
73 67
64 57
62 44
74 64
60 39
69 56
60 56
64 40
67 48
68 49
63 41
46 27
55 33
54 31
67 52
51 24
60 42
74 76
76 69
59 34
63 53
70 60
66 48
61 41
64 41
59 44
54 42
70 59
71 61
49 39
62 37
58 42
66 43
55 32
60 47
70 61
57 51
65 52
68 56
66 57
74 62
63 57
63 53
73 65
81 68
60 33
62 48
76 57
74 76
69 64
70 51
63 41
61 40
67 55
72 59
68 58
66 46
63 49
68 49
62 42
69 69
55 38
62 56
71 44
68 59
54 35
65 49
68 69
66 40
71 59
69 51
64 47
68 54
67 63
64 49
78 86
60 45
67 48
66 50
71 61
63 46
64 48
71 67
74 55
50 33
69 72
75 65
78 69
78 80
69 67
73 63
63 47
59 46
59 34
60 40
70 45
63 42
68 69
65 47
61 54
75 70
63 48
60 40
66 60
76 55
64 51
70 57
64 52
75 71
74 60
70 73
64 43
61 47
69 56
64 48
66 55
66 49
64 50
66 58
76 72
78 66
52 46
55 37
68 64
50 34
73 70
74 67
63 48
66 61
54 28
62 56
67 53
50 29
66 58
56 30
68 45
66 52
67 52
57 34
66 48
58 47
56 38
61 53
64 47
67 56
78 69
71 51
67 52
62 45
67 58
55 34
62 44
62 40
64 48
78 75
77 66
68 45
75 66
64 47
70 60
72 54
71 61
63 46
64 55
83 83
65 48
71 58
50 28
74 60
69 62
62 48
65 48
85 62
55 38
72 62
81 90
64 48
58 37
68 59
56 32
68 62
69 60
66 51
67 47
67 58
66 56
60 44
55 38
61 37
67 57
61 46
72 69
74 57
55 29
71 59
58 44
63 41
59 39
65 57
72 72
61 51
51 27
74 72
77 64
82 67
62 49
73 77
68 64
73 76
66 52
64 46
54 36
59 53
61 51
72 56
77 68
63 53
70 59
53 31
59 30
69 62
62 46
67 52
69 54
56 35
65 54
70 55
67 47
59 48
66 46
62 46
60 48
75 78
63 60
63 39
73 50
72 62
73 59
62 37
66 39
73 60
70 55
66 51
61 43
66 46
66 59
63 40
84 79
65 55
75 72
70 60
52 41
67 51
73 66
61 42
65 42
66 45
59 35
67 58
70 64
62 46
71 68
82 74
60 37
69 58
69 72
69 45
65 43
64 53
65 68
68 63
66 50
58 38
67 47
67 52
65 43
59 45
54 37
70 54
62 52
68 59
73 62
54 33
60 52
76 68
70 59
69 64
56 30
67 44
59 42
64 49
61 43
63 40
66 46
59 40
74 60
61 37
57 48
63 47
65 57
64 51
54 27
61 34
78 81
65 46
73 73
70 70
70 68
70 61
70 59
53 39
72 69
66 49
67 60
68 65
68 51
55 40
66 49
69 59
66 47
61 49
63 48
65 53
61 55
51 32
64 35
70 59
52 26
75 80
62 42
62 45
64 45
73 55
64 43
60 42
63 45
57 29
55 35
59 44
72 69
64 51
70 59
83 85
61 47
62 40
43 23
60 41
68 56
52 27
82 67
60 38
55 46
48 31
69 49
69 63
58 42
63 45
71 63
74 61
68 55
64 54
74 71
64 39
58 36
67 55
73 59
64 50
65 43
76 72
72 66
59 39
63 50
62 57
64 51
70 48
53 29
63 55
60 47
69 60
66 52
68 47
68 53
67 51
60 36
78 76
63 57
64 50
75 73
66 47
67 55
79 76
65 54
65 50
64 50
71 62
65 38
63 48
71 64
66 55
64 56
61 42
58 37
63 43
65 39
54 32
71 57
70 52
78 100
62 54
64 42
65 51
68 70
73 62
55 29
70 54
70 59
66 46
69 53
56 34
63 43
75 72
68 58
65 48
67 67
69 50
66 43
61 43
58 39
56 38
55 26
61 42
80 68
64 49
50 32
61 45
57 40
51 34
60 47
46 22
70 54
59 45
75 71
67 63
58 39
67 49
66 54
62 39
71 61
70 68
66 49
74 54
54 24
64 37
63 59
62 52
67 52
67 57
63 45
56 39
73 63
60 43
69 62
70 70
65 60
58 37
59 31
70 61
70 55
57 42
66 63
63 42
59 39
77 71
74 76
49 21
68 60
63 46
62 52
54 30
59 41
60 44
64 46
60 50
83 70
76 69
57 41
56 44
71 60
47 28
60 36
61 46
69 56
55 39
52 24
62 42
56 30
65 49
63 46
67 52
67 56
64 44
55 37
57 32
65 46
73 69
77 67
65 58
55 40
64 66
69 50
60 48
63 48
74 69
81 87
69 62
68 51
58 35
73 64
60 45
72 58
56 30
54 34
61 49
66 41
65 44
57 42
64 47
58 42
51 27
62 51
72 59
70 64
64 41
54 31
75 70
62 44
62 57
52 35
60 38
80 76
58 36
83 85
57 33
68 54
67 49
66 54
66 52
74 60
54 35
71 57
61 46
69 57
71 63
63 45
64 38
62 41
59 47
71 59
64 50
65 46
65 50
64 48
63 50
67 55
54 31
70 61
63 52
57 37
66 47
70 49
75 68
66 51
56 33
73 80
61 43
56 46
55 30
65 49
65 59
59 43
51 36
67 48
69 53
60 44
67 58
75 66
63 53
66 66
64 51
84 81
76 63
57 36
68 53
77 78
69 64
72 56
59 48
62 47
62 40
51 33
74 70
62 44
64 52
55 33
68 60
68 50
55 38
60 41
73 75
66 51
61 36
66 45
68 55
71 75
70 65
57 35
58 38
55 44
72 59
61 39
67 52
74 66
65 48
70 53
77 83
66 48
68 47
70 56
71 67
61 45
58 41
59 52
66 58
72 72
78 69
64 44
61 46
72 68
60 35
64 51
52 27
55 31
69 47
85 81
64 39
76 70
61 37
53 26
62 53
58 37
68 58
69 60
67 52
70 57
66 53
59 32
71 56
64 57
78 74
73 62
84 87
78 75
50 41
53 19
62 40
66 61
66 53
74 62
60 41
58 43
72 52
68 61
78 85
58 48
71 66
64 53
47 27
60 48
75 68
64 46
66 41
65 61
73 62
66 54
60 49
64 47
72 63
56 36
80 73
69 57
64 44
65 47
64 51
74 62
71 66
69 53
64 37
74 63
58 36
77 77
70 62
53 42
72 56
75 66
69 67
49 28
59 44
68 56
62 41
54 32
68 57
54 39
82 80
69 60
66 54
51 29
61 48
66 33
74 65
50 41
53 29
70 71
77 65
73 72
62 43
59 25
59 35
70 69
59 42
64 48
61 44
61 43
64 47
65 55
75 62
68 49
66 47
57 45
72 59
68 48
57 39
69 61
48 23
75 65
66 63
74 52
67 49
64 46
66 48
62 46
71 67
46 32
63 41
81 80
65 50
75 69
76 71
61 52
61 47
66 47
53 27
70 55
62 47
62 48
70 54
75 74
80 78
62 32
71 62
61 37
72 67
70 52
60 53
76 63
58 36
68 65
72 57
73 79
71 64
64 56
70 58
62 49
66 63
68 53
66 49
66 52
56 34
75 62
62 48
57 28
55 30
76 68
66 51
74 68
76 80
63 46
52 29
64 53
65 49
53 31
59 49
66 54
72 61
63 45
66 58
68 60
69 69
63 45
61 46
59 39
66 50
52 25
67 57
67 60
60 33
65 60
62 44
71 68
67 42
62 42
57 43
53 40
63 68
61 37
70 60
65 43
65 56
65 56
66 50
74 69
77 82
61 42
66 48
62 38
68 55
52 36
70 64
63 46
67 59
62 49
76 76
80 77
66 56
71 64
57 37
62 43
63 49
69 48
64 57
77 76
65 58
69 57
73 62
62 46
63 40
66 50
62 48
64 49
54 25
54 40
69 64
85 98
66 60
59 34
67 73
61 49
66 47
75 70
61 36
73 73
73 69
63 44
53 26
61 40
60 48
72 64
68 54
58 28
71 64
57 39
68 56
68 59
64 53
60 33
63 49
69 65
58 36
77 67
58 34
63 47
67 47
60 46
66 47
67 52
59 44
77 72
68 53
63 50
63 60
75 71
64 45
65 54
66 52
59 55
70 55
72 65
77 63
59 41
62 34
60 43
78 76
72 55
51 25
70 60
68 57
72 67
51 31
79 80
77 76
53 47
71 59
45 17
58 34
67 52
64 46
60 43
51 31
59 34
80 59
64 49
62 40
62 50
77 77
62 42
67 52
54 34
68 50
60 32
64 47
71 68
65 50
65 37
57 32
46 29
76 63
69 61
62 49
57 43
59 34
69 68
60 28
63 33
71 59
58 35
57 49
59 38
73 61
68 55
70 75
56 44
73 60
78 79
71 51
77 69
72 52
60 47
65 45
75 66
73 60
79 70
61 44
69 62
66 44
57 41
69 65
59 48
69 61
61 44
58 32
58 42
58 34
73 59
60 44
60 31
65 55
54 29
61 50
73 61
63 45
53 40
65 69
76 56
67 38
75 64
51 29
59 40
77 82
78 68
61 44
78 89
64 52
75 80
60 34
73 68
57 34
59 43
68 49
66 42
75 66
63 47
67 50
68 56
65 48
66 50
57 31
64 41
64 48
59 40
63 58
58 35
75 63
61 46
61 52
71 69
65 50
73 69
73 51
59 50
58 42
68 57
52 28
59 46
61 44
74 59
57 40
68 50
68 42
54 37
69 58
64 61
59 33
63 37
67 50
63 43
62 50
59 43
60 41
65 63
63 47
69 42
63 41
85 86
73 60
61 46
72 58
61 53
75 58
71 60
65 50
67 52
71 52
63 47
61 38
62 60
70 66
56 33
80 90
54 38
69 52
65 49
48 38
70 62
66 54
65 44
66 56
61 42
61 47
47 26
71 74
72 57
66 52
58 37
71 47
66 50
54 28
66 55
70 47
79 71
63 42
72 59
73 82
51 39
70 54
67 49
63 39
72 60
75 60
70 56
61 36
67 62
75 55
57 45
63 45
71 48
61 44
70 77
62 52
67 48
79 78
80 80
62 48
71 58
68 57
73 68
48 27
60 41
70 63
70 50
62 47
66 48
70 59
66 52
67 60
59 37
59 45
67 51
67 61
62 44
62 47
62 47
68 56
68 51
62 52
71 71
56 31
58 36
62 50
67 45
67 53
68 59
63 41
51 31
67 65
61 41
64 54
61 35
78 73
71 59
67 59
70 58
68 52
70 61
56 40
63 57
71 54
44 20
66 50
66 49
54 36
71 66
59 40
59 37
58 40
70 52
64 61
71 59
61 47
60 36
72 70
50 38
65 50
76 55
68 64
68 58
65 56
63 52
68 63
61 47
70 68
65 54
59 37
53 27
72 58
71 57
82 83
67 60
65 56
71 73
60 41
60 46
66 46
61 42
66 50
62 47
53 34
75 80
61 56
80 86
83 76
63 43
70 56
68 48
76 77
66 47
68 53
65 48
67 54
57 45
65 47
65 42
76 66
74 56
72 67
58 36
66 56
61 38
63 50
62 48
62 49
64 37
69 51
72 64
63 45
71 59
67 48
55 39
69 51
55 41
71 48
64 43
65 51
62 35
69 51
70 57
87 87
59 36
69 58
57 28
66 46
55 25
75 65
59 37
73 62
68 47
81 73
63 45
67 60
59 33
65 40
58 41
59 44
63 49
71 75
85 83
69 46
69 49
60 42
73 65
62 36
62 54
56 39
54 35
70 62
66 54
67 53
59 37
57 35
77 75
56 32
54 43
57 47
66 59
73 67
61 35
70 58
71 73
60 54
67 44
59 37
59 46
82 94
62 41
64 52
60 41
59 56
64 55
52 31
61 49
59 34
69 74
66 63
63 48
57 36
67 50
66 43
67 46
49 29
57 40
66 55
75 73
76 65
61 45
61 37
81 79
62 32
68 63
68 66
75 57
62 42
63 55
71 61
63 47
73 71
61 36
64 49
60 40
64 50
57 37
68 52
60 40
64 52
79 76
68 52
51 26
63 45
47 21
68 56
60 43
66 64
59 46
66 46
83 74
67 48
69 60
64 52
68 63
67 48
73 72
74 57
63 32
55 37
52 35
61 52
59 40
75 67
71 61
66 56
67 43
68 59
66 46
73 71
63 47
61 49
54 36
68 55
53 33
67 48
61 49
58 37
67 62
57 38
63 53
64 55
56 40
74 63
80 81
70 61
64 45
63 48
80 85
64 46
60 45
64 55
57 36
66 54
57 44
62 39
58 43
62 53
66 53
62 53
62 47
62 58
55 37
67 60
84 86
68 46
71 58
61 53
66 54
65 51
70 57
78 67
74 67
70 53
61 45
68 60
68 51
61 39
64 56
68 51
77 74
58 41
66 58
60 44
65 58
61 50
74 63
73 63
79 80
65 48
66 43
73 61
56 36
68 39
70 67
51 39
68 56
57 35
59 41
73 56
76 67
65 42
72 67
66 62
62 35
65 60
80 69
70 57
68 59
71 57
63 45
68 54
67 46
58 26
57 45
69 57
72 55
71 68
58 35
65 41
60 45
56 44
60 38
66 49
62 61
62 38
74 68
58 37
73 57
61 41
62 43
56 32
70 68
59 45
66 62
75 61
63 40
66 52
74 65
63 42
60 47
66 52
70 48
44 26
61 51
64 53
57 40
56 39
78 77
62 45
79 88
50 23
54 31
63 60
76 68
70 57
70 65
67 50
67 50
59 41
73 59
66 58
62 42
78 64
73 58
60 38
65 53
72 68
55 43
75 72
60 31
65 56
58 30
66 44
51 36
65 67
66 47
74 75
70 53
66 59
71 63
78 67
64 54
73 68
63 50
65 54
60 36
62 48
65 55
73 55
56 34
56 41
67 49
61 40
64 55
69 58
71 66
63 48
61 36
64 48
57 40
65 42
58 57
76 71
62 36
72 55
74 71
79 73
65 61
66 57
69 61
60 46
71 58
72 67
64 46
66 53
64 46
64 43
47 14
64 54
75 67
68 68
75 66
56 45
73 68
73 61
68 69
67 55
64 46
65 61
58 37
59 57
66 58
68 54
79 63
64 52
68 57
66 49
68 47
61 41
68 56
76 55
73 60
73 66
69 59
78 74
69 59
68 51
58 35
60 48
65 50
60 46
76 64
61 52
78 68
67 54
61 47
64 57
62 54
68 58
74 80
73 67
75 63
61 41
68 54
64 51
63 49
61 33
58 30
63 56
74 46
77 63
70 57
63 55
71 66
61 44
64 42
62 38
69 56
68 62
73 54
60 56
71 51
72 63
69 55
59 49
60 48
65 51
62 44
56 36
67 57
53 35
74 79
63 45
63 53
74 66
58 35
77 71
66 56
61 49
53 32
60 39
76 70
62 56
56 38
57 39
79 71
71 58
64 54
59 49
79 73
61 46
65 61
63 50
63 41
65 60
66 48
72 67
69 58
74 60
71 62
67 53
69 64
66 54
66 52
69 62
58 44
72 55
67 58
60 44
58 32
65 52
57 46
63 45
64 58
70 57
67 60
55 46
77 66
63 39
76 79
54 44
61 44
61 49
61 35
80 92
76 66
74 65
63 48
66 52
69 75
77 68
74 62
61 55
58 37
72 69
61 56
64 45
62 43
66 54
63 53
66 64
67 60
72 68
61 43
70 56
59 51
70 71
66 45
69 61
74 72
76 62
60 38
66 50
72 60
61 55
74 72
67 48
76 82
67 61
61 42
66 54
67 52
68 52
68 64
69 54
76 73
61 41
73 55
66 50
69 61
53 36
69 52
82 85
69 60
53 34
67 54
62 51
76 65
77 75
83 80
63 61
78 67
66 59
74 64
66 61
60 40
65 49
76 76
77 68
57 40
59 46
59 47
69 57
78 73
69 50
70 48
70 68
65 39
59 35
71 75
68 59
63 57
64 54
51 33
64 52
63 40
69 60
67 58
75 61
54 30
66 52
61 45
57 41
69 62
64 50
71 57
61 35
62 43
70 54
67 54
64 49
75 76
68 57
68 49
63 42
64 43
62 33
59 46
55 41
65 51
67 47
63 45
57 46
71 60
69 53
77 74
61 41
66 45
62 40
63 57
69 65
63 44
76 69
61 42
54 37
60 36
66 43
65 47
54 28
68 55
58 49
61 58
72 63
66 52
65 52
52 33
75 59
65 53
61 42
62 48
55 32
66 51
79 69
53 52
76 64
64 56
70 62
50 26
73 61
59 42
60 44
70 59
65 36
58 44
61 40
50 29
56 37
66 54
69 55
67 46
65 57
65 46
59 44
81 84
71 55
59 44
76 59
74 63
82 81
65 44
54 43
56 39
60 37
66 48
62 42
61 43
64 42
68 52
48 29
51 33
70 61
65 50
52 34
68 57
56 43
51 51
71 49
67 59
64 54
68 53
70 58
68 52
76 77
62 53
62 50
55 31
62 48
69 62
67 52
71 70
65 57
59 37
75 73
67 51
66 52
64 48
65 45
84 80
70 66
63 44
66 52
59 41
63 52
64 47
69 61
65 53
63 50
69 49
56 27
77 60
64 41
64 42
68 63
67 52
80 71
56 34
67 60
57 36
61 53
59 38
70 61
66 50
72 61
64 43
61 47
65 45
58 45
78 68
70 66
67 48
66 50
57 44
61 37
75 73
61 45
71 56
70 56
73 62
73 59
76 72
60 40
66 47
69 53
71 61
56 43
77 85
61 43
74 61
70 54
49 38
67 64
74 74
62 45
60 44
64 50
64 39
61 57
52 41
52 22
66 58
67 50
66 42
74 54
67 53
69 50
62 46
64 52
67 59
57 43
65 53
60 51
69 48
60 44
78 71
73 70
64 55
59 40
74 74
74 83
62 40
56 42
55 28
73 58
64 49
72 63
62 59
65 55
73 81
67 46
51 28
65 42
63 44
70 62
67 53
68 60
51 39
76 64
84 89
70 61
58 34
74 79
57 34
67 56
63 48
74 63
71 63
67 52
68 57
71 60
62 47
68 53
70 57
75 78
60 43
59 44
58 38
56 39
68 60
74 62
61 44
67 45
65 45
72 51
60 49
66 55
54 39
63 45
58 35
72 56
77 86
62 50
58 36
66 42
56 37
71 52
61 58
69 55
66 41
56 34
59 34
65 44
74 60
62 45
69 59
54 33
47 34
72 73
64 45
78 63
61 46
60 42
68 59
77 62
64 54
70 58
51 31
63 43
68 54
65 59
72 62
67 49
45 24
62 53
71 70
77 64
76 70
69 58
71 58
68 62
62 41
73 63
64 41
79 73
66 47
66 45
79 85
67 53
80 74
67 53
60 44
59 37
55 34
61 51
66 57
71 63
74 72
60 54
73 61
58 44
69 70
48 19
62 47
68 51
67 41
58 43
65 50
79 76
66 44
57 30
60 39
69 46
58 35
76 63
66 53
57 39
75 77
59 46
54 39
68 52
70 54
51 23
60 47
79 76
76 72
62 47
68 53
76 65
64 55
66 44
62 57
64 47
61 54
57 40
70 59
63 40
72 56
69 60
67 67
76 65
71 58
60 46
74 84
62 41
76 68
71 68
46 28
62 44
72 57
61 38
63 48
69 51
67 42
61 45
73 69
63 61
73 61
73 59
62 50
59 41
71 52
67 47
68 64
71 64
64 51
74 54
75 69
65 47
60 50
57 35
55 37
73 64
58 30
62 55
73 62
73 80
78 76
53 29
51 32
79 70
57 53
72 60
63 51
58 49
66 62
71 55
63 39
62 44
77 63
81 72
65 42
75 70
67 45
58 34
75 65
83 87
56 40
75 63
69 58
57 34
63 65
59 43
62 44
74 73
59 42
62 32
79 66
55 42
62 39
72 76
51 33
66 54
59 38
65 48
59 44
59 40
61 41
75 63
70 65
68 57
63 44
66 56
76 65
57 24
60 49
73 56
59 51
71 54
67 45
62 48
60 42
61 44
75 81
68 59
55 34
60 35
53 24
65 53
63 40
69 60
59 29
51 31
68 57
68 51
62 46
46 34
65 53
61 47
60 39
69 68
58 45
81 99
68 52
62 47
75 62
76 64
68 70
65 50
62 41
61 41
63 57
76 77
63 53
59 49
63 47
60 46
66 47
60 37
74 60
67 59
74 63
57 41
62 53
63 49
61 53
74 68
62 50
73 58
65 50
70 51
75 60
61 30
59 38
62 42
53 31
70 61
64 38
68 49
62 55
56 40
62 44
58 37
79 73
60 40
65 56
63 54
58 31
67 42
66 57
68 49
54 30
64 48
68 51
63 54
62 45
61 46
61 44
58 41
67 47
63 41
67 55
71 66
58 39
71 61
67 52
58 38
57 43
57 40
68 62
68 64
71 65
70 52
61 42
73 63
61 34
63 50
68 60
68 54
77 73
63 43
53 33
77 63
58 37
65 51
63 45
63 47
74 57
68 57
56 40
69 65
63 51
61 41
57 43
62 50
64 49
64 58
63 47
54 32
67 55
72 59
72 63
69 62
66 55
73 69
64 46
63 55
63 45
66 52
60 39
66 51
72 62
76 69
71 58
57 59
70 52
70 58
64 46
58 48
61 31
63 44
70 58
61 47
74 76
78 92
59 51
66 53
56 31
67 50
52 31
64 54
56 44
59 40
64 37
64 49
70 58
57 43
60 41
59 42
58 31
63 48
56 24
57 46
61 42
73 72
72 54
55 30
68 61
53 32
76 59
69 46
72 55
64 46
71 46
70 57
65 48
76 71
68 53
66 53
71 57
82 84
61 48
61 47
65 53
71 63
71 80
68 67
59 31
66 48
78 73
76 62
74 60
79 77
67 48
60 36
69 52
67 55
73 72
62 45
67 53
67 59
53 24
58 30
55 29
55 32
64 52
57 32
53 40
71 68
67 49
69 57
66 61
57 37
70 66
58 45
67 50
69 43
66 47
69 57
66 58
58 47
77 79
60 42
66 45
70 67
66 57
69 62
62 44
70 57
58 45
65 52
67 67
73 58
62 46
69 60
60 46
52 30
67 51
77 71
73 59
72 63
67 58
72 62
62 38
53 32
59 41
58 39
59 47
58 42
65 56
68 44
59 37
59 45
48 25
64 51
56 36
89 98
56 41
70 61
66 46
61 36
68 56
62 49
59 46
75 78
77 63
68 55
65 53
65 52
65 37
70 66
57 53
70 57
60 42
69 50
67 52
58 38
70 59
63 48
69 51
59 49
62 50
65 54
72 57
70 73
57 42
49 27
56 32
59 38
63 56
60 48
68 54
64 59
69 67
66 52
80 82
71 79
68 58
59 45
67 56
67 50
74 58
69 65
67 63
55 37
60 38
60 36
49 30
61 42
59 35
63 52
77 77
62 40
60 44
55 37
70 59
48 24
70 66
70 58
60 46
65 43
81 81
65 47
58 48
60 35
64 49
60 37
69 49
67 59
74 71
60 42
70 63
60 44
72 65
77 74
64 36
61 35
63 57
63 49
66 59
51 35
51 29
60 48
72 60
64 57
74 96
56 46
66 64
73 69
62 52
58 45
55 44
82 87
70 51
56 26
61 38
77 83
66 65
73 67
50 46
62 34
59 42
70 64
68 43
68 52
67 62
67 51
71 71
62 48
69 56
65 51
56 34
66 52
70 64
74 62
68 56
71 51
56 37
62 56
59 44
57 36
55 34
69 47
61 45
68 54
67 52
68 56
70 48
61 42
51 33
63 56
71 68
68 48
61 47
66 59
75 64
73 70
65 47
54 41
60 37
61 42
64 48
69 61
62 41
64 41
65 48
59 42
62 57
66 46
58 45
61 42
55 41
68 53
66 58
62 39
85 86
78 67
68 57
75 64
69 56
61 34
59 42
76 83
49 36
60 43
60 46
62 53
65 58
69 70
79 79
64 39
64 47
61 33
54 33
66 43
66 52
75 81
55 39
66 49
66 55
65 42
65 49
75 64
62 48
58 44
59 42
60 42
49 28
68 50
60 46
73 69
70 53
68 50
60 38
59 36
56 49
71 69
57 38
56 37
70 57
60 36
59 51
62 56
61 38
70 60
54 32
70 53
56 52
73 64
70 61
67 64
66 54
70 53
69 46
66 59
63 47
62 46
70 49
69 58
76 62
57 41
74 77
60 50
67 57
57 36
65 45
64 43
74 77
62 40
73 59
62 43
63 40
81 78
62 41
58 36
58 37
69 66
71 59
65 43
52 31
59 46
60 33
59 42
61 54
59 38
57 40
72 53
62 40
60 39
58 43
70 66
78 75
58 39
63 46
70 49
54 29
68 45
63 50
75 65
59 33
68 60
55 41
63 47
55 40
55 38
64 52
70 58
59 49
71 60
61 43
76 72
68 59
61 50
60 39
71 60
63 39
65 45
67 46
60 46
64 51
59 44
64 61
69 59
71 62
80 73
64 45
74 62
64 53
65 43
64 50
59 48
69 61
73 52
71 55
65 52
76 71
72 59
65 53
60 44
67 55
68 58
72 64
58 54
79 64
56 41
55 34
63 53
74 59
66 50
75 69
59 47
66 46
68 56
68 60
69 46
64 41
74 76
56 34
63 35
68 54
76 80
57 41
65 44
65 57
76 73
59 42
78 68
77 88
69 39
65 50
65 56
67 54
64 46
66 50
70 64
65 63
64 47
70 64
60 42
62 36
59 57
61 41
66 41
73 62
54 40
62 40
54 30
57 33
75 64
69 59
64 44
66 48
57 31
72 66
63 39
61 56
67 60
62 44
71 58
64 49
61 29
73 51
64 40
54 38
65 49
68 67
68 52
64 46
74 75
73 49
62 44
71 64
67 55
62 47
68 62
64 56
80 74
61 48
72 55
65 43
63 46
64 53
71 61
76 61
68 55
62 48
61 44
62 62
67 55
62 39
57 27
74 59
64 49
64 44
65 47
56 30
72 58
64 58
74 62
58 29
65 54
69 61
65 50
71 65
61 45
73 71
67 46
56 45
71 72
64 52
69 56
64 54
71 70
66 55
54 34
64 37
63 51
58 44
61 45
63 68
67 42
64 52
65 54
64 49
56 30
60 37
50 25
68 59
60 36
64 53
62 52
70 47
76 61
60 47
53 33
68 64
64 51
72 59
61 49
61 45
61 48
70 62
64 45
61 45
66 59
61 40
50 31
62 51
77 77
73 66
60 37
61 38
71 57
60 51
76 64
78 81
65 49
62 47
68 65
61 43
69 58
70 59
64 56
85 75
66 46
60 45
64 50
61 47
75 68
59 37
70 59
70 58
64 40
74 74
59 35
66 63
58 44
90 82
72 53
66 59
73 58
73 64
59 53
70 67
68 60
60 41
69 53
61 48
83 91
68 51
55 25
68 51
77 69
69 52
69 67
71 51
68 66
58 33
67 61
64 45
63 52
66 52
71 60
62 43
71 63
66 49
78 61
52 30
66 55
47 33
64 55
71 53
66 51
70 61
71 59
76 60
75 80
65 49
68 63
54 40
68 64
59 40
60 42
57 43
64 49
63 48
56 33
61 37
76 64
55 40
66 44
63 38
65 46
68 58
62 52
73 62
76 69
66 44
69 53
69 53
65 55
69 65
54 31
71 67
48 25
57 38
58 36
66 52
69 53
54 28
66 55
62 47
59 44
73 64
75 72
66 49
68 56
73 65
67 53
64 46
75 65
72 66
69 54
69 50
64 62
65 48
65 52
64 50
68 57
68 55
42 26
65 62
57 44
73 72
78 77
61 50
74 56
61 62
66 49
64 53
69 57
77 70
64 55
60 46
66 60
67 53
65 40
64 39
64 41
71 57
65 48
56 40
76 78
62 47
57 41
64 53
73 78
65 43
71 61
71 71
51 32
73 62
47 26
69 58
74 67
62 51
50 31
70 52
68 58
54 34
60 48
76 70
58 46
71 48
62 64
58 34
66 49
52 35
70 61
71 59
58 47
72 76
72 47
67 43
70 43
66 57
71 52
65 51
74 63
61 40
60 47
57 37
63 43
74 58
66 49
67 44
61 51
52 28
64 52
59 43
62 39
70 68
73 62
64 51
75 64
57 46
67 54
77 84
68 51
64 49
75 70
69 47
60 44
58 36
72 53
54 32
54 32
61 44
61 43
75 84
62 43
54 38
56 31
60 36
47 25
67 57
61 48
60 46
74 72
72 66
72 64
70 60
70 56
65 36
55 30
70 61
71 62
73 67
68 55
65 65
57 36
60 39
78 69
65 52
67 49
67 59
66 61
75 58
60 69
69 53
59 40
61 48
63 48
69 51
68 50
55 26
73 66
67 48
43 28
76 68
65 46
57 42
45 25
84 94
72 58
79 67
66 58
64 50
61 43
56 35
75 68
74 68
69 55
63 40
55 28
64 45
57 53
52 23
54 37
61 43
67 63
75 78
59 42
72 65
66 40
72 63
58 35
65 46
58 41
62 42
63 32
64 57
62 41
59 39
65 44
81 82
65 51
64 31
62 46
77 77
66 53
72 61
59 40
54 31
65 56
58 41
55 29
65 45
68 48
59 36
64 53
62 43
67 51
71 50
68 55
74 63
68 59
64 45
57 42
74 60
68 49
72 69
61 44
55 26
63 55
63 55
58 35
74 50
75 63
64 43
63 43
63 44
52 33
69 61
64 45
74 69
63 44
59 38
58 44
71 58
63 52
64 50
55 42
65 47
60 41
73 55
63 44
67 58
76 65
80 80
71 64
75 57
56 37
67 58
60 42
58 45
66 43
59 42
71 68
74 62
54 32
59 51
63 46
77 72
58 32
77 78
73 62
64 53
71 50
65 43
63 38
63 47
69 59
66 61
76 86
65 58
76 79
72 48
63 42
65 55
75 64
65 59
72 65
64 46
61 46
63 50
62 43
77 69
72 59
78 69
58 31
73 63
67 47
73 65
60 49
73 70
68 58
61 37
76 75
73 84
62 61
68 51
68 47
72 57
68 49
50 22
69 80
67 64
49 32
80 68
61 55
72 64
67 57
62 45
65 50
62 54
73 64
70 67
70 49
66 39
60 53
71 47
62 49
68 41
54 40
60 48
77 64
66 51
64 45
66 42
74 65
59 46
67 64
72 65
72 59
60 36
69 63
63 44
71 54
75 75
68 49
77 79
77 76
62 65
65 48
72 67
64 50
61 47
68 59
56 37
65 58
62 46
61 39
64 40
75 70
62 45
72 61
66 59
73 74
62 42
67 58
71 59
60 31
65 48
52 34
59 43
72 75
65 45
53 41
62 38
72 66
68 46
73 59
60 39
64 48
61 42
62 43
64 46
72 69
73 64
68 60
71 68
71 58
65 50
60 38
74 62
76 75
67 46
65 45
70 63
74 57
59 41
64 49
59 50
65 44
70 55
68 59
66 42
82 61
69 56
71 49
65 45
55 31
64 62
58 41
70 50
67 60
81 75
69 53
67 53
58 32
81 92
63 45
80 72
62 47
55 38
68 68
65 56
67 60
57 37
76 71
69 60
85 82
68 51
72 59
55 33
71 54
67 53
58 39
71 57
72 61
66 51
60 42
64 46
75 74
67 71
60 42
62 50
64 58
57 35
54 38
60 41
70 73
59 47
59 39
63 40
63 50
74 76
83 100
49 30
71 69
62 53
60 40
51 26
62 41
57 40
60 51
69 68
63 53
66 56
66 44
51 28
71 59
68 53
67 50
67 53
71 48
64 46
67 45
66 52
70 59
62 50
62 55
65 44
59 45
70 69
72 76
79 85
61 32
62 41
58 26
63 49
51 42
70 66
57 35
67 56
60 42
54 35
63 45
53 29
60 44
70 52
64 54
56 38
60 51
63 41
71 58
67 57
62 36
67 57
69 68
49 22
49 26
85 86
59 34
68 53
64 40
79 75
56 42
69 61
64 48
57 39
68 50
71 56
57 36
60 48
66 46
65 46
56 37
68 56
66 48
69 44
76 70
59 43
63 56
64 52
70 53
60 44
56 32
63 47
75 70
77 63
71 48
72 69
49 27
54 29
61 45
62 47
67 56
67 51
59 49
60 38
66 57
65 46
60 39
62 42
76 65
73 67
56 35
60 40
58 41
57 38
59 47
67 59
76 77
60 49
66 55
81 86
71 62
67 56
75 64
54 42
67 54
59 43
67 49
67 57
67 61
53 33
62 50
73 64
70 57
72 66
71 66
71 59
72 66
68 49
66 43
74 59
69 54
60 41
62 45
59 40
72 53
65 48
65 57
61 48
65 46
66 58
54 32
60 39
68 58
71 45
57 32
70 65
68 55
57 36
60 45
70 69
65 44
67 56
60 47
66 53
61 40
70 52
59 38
60 41
73 66
72 69
54 26
66 48
65 53
70 48
57 35
65 49
76 81
73 60
55 34
71 55
60 42
66 46
59 42
65 50
59 46
71 69
74 65
69 65
65 46
53 29
71 65
54 35
67 65
69 56
63 46
57 37
66 51
71 58
69 56
75 64
73 64
65 49
59 40
57 43
76 81
57 34
62 42
61 36
60 50
61 49
55 30
65 39
67 49
73 73
53 29
67 48
59 41
57 48
78 70
54 31
65 53
65 44
70 54
69 65
64 43
61 28
68 62
71 70
64 52
69 55
67 51
63 53
66 46
72 63
69 62
60 49
59 50
65 41
68 50
80 71
55 41
60 44
63 47
60 35
79 70
66 41
69 61
67 57
63 52
66 56
61 44
70 71
64 55
61 42
73 72
70 56
58 60
65 53
62 48
68 58
59 54
67 51
73 63
73 56
60 35
50 31
71 59
68 53
71 59
65 50
59 44
60 48
82 83
77 71
77 76
60 40
67 47
57 31
56 57
68 54
64 44
59 58
66 44
71 58
57 35
60 36
64 45
57 51
55 36
70 68
62 50
70 59
67 61
72 68
60 40
67 62
65 43
49 28
63 52
65 57
50 25
63 40
68 55
65 52
54 28
67 53
71 75
71 67
70 57
57 35
73 62
64 51
67 49
60 44
67 51
68 68
60 42
86 97
65 65
66 54
77 62
67 49
65 51
65 39
71 72
69 48
73 67
67 51
59 35
57 38
61 51
63 61
66 51
74 62
58 42
67 55
61 43
62 41
60 45
61 41
64 44
69 52
63 45
83 82
73 70
58 41
78 71
65 48
65 49
52 32
70 51
68 57
66 53
64 47
58 40
68 52
59 39
68 52
59 44
61 55
65 55
57 40
59 52
73 72
76 57
61 48
78 69
72 69
49 28
57 34
67 65
63 41
64 49
68 53
69 63
70 59
61 35
44 24
72 58
58 47
82 69
66 48
70 54
70 56
74 61
50 17
61 41
67 59
76 72
66 63
58 33
77 78
62 59
59 54
66 57
68 52
65 53
70 62
77 68
64 46
68 56
66 48
62 40
80 73
60 35
57 41
59 55
58 40
64 47
66 53
72 58
57 34
61 60
62 41
63 29
62 46
81 71
49 29
52 28
63 42
67 64
63 46
59 41
70 56
64 45
68 41
52 34
67 64
59 39
57 40
64 49
72 63
71 54
61 52
73 56
67 60
63 49
60 44
57 30
61 35
61 48
64 55
67 49
51 31
54 34
73 69
73 65
64 50
85 94
69 52
63 48
69 50
72 59
64 55
78 86
58 41
70 59
55 33
64 53
74 60
71 60
71 61
70 54
74 61
68 68
59 35
67 50
53 30
76 59
71 61
70 55
61 47
59 44
58 38
65 44
67 56
65 55
82 108
54 40
73 55
66 52
72 69
73 71
62 56
52 34
59 32
69 56
60 58
59 37
63 49
59 44
64 53
72 75
67 50
59 32
73 61
65 42
65 49
63 59
62 38
72 61
68 55
72 55
62 43
71 58
69 72
59 42
58 47
69 53
64 54
61 48
63 46
71 66
74 52
76 60
69 50
57 40
68 62
58 45
66 65
61 47
68 60
64 40
57 41
71 57
64 38
72 68
58 41
76 71
65 59
69 63
63 47
59 40
61 39
66 58
70 51
70 60
63 42
71 69
64 43
64 50
64 45
76 66
58 48
77 64
61 49
55 33
63 44
69 64
69 64
60 30
55 41
62 42
56 31
65 62
62 40
73 69
64 47
60 46
70 48
68 52
61 55
70 56
53 32
54 37
74 71
67 44
62 39
61 39
73 57
68 62
67 55
64 44
68 52
75 73
65 70
54 43
51 31
69 60
65 61
65 46
62 50
77 84
66 41
63 49
74 65
58 45
60 41
81 72
59 33
58 36
50 22
56 41
55 43
58 43
69 53
72 68
48 26
72 75
60 43
60 44
59 38
55 45
85 83
66 51
61 46
76 69
79 80
64 54
67 47
63 50
69 52
81 83
80 72
66 47
72 60
57 43
66 52
58 37
60 43
68 58
69 53
58 45
59 41
56 37
63 46
70 60
72 50
67 52
62 55
59 43
70 51
75 76
67 57
66 50
53 37
62 57
52 35
65 46
58 36
60 41
74 60
64 52
66 57
62 41
74 62
70 62
71 55
61 56
68 55
62 42
63 53
58 39
58 44
63 52
57 32
70 60
75 60
65 46
61 34
56 36
72 76
67 53
74 56
63 57
73 69
59 39
73 69
58 44
59 42
67 50
67 68
69 57
74 45
69 60
71 62
69 60
67 46
48 24
71 45
60 51
70 62
50 30
75 73
67 60
85 86
64 49
44 21
79 81
62 55
64 48
71 77
60 47
58 35
68 34
73 58
60 49
55 47
59 37
79 71
70 63
68 54
55 42
61 48
63 47
58 35
62 41
55 39
70 62
76 72
77 82
74 67
63 47
76 71
70 49
72 55
81 71
71 62
72 47
71 72
63 42
67 66
62 32
51 23
65 52
76 66
59 40
73 69
64 49
62 53
61 39
55 39
58 40
69 61
60 58
72 67
62 42
67 51
69 54
67 63
72 62
65 50
49 20
72 50
69 47
60 56
58 38
71 47
77 82
70 64
64 49
61 47
70 65
59 46
72 58
62 44
62 38
50 25
58 34
66 47
61 41
72 58
65 42
70 58
68 55
68 62
65 63
58 41
74 74
59 42
71 60
63 41
56 37
58 39
69 51
69 51
68 58
63 64
63 46
56 38
69 53
77 82
73 71
46 25
57 39
49 29
55 31
57 40
75 68
66 45
70 65
61 40
52 26
66 65
69 78
65 42
61 40
53 35
61 49
56 45
56 37
61 48
74 65
61 38
71 52
58 39
65 41
57 44
70 60
62 48
60 43
67 55
61 45
65 56
52 27
61 40
59 50
65 49
56 35
56 33
67 51
71 53
57 39
66 44
84 86
63 55
64 41
58 49
83 79
54 34
69 59
53 34
66 61
58 42
76 61
65 43
60 39
74 70
62 43
57 44
69 60
74 57
75 69
78 63
64 47
64 47
67 56
66 56
73 63
65 60
62 49
49 33
58 39
63 51
71 53
60 48
65 63
69 58
78 76
60 38
61 41
71 64
58 35
62 44
55 31
74 56
62 46
66 46
76 69
65 46
61 39
61 51
83 87
66 48
60 47
63 51
65 47
66 63
58 36
68 52
66 49
66 63
64 50
62 42
67 48
53 35
66 43
75 70
59 38
59 44
58 50
67 43
67 53
71 56
59 41
67 55
58 43
64 54
72 65
72 64
60 45
73 74
61 51
67 52
72 85
65 46
74 79
64 41
57 38
66 49
70 43
71 56
71 73
65 53
73 60
77 70
61 48
65 59
62 40
51 36
78 74
67 45
66 44
65 59
61 50
57 53
51 24
51 37
66 53
63 57
65 57
55 34
68 51
56 42
72 55
56 39
79 71
54 37
73 70
78 72
63 52
76 51
72 64
58 45
78 65
57 37
65 57
74 51
59 44
70 53
74 64
75 71
63 50
69 55
69 70
59 43
70 69
66 49
67 50
69 45
57 36
57 40
73 70
64 52
73 57
53 34
59 37
67 59
57 43
66 52
73 55
70 51
65 57
65 48
54 33
75 75
79 88
69 65
59 56
58 41
68 58
60 38
60 43
64 46
70 74
70 48
68 43
55 23
58 36
63 42
71 60
68 55
60 39
60 44
74 75
69 58
72 65
70 68
64 50
58 44
85 91
68 58
58 46
68 48
74 72
55 33
64 44
71 51
71 60
57 37
74 51
53 39
59 41
54 35
70 47
67 52
71 77
59 46
60 39
61 47
63 47
65 57
72 71
66 49
66 50
72 70
82 90
82 103
80 73
79 85
78 89
63 51
65 44
58 37
58 35
65 53
69 56
60 40
65 51
64 48
62 56
70 62
79 102
74 61
65 49
64 54
62 52
63 49
81 88
74 58
69 73
58 38
63 55
66 56
66 52
58 37
63 55
69 53
73 57
74 71
62 41
79 75
66 45
55 28
65 48
64 50
64 39
61 49
54 32
56 38
71 61
59 35
62 52
68 56
70 60
82 87
57 39
64 58
81 81
63 55
65 51
71 55
68 55
53 39
45 17
48 18
68 56
66 63
61 36
64 67
51 20
53 35
63 54
75 58
63 51
52 26
56 37
69 57
65 56
56 44
62 46
78 74
57 32
62 38
64 45
64 50
62 55
51 33
59 39
62 51
57 45
57 37
61 51
51 29
61 38
67 56
56 32
58 44
68 53
65 41
76 73
76 67
60 39
61 50
57 37
69 70
75 72
69 60
72 58
67 58
69 57
68 52
71 67
73 61
69 53
59 41
73 62
76 68
68 55
60 31
71 67
60 39
60 64
71 59
54 41
68 53
66 45
69 49
66 49
69 55
67 54
61 45
73 62
59 46
79 69
56 39
70 46
60 38
71 66
68 56
73 64
75 62
70 56
68 51
66 59
72 59
60 31
69 60
70 58
61 45
66 43
55 34
60 44
59 50
57 39
60 52
53 33
72 51
56 34
74 59
57 43
72 64
70 63
62 33
58 48
68 59
56 33
64 41
61 37
53 23
57 48
69 56
65 63
62 45
65 52
67 54
69 79
69 51
56 44
66 54
57 40
69 52
72 59
72 73
67 46
75 62
62 39
61 51
71 69
71 59
62 47
61 47
63 40
65 67
64 45
82 79
63 57
67 57
53 32
66 52
55 37
72 53
75 67
58 41
66 64
61 41
57 43
72 60
56 37
60 38
66 47
69 55
61 48
63 49
76 76
61 45
53 38
67 47
70 63
72 63
68 56
72 45
60 30
59 38
80 71
58 29
60 41
62 45
74 75
73 69
61 39
59 41
55 40
67 49
67 44
61 41
62 42
69 49
57 39
65 52
57 37
68 57
53 27
59 45
76 83
54 34
66 57
75 75
71 54
77 68
57 29
60 51
72 56
69 51
74 62
67 53
66 51
66 51
67 42
63 44
70 46
66 46
78 70
60 36
62 42
75 71
74 65
74 76
69 52
58 35
66 48
55 45
68 62
69 60
66 50
69 60
62 46
66 63
64 52
65 54
60 43
62 49
57 32
50 27
72 72
60 32
66 51
60 42
61 55
61 55
58 37
57 32
67 53
63 51
68 52
58 43
56 40
75 65
71 51
58 40
65 57
69 68
63 42
60 46
71 58
73 63
60 40
76 60
71 58
63 60
69 50
57 45
65 47
73 62
70 64
65 44
52 36
69 70
68 61
59 48
70 51
71 65
72 73
65 54
70 59
69 53
64 49
62 57
60 46
69 58
63 42
68 76
69 55
66 56
56 41
72 60
71 55
69 59
67 58
60 41
72 63
51 36
57 36
61 45
73 61
65 62
67 66
68 51
61 47
63 54
69 58
72 67
61 58
54 24
69 47
65 54
56 42
61 44
65 55
64 57
58 47
66 63
67 64
65 49
59 41
63 39
67 54
58 43
65 37
65 50
57 37
69 64
70 63
61 53
58 50
65 52
75 58
60 44
72 63
56 32
58 42
63 46
61 54
61 51
62 52
65 42
57 37
68 48
65 45
60 42
67 43
71 55
62 42
68 83
70 60
65 51
69 66
61 47
60 46
61 46
69 54
73 55
61 45
70 69
60 31
72 48
61 46
57 46
56 35
62 61
60 52
55 32
58 40
67 54
69 48
60 51
68 59
52 36
66 46
64 37
72 58
55 30
66 53
62 50
63 45
58 42
62 40
56 42
72 60
65 44
60 43
69 61
58 38
63 46
88 89
73 57
81 83
59 36
62 53
66 49
64 48
68 55
56 35
50 34
69 68
56 36
59 50
69 62
69 60
54 32
73 63
56 37
62 51
56 31
60 45
69 66
66 62
59 39
53 34
71 69
65 50
61 41
57 36
57 39
62 62
79 74
64 44
62 49
57 36
67 57
57 30
59 30
69 56
58 30
73 69
70 54
59 38
60 55
56 38
62 53
72 52
74 62
67 47
58 38
72 71
58 35
57 42
60 39
63 43
66 47
75 57
72 67
71 70
67 59
63 43
66 40
63 52
66 64
57 29
64 51
71 68
63 43
62 44
59 32
64 42
71 67
81 101
65 44
74 62
59 38
61 52
65 48
68 47
66 53
63 46
67 46
65 50
82 80
63 55
67 58
69 55
78 65
62 56
65 43
63 40
63 46
68 56
58 33
64 60
74 69
61 48
57 47
64 52
60 45
63 57
65 59
62 48
67 58
74 65
71 61
60 40
69 56
62 49
65 41
55 36
68 61
63 37
54 31
58 43
58 52
62 37
62 50
77 61
70 82
59 42
54 33
51 37
60 42
73 68
77 74
62 46
61 43
75 63
66 50
66 47
76 74
59 47
67 43
61 59
55 36
67 48
54 36
69 61
64 45
70 72
62 46
68 65
63 58
57 37
65 49
56 37
58 41
70 57
74 58
58 38
72 70
57 45
63 41
61 50
67 49
64 51
54 30
62 44
63 42
66 72
64 49
67 52
60 60
74 61
64 58
69 57
70 44
60 38
65 52
67 52
71 60
55 37
56 33
63 41
75 55
64 53
61 48
55 30
71 62
74 66
72 55
63 45
65 47
64 49
49 33
62 48
78 71
73 58
73 57
77 81
74 64
75 72
62 38
64 42
59 43
82 82
62 48
56 33
58 41
61 55
67 45
72 58
85 86
61 43
62 51
85 88
66 48
73 62
83 78
63 56
70 65
62 62
64 48
58 40
64 46
70 59
72 53
73 66
61 46
70 48
62 48
58 42
71 62
73 64
66 42
62 44
78 62
65 51
64 45
54 25
66 50
63 43
58 43
69 60
75 73
62 47
78 65
64 42
73 61
58 42
57 28
64 52
61 48
67 55
63 46
50 24
67 58
67 51
58 34
61 44
64 55
64 51
62 36
66 56
58 38
71 54
70 53
68 57
69 48
54 34
64 43
56 37
68 51
65 49
71 60
75 66
60 45
79 72
72 55
71 64
71 56
64 44
61 38
59 41
68 52
72 60
67 62
66 44
64 47
70 58
53 33
71 68
56 35
71 45
56 36
78 72
64 48
81 90
67 43
83 88
60 41
62 35
78 78
58 47
61 50
73 70
65 52
71 58
59 42
74 56
75 73
75 78
66 38
51 27
71 62
64 46
70 71
63 49
73 68
63 42
53 33
70 56
68 55
60 48
47 31
69 60
56 36
56 39
73 62
69 62
68 42
74 56
59 45
85 77
72 67
63 38
66 64
65 59
60 43
62 55
77 59
70 61
49 33
56 40
76 77
67 42
65 57
61 49
77 66
69 49
65 49
84 96
68 66
59 36
66 47
60 40
58 38
72 64
65 38
63 44
64 48
72 51
74 69
61 51
58 47
54 30
70 63
59 40
65 48
65 52
59 53
58 39
76 64
68 64
57 40
64 45
74 60
63 53
66 47
65 58
65 63
55 29
65 52
67 63
60 45
70 63
62 40
63 46
59 42
55 26
66 53
58 42
75 62
67 66
69 63
69 55
67 54
76 62
68 53
60 39
63 45
70 54
65 59
75 78
70 55
52 26
60 45
67 56
57 34
70 75
55 34
71 58
66 45
63 52
57 44
78 71
59 34
70 65
69 60
70 73
63 40
63 39
59 46
67 53
60 46
79 70
71 45
74 72
62 51
58 40
61 43
67 44
70 53
74 66
68 51
69 53
64 37
65 51
63 49
67 46
59 42
64 45
60 36
66 60
54 36
73 64
63 42
72 71
71 56
73 77
75 66
57 33
62 47
68 59
47 45
73 66
72 60
77 72
62 41
70 56
65 42
73 71
57 30
66 43
58 37
65 36
68 49
72 59
65 46
64 45
72 69
68 46
66 54
61 46
76 71
71 48
62 40
52 36
70 64
60 40
66 48
70 66
70 65
63 64
66 45
66 37
61 46
61 45
68 46
53 38
59 57
78 73
80 85
63 54
60 58
56 36
82 85
67 56
73 71
77 76
56 40
74 64
67 47
72 73
74 62
59 41
66 47
65 45
60 47
65 53
60 39
77 68
65 36
62 40
83 75
72 60
69 67
69 57
70 54
64 49
66 52
69 50
54 35
56 47
70 54
71 71
53 30
61 46
56 39
71 52
66 49
69 52
57 50
69 52
52 30
54 30
72 54
61 42
51 27
72 64
63 38
74 73
65 45
54 24
73 69
67 56
71 66
70 62
71 64
67 50
61 51
58 34
55 36
57 42
56 37
61 42
69 67
81 72
70 61
67 51
67 70
67 59
69 52
78 71
64 48
52 35
71 59
67 49
69 49
62 53
63 46
67 53
69 50
60 53
62 44
60 40
63 49
63 40
61 39
74 72
69 52
54 26
57 43
60 45
64 49
61 46
64 51
63 46
71 52
70 59
72 66
65 48
76 73
63 41
68 55
69 52
64 48
66 53
65 47
65 57
68 52
55 39
57 41
64 63
72 63
56 43
62 50
58 48
66 55
66 54
62 47
61 52
66 57
57 36
64 49
64 48
58 36
76 69
72 49
68 49
61 48
60 42
53 40
69 60
67 62
63 49
63 45
63 47
59 40
69 56
68 63
62 38
67 41
53 32
73 68
58 43
66 47
72 64
75 67
63 65
71 73
56 40
58 34
72 74
65 52
67 54
62 45
47 21
55 35
63 37
73 68
59 49
68 48
53 25
69 65
64 57
76 67
67 50
66 55
66 56
61 40
77 65
65 50
62 55
78 62
60 37
71 56
82 71
77 58
62 38
50 43
67 51
66 61
63 48
73 75
57 53
72 51
69 61
70 51
58 41
60 46
72 68
54 39
58 34
65 45
63 50
68 55
65 67
64 55
65 49
62 42
63 50
66 61
64 42
51 34
57 35
68 48
50 22
76 79
66 45
65 52
54 36
66 49
69 59
60 45
75 58
57 38
68 55
67 52
62 38
66 56
52 34
62 43
72 64
72 64
72 66
69 56
60 50
66 45
65 52
66 48
65 53
65 49
66 58
68 49
75 69
73 64
60 38
68 56
63 39
59 50
68 52
69 58
62 44
68 55
62 48
72 67
79 65
62 45
66 42
60 40
67 64
65 48
65 51
70 48
87 101
68 60
76 78
67 59
63 46
74 73
54 36
68 55
73 56
66 60
61 42
62 63
59 41
67 48
70 66
68 56
60 47
58 39
68 51
69 57
64 58
67 50
61 37
62 37
72 63
73 49
56 36
61 47
58 39
67 53
73 61
59 37
61 38
61 60
77 74
61 44
61 43
65 47
69 65
81 65
71 74
68 56
66 45
68 46
71 56
79 85
71 53
73 67
59 46
56 40
63 51
64 43
61 43
61 66
73 58
72 49
68 59
69 55
60 42
66 57
68 71
74 66
72 54
63 55
58 43
58 42
68 48
64 44
61 43
55 48
73 65
68 50
59 36
65 52
70 55
67 58
73 54
62 46
63 48
71 66
79 73
61 35
62 37
67 38
55 37
66 59
59 46
64 46
53 44
64 54
55 34
68 51
56 42
63 50
59 36
60 43
80 79
57 35
78 74
62 38
66 42
69 60
63 46
59 43
72 56
55 33
61 48
50 30
71 56
76 64
62 46
70 68
68 62
67 49
63 50
71 66
54 34
65 47
68 54
69 67
71 54
64 61
73 53
67 63
59 37
64 56
64 58
64 44
59 44
70 63
58 45
67 55
64 52
63 64
75 67
63 53
61 42
57 42
61 46
65 47
71 68
57 33
58 41
66 56
53 39
59 45
60 36
70 68
65 50
65 50
51 24
73 65
61 48
68 37
70 63
60 42
72 67
75 78
65 55
69 60
64 52
73 67
65 55
74 70
60 37
59 36
69 61
64 58
71 63
85 88
69 52
73 76
61 37
66 39
66 51
60 39
57 35
73 66
67 65
57 39
68 57
67 53
68 59
74 74
66 60
70 73
69 68
58 44
68 46
66 55
66 53
53 40
67 60
65 46
68 49
59 44
66 48
62 43
68 53
64 47
62 34
69 64
68 61
56 39
59 35
63 50
72 72
66 60
63 50
70 59
84 81
53 46
72 58
69 50
61 43
58 42
71 65
66 47
57 40
66 65
63 47
54 36
67 46
66 46
64 48
72 50
72 50
64 45
59 43
63 44
63 59
57 40
51 36
71 57
71 55
62 42
64 42
65 42
55 36
55 43
62 46
70 68
69 59
66 51
62 39
53 32
68 44
61 37
67 56
68 52
63 47
58 34
69 54
60 42
66 47
69 61
76 69
60 43
76 72
75 78
68 46
75 56
53 50
63 51
54 35
66 64
73 67
64 52
60 40
69 60
66 62
68 58
53 21
66 50
72 80
75 71
74 58
70 58
55 35
77 78
61 49
64 49
75 78
65 60
61 43
60 43
73 57
71 71
57 35
54 27
72 60
66 56
66 45
64 57
75 58
66 51
65 54
58 43
68 48
68 65
70 63
66 63
62 40
64 45
68 48
63 58
66 45
62 43
70 53
50 32
73 66
63 59
71 75
69 62
64 42
69 50
59 36
57 35
61 45
51 34
72 61
72 77
52 28
61 43
58 30
66 57
56 35
62 38
67 56
61 42
74 67
70 58
57 30
69 63
59 51
70 64
68 53
64 46
80 79
80 80
63 48
72 69
67 66
70 62
63 52
73 62
81 82
70 70
57 32
65 41
65 56
60 49
65 44
59 37
67 59
68 53
60 43
61 52
61 47
75 69
60 48
59 42
68 58
66 49
70 58
73 62
54 34
71 58
60 32
67 57
75 82
72 60
62 36
63 53
62 44
58 46
71 63
63 41
72 57
60 48
69 64
73 62
84 74
60 47
68 49
79 61
75 66
53 42
71 58
60 44
69 58
71 46
74 73
59 46
62 52
61 45
62 45
62 47
54 37
61 49
74 71
56 30
66 61
75 65
67 54
67 58
64 50
62 50
60 46
64 41
53 33
66 56
66 62
67 52
61 46
73 62
74 63
79 88
62 45
54 42
71 62
64 52
59 40
56 46
78 85
58 43
77 65
68 49
61 38
74 81
60 36
69 55
63 55
60 49
79 79
60 39
68 53
67 61
59 33
63 43
76 67
56 40
69 54
67 51
53 32
60 41
63 49
56 47
63 40
70 59
60 51
67 66
66 61
72 60
63 43
68 45
62 45
64 39
66 59
67 51
59 43
62 48
51 38
67 58
65 48
66 63
60 43
63 50
72 65
73 75
63 36
69 55
70 59
66 53
66 57
61 53
62 52
77 61
59 48
63 47
67 50
69 56
58 47
61 50
66 49
61 35
68 53
66 42
70 56
58 43
65 53
70 70
56 44
72 62
71 53
73 66
71 53
61 48
57 37
67 50
61 36
72 59
79 78
73 61
70 68
55 43
54 33
65 48
80 87
70 51
74 65
66 58
72 59
56 46
70 63
66 52
62 47
61 36
61 47
58 45
77 78
56 40
62 54
71 52
59 37
74 64
73 59
65 52
65 50
71 57
67 50
43 20
76 68
77 73
66 49
71 64
69 56
55 40
75 61
74 69
59 41
52 27
68 56
83 85
62 42
51 28
77 62
74 63
63 49
70 60
62 41
62 46
56 47
63 44
60 43
61 41
60 43
60 44
74 59
62 44
78 66
66 45
68 55
67 50
69 55
81 89
69 56
69 53
58 48
63 48
57 37
53 32
63 46
66 56
51 35
61 37
65 50
63 45
76 68
64 46
69 56
64 49
69 53
77 78
72 50
65 52
84 83
68 61
71 60
68 49
48 30
69 54
60 37
64 54
60 33
56 38
63 45
63 60
72 68
58 43
68 48
79 69
63 42
55 34
66 40
60 56
71 56
68 52
77 65
68 48
68 59
77 79
66 60
66 45
62 39
63 40
67 49
60 44
65 59
61 42
62 52
60 36
54 31
73 67
67 42
58 31
59 41
68 59
63 48
76 69
67 47
62 42
68 53
67 60
54 30
63 39
64 50
65 47
66 52
68 53
66 55
76 67
72 60
62 42
63 52
67 48
60 43
68 54
65 50
72 60
61 43
67 51
86 82
49 30
67 50
53 29
70 50
74 72
60 37
68 47
53 34
58 46
50 30
70 59
64 59
62 43
57 36
69 55
57 39
65 51
82 80
59 43
69 54
72 68
63 57
61 43
63 37
84 89
61 46
70 53
71 56
59 42
70 56
69 55
66 54
67 44
71 54
80 72
70 59
72 71
70 58
54 32
59 41
69 57
65 44
67 55
61 43
56 37
65 43
63 50
55 33
68 52
55 32
62 47
71 72
59 35
61 40
65 40
68 49
68 57
67 51
70 49
71 58
53 40
75 76
67 71
57 42
69 54
61 41
70 67
69 57
59 40
72 64
66 54
64 48
58 36
59 40
66 49
68 61
65 46
57 43
68 59
50 33
60 45
65 61
73 65
62 52
72 58
62 47
71 43
67 50
66 55
60 34
68 72
52 29
56 32
57 33
69 53
73 60
72 58
64 48
62 48
54 25
51 35
56 43
75 65
78 68
66 44
74 80
61 41
64 51
78 73
53 32
76 66
66 52
66 58
62 43
68 64
69 62
72 54
75 76
60 34
63 50
67 54
78 86
80 57
66 48
61 46
63 58
63 50
64 44
66 54
71 60
75 63
64 57
74 79
61 46
60 42
75 64
66 54
75 74
70 65
65 46
60 39
67 48
63 47
72 64
64 56
67 57
82 85
77 73
57 40
61 39
66 41
70 64
59 44
63 44
62 51
71 53
75 62
62 46
68 53
64 56
70 60
52 34
71 55
60 43
60 48
64 40
68 60
69 59
61 40
55 27
64 56
70 69
70 56
59 40
71 65
52 37
69 52
71 63
78 69
80 78
49 41
60 42
61 60
66 53
68 61
72 48
67 44
56 42
71 63
67 56
68 48
50 32
57 39
77 67
63 53
76 68
54 23
65 53
68 62
68 60
62 47
72 57
84 70
63 69
76 75
48 30
73 60
85 76
67 50
56 41
64 42
68 44
75 72
64 52
69 58
54 37
60 55
63 70
68 62
66 64
64 51
62 42
77 85
68 56
62 51
60 47
82 82
61 39
65 50
64 48
54 33
59 38
58 31
69 61
67 57
56 34
62 47
56 39
64 42
68 48
74 88
61 50
54 31
75 66
59 45
60 42
67 52
68 51
70 54
67 69
69 52
72 59
74 66
65 44
64 65
73 66
66 55
57 37
66 53
67 62
69 73
73 70
67 47
71 63
63 46
65 48
58 37
69 62
64 53
55 33
65 55
61 45
77 72
67 62
59 43
71 66
65 51
63 49
60 43
70 62
62 43
55 34
78 72
72 62
57 43
72 76
60 39
60 37
65 42
56 35
64 54
69 49
71 62
70 69
73 63
69 61
74 75
77 75
70 66
58 40
66 58
67 53
76 62
69 62
64 43
65 55
66 50
56 31
66 41
70 59
60 35
59 28
69 48
66 52
65 52
62 34
73 62
71 49
59 38
59 37
71 61
70 68
66 51
52 30
63 49
59 54
68 57
63 54
79 70
62 54
75 55
68 57
58 42
61 37
64 59
71 64
64 52
65 55
60 42
66 51
64 45
53 19
68 54
62 43
60 40
66 54
65 59
56 39
71 62
68 47
56 36
65 42
74 67
61 51
70 59
56 41
75 73
66 53
57 41
72 59
58 37
68 63
62 49
55 45
70 56
65 52
73 84
49 24
62 51
59 43
61 38
72 59
63 54
64 60
61 47
73 73
51 23
71 69
73 64
60 40
62 44
63 54
69 48
70 58
68 54
69 65
73 53
52 32
44 20
72 50
64 43
64 52
69 59
71 60
50 31
67 50
62 40
61 50
58 39
56 43
59 48
66 53
56 42
78 72
64 46
71 62
66 57
62 51
72 66
68 54
77 61
69 49
64 46
71 55
68 51
74 60
68 53
65 61
65 54
62 51
70 65
56 32
73 57
66 54
59 31
62 42
70 57
66 54
63 40
68 58
55 37
57 40
63 43
62 42
59 45
57 41
50 33
61 39
76 62
71 57
58 42
57 34
61 42
70 54
65 51
65 48
67 52
61 40
54 28
53 30
55 33
56 36
53 31
64 47
64 65
66 41
65 62
65 48
67 45
72 52
56 33
69 65
67 51
78 60
62 43
60 52
48 25
78 70
65 49
54 29
62 44
57 41
57 32
50 20
55 39
58 37
72 68
67 51
58 42
65 50
59 41
73 75
64 46
76 76
67 51
55 33
60 42
83 75
72 64
73 53
63 41
64 51
63 53
63 52
55 46
72 57
61 50
77 89
67 48
72 77
66 49
64 43
61 45
46 23
75 53
60 39
66 60
72 63
69 69
63 34
74 62
66 54
66 49
62 42
64 48
66 49
56 29
56 38
57 47
58 38
75 74
70 46
65 65
55 41
49 34
62 53
66 58
61 51
72 71
66 43
70 61
71 54
58 28
56 38
52 35
65 52
58 42
63 43
74 72
71 53
69 58
61 44
62 45
66 46
70 64
75 72
66 68
59 43
67 56
63 45
63 45
59 38
60 45
74 65
61 45
62 41
67 61
65 46
73 67
67 55
68 67
70 52
62 42
59 40
61 43
60 46
66 50
77 79
66 54
74 58
71 66
62 48
57 46
67 68
64 50
75 58
67 53
71 50
56 36
63 57
70 52
60 40
64 48
58 40
61 58
77 78
53 41
63 48
74 71
71 58
59 36
53 33
65 57
74 80
70 49
66 45
66 61
63 49
57 39
63 45
68 52
70 53
58 27
63 50
64 48
67 46
63 40
76 67
54 32
64 47
73 66
72 67
59 40
75 74
65 55
69 69
64 46
69 57
72 59
75 64
73 67
75 61
51 25
63 53
71 68
71 56
71 55
72 56
58 51
76 75
60 41
67 58
53 34
69 62
53 33
64 57
66 59
62 49
60 30
59 43
57 42
57 37
64 49
81 93
61 42
68 48
53 29
60 37
64 39
60 50
50 29
62 44
50 30
74 83
54 34
67 64
56 40
81 63
65 50
75 56
62 47
69 69
72 63
56 40
65 61
62 51
71 58
66 51
58 50
64 47
62 48
63 49
69 56
66 45
74 60
65 50
70 52
65 44
67 56
69 46
61 49
71 48
64 52
63 49
73 55
66 58
73 57
77 56
69 67
59 44
72 73
73 49
57 46
67 56
70 59
68 56
66 51
69 59
64 51
63 52
77 74
74 73
52 31
59 47
61 48
65 56
60 46
60 43
71 53
62 40
71 51
62 45
53 34
55 36
71 56
70 58
58 44
63 51
64 49
70 60
61 50
68 62
64 59
60 46
64 47
60 41
59 45
56 44
56 36
61 41
56 45
59 53
69 48
61 45
69 54
69 57
70 63
72 57
61 50
67 51
80 79
69 64
72 58
56 33
66 54
66 53
76 51
49 27
65 46
72 58
67 63
62 49
70 56
80 83
75 75
60 42
74 68
70 54
66 58
64 52
74 71
76 76
51 26
52 28
74 65
71 56
68 51
69 54
60 32
61 42
67 53
76 84
68 62
66 54
66 45
58 46
59 36
73 70
71 58
71 68
60 40
59 45
79 82
49 26
67 55
66 63
77 70
70 59
70 64
62 43
60 50
66 55
65 57
69 48
62 48
64 54
57 33
62 61
60 30
62 56
63 36
65 50
55 32
58 44
60 44
72 49
69 55
59 46
71 67
78 75
67 72
66 50
68 52
71 61
61 31
73 56
59 50
76 84
58 38
61 40
69 62
72 75
68 65
59 38
73 66
64 47
68 65
54 34
59 43
65 47
68 61
73 75
69 50
66 55
75 58
69 67
61 53
53 38
61 43
74 66
61 38
74 70
58 35
70 59
68 59
64 40
61 41
72 63
67 55
62 50
64 44
84 86
70 59
67 53
66 70
60 38
70 57
69 53
61 45
65 47
65 48
64 56
61 36
70 62
67 48
61 39
62 49
69 54
57 39
54 36
61 32
60 41
73 63
57 52
58 35
61 61
62 45
56 33
54 37
68 47
71 66
72 51
55 35
69 55
72 74
67 57
71 53
69 58
66 58
51 34
62 38
65 50
59 50
70 51
56 42
63 57
73 62
67 47
64 46
62 48
63 54
61 43
60 45
66 38
62 51
61 48
63 44
56 39
64 48
68 55
62 52
60 28
60 45
73 75
68 54
73 58
77 73
83 74
72 59
58 30
55 38
69 54
67 47
48 30
60 39
69 50
56 33
58 38
75 77
79 69
67 53
67 59
53 32
70 47
74 54
56 36
74 70
59 37
56 40
72 69
67 48
73 56
53 35
53 34
65 50
72 60
75 67
58 42
61 48
72 65
78 67
71 54
73 56
60 48
76 68
71 62
64 42
70 54
63 38
64 52
69 70
67 50
74 65
69 63
62 37
66 53
67 41
57 38
61 45
60 51
61 60
57 36
55 34
68 56
68 52
58 42
74 65
66 56
73 60
65 41
60 56
62 50
67 54
62 51
68 61
70 65
53 45
68 45
62 38
62 45
53 29
55 32
79 68
72 68
77 74
58 43
57 34
75 68
62 39
55 48
59 43
61 34
62 45
73 67
56 36
68 44
65 51
65 46
62 43
68 47
71 73
61 41
61 43
67 46
68 49
63 51
64 54
80 85
70 56
63 66
65 48
71 49
68 52
59 38
48 28
63 46
66 49
59 43
53 33
68 60
62 55
64 54
60 39
77 67
54 32
58 32
69 64
64 42
55 29
74 79
69 51
68 57
51 30
65 51
68 62
67 49
50 36
72 70
62 43
55 27
