0.507522 0.728130
1.181110 0.573923
0.209917 0.497444
0.591507 1.071898
1.252515 1.089177
0.654155 0.880203
1.383650 1.392921
0.141795 0.607340
0.822371 1.490755
0.105652 1.164112
0.366830 0.548158
0.790141 0.900641
1.053498 1.472008
0.395717 0.177185
1.463758 0.425135
1.409666 0.090877
0.411048 0.836559
0.730150 0.677045
0.045171 1.142816
0.536805 0.897793
0.640881 0.771667
0.804572 0.429790
0.419053 1.344592
1.100087 0.085786
1.217166 1.126190
0.496456 1.180982
0.149390 0.751815
1.222478 0.928395
0.717624 1.191754
0.618955 0.593166
1.097538 0.415497
0.049063 1.114064
0.141099 0.380892
1.349294 1.162371
0.366445 1.485882
0.191263 0.163799
0.301923 1.093440
0.858388 1.064835
0.501983 0.589040
0.172539 1.470302
0.399116 0.160606
1.432947 0.786094
1.203996 0.097242
0.670493 0.884969
0.293577 1.277619
1.190020 0.743309
1.151320 0.058403
0.268007 0.774737
0.869950 0.538082
0.534573 0.785392
0.219280 1.274609
1.350486 0.215673
1.403478 0.652747
1.427220 0.236512
0.212237 0.760312
0.970555 0.353958
1.316895 0.660574
0.090237 0.517032
0.672455 1.225989
1.414969 0.759954
0.604369 0.327392
0.512763 0.471812
1.291588 0.606884
0.988909 0.934595
0.389408 0.732115
0.112367 0.086394
0.043324 1.359652
1.485677 1.124336
0.588238 0.256848
1.002432 1.283099
0.200440 0.538114
0.031473 0.135301
1.001815 0.462087
0.543389 0.163589
0.308609 0.376983
1.140271 1.179966
0.737217 0.497338
0.771094 1.483749
1.365372 0.436780
1.109391 0.704539
1.167548 1.381249
1.081749 0.574818
0.945302 0.023981
0.982277 1.005966
1.214634 0.288733
0.467059 0.641833
0.573315 0.832783
1.088674 1.411258
0.835071 0.350255
1.106037 0.257023
0.595296 0.963365
0.974211 0.248640
1.147914 0.211201
0.923835 1.301943
0.518787 1.431700
0.451529 0.108783
0.069878 0.053649
0.219743 1.480196
1.364193 1.038534
0.260068 1.087180
0.982227 0.719105
1.015825 0.466156
0.063067 1.345374
0.475080 1.480487
1.075912 0.559284
0.320930 0.226784
0.636412 1.070288
0.191053 1.415616
1.287081 0.995593
0.923010 0.055346
0.262531 1.254657
0.019923 0.744802
0.646437 0.463799
0.147344 1.192751
0.336328 1.169504
0.756494 1.393093
0.161428 0.306747
0.335464 0.041410
1.065602 0.148488
0.355059 1.324034
0.584240 1.209283
1.277406 0.414576
0.229826 0.855148
1.276323 1.300984
1.306345 0.765945
1.091224 1.470330
0.007047 0.315947
1.495310 1.355121
1.451549 1.493549
0.231858 0.802990
1.067765 1.074043
0.086948 0.127830
0.765767 1.143829
0.061173 0.088263
0.728777 0.199213
1.289945 0.105960
