0
0.000483857
0.000967715
0.00145157
0.00193543
0.00241929
0.00290314
0.003387
0.00387086
0.00435472
0.00483857
0.00532243
0.00580629
0.00629015
0.006774
0.00725786
0.00774172
0.00822558
0.00870943
0.00919329
0.00967715
0.010161
0.0106449
0.0111287
0.0116126
0.0120964
0.0125803
0.0130642
0.013548
0.0140319
0.0145157
0.0149996
0.0154834
0.0159673
0.0164512
0.016935
0.0174189
0.0179027
0.0183866
0.0188704
0.0193543
0.0198382
0.020322
0.0208059
0.0212897
0.0217736
0.0222574
0.0227413
0.0232252
0.023709
0.0241929
0.0246767
0.0251606
0.0256444
0.0261283
0.0266122
0.027096
0.0275799
0.0280637
0.0285476
0.0290314
0.0295153
0.0299992
0.030483
0.0309669
0.0314507
0.0319346
0.0324184
0.0329023
0.0333862
0.03387
0.0343539
0.0348377
0.0353216
0.0358054
0.0362893
0.0367732
0.037257
0.0377409
0.0382247
0.0387086
0.0391925
0.0396763
0.0401602
0.040644
0.0411279
0.0416117
0.0420956
0.0425795
0.0430633
0.0435472
0.044031
0.0445149
0.0449987
0.0454826
0.0459665
0.0464503
0.0469342
0.047418
0.0479019
0.0483857
0.0488696
0.0493535
0.0498373
0.0503212
0.050805
0.0512889
0.0517727
0.0522566
0.0527405
0.0532243
0.0537082
0.054192
0.0546759
0.0551597
0.0556436
0.0561275
0.0566113
0.0570952
0.057579
0.0580629
0.0585467
0.0590306
0.0595145
0.0599983
0.0604822
0.060966
0.0614499
0.0619338
0.0624176
0.0629015
0.0633853
0.0638692
0.064353
0.0648369
0.0653208
0.0658046
0.0662885
0.0667723
0.0672562
0.06774
0.0682239
0.0687078
0.0691916
0.0696755
0.0701593
0.0706432
0.071127
0.0716109
0.0720948
0.0725786
0.0730625
0.0735463
0.0740302
0.074514
0.0749979
0.0754818
0.0759656
0.0764495
0.0769333
0.0774172
0.077901
0.0783849
0.0788688
0.0793526
0.0798365
0.0803203
0.0808042
0.081288
0.0817719
0.0822558
0.0827396
0.0832235
0.0837073
0.0841912
0.084675
0.0851589
0.0856428
0.0861266
0.0866105
0.0870943
0.0875782
0.0880621
0.0885459
0.0890298
0.0895136
0.0899975
0.0904813
0.0909652
0.0914491
0.0919329
0.0924168
0.0929006
0.0933845
0.0938683
0.0943522
0.0948361
0.0953199
0.0958038
0.0962876
0.0967715
0.0972553
0.0977392
0.0982231
0.0987069
0.0991908
0.0996746
0.100158
0.100642
0.101126
0.10161
0.102094
0.102578
0.103062
0.103545
0.104029
0.104513
0.104997
0.105481
0.105965
0.106449
0.106932
0.107416
0.1079
0.108384
0.108868
0.109352
0.109836
0.110319
0.110803
0.111287
0.111771
0.112255
0.112739
0.113223
0.113706
0.11419
0.114674
0.115158
0.115642
0.116126
0.11661
0.117093
0.117577
0.118061
0.118545
0.119029
0.119513
0.119997
0.12048
0.120964
0.121448
0.121932
0.122416
0.1229
0.123384
0.123868
0.124351
0.124835
0.125319
0.125803
0.126287
0.126771
0.127255
0.127738
0.128222
0.128706
0.12919
0.129674
0.130158
0.130642
0.131125
0.131609
0.132093
0.132577
0.133061
0.133545
0.134029
0.134512
0.134996
0.13548
0.135964
0.136448
0.136932
0.137416
0.137899
0.138383
0.138867
0.139351
0.139835
0.140319
0.140803
0.141286
0.14177
0.142254
0.142738
0.143222
0.143706
0.14419
0.144673
0.145157
0.145641
0.146125
0.146609
0.147093
0.147577
0.14806
0.148544
0.149028
0.149512
0.149996
0.15048
0.150964
0.151447
0.151931
0.152415
0.152899
0.153383
0.153867
0.154351
0.154834
0.155318
0.155802
0.156286
0.15677
0.157254
0.157738
0.158221
0.158705
0.159189
0.159673
0.160157
0.160641
0.161125
0.161608
0.162092
0.162576
0.16306
0.163544
0.164028
0.164512
0.164995
0.165479
0.165963
0.166447
0.166931
0.167415
0.167899
0.168382
0.168866
0.16935
0.169834
0.170318
0.170802
0.171286
0.171769
0.172253
0.172737
0.173221
0.173705
0.174189
0.174673
0.175156
0.17564
0.176124
0.176608
0.177092
0.177576
0.17806
0.178543
0.179027
0.179511
0.179995
0.180479
0.180963
0.181447
0.18193
0.182414
0.182898
0.183382
0.183866
0.18435
0.184834
0.185317
0.185801
0.186285
0.186769
0.187253
0.187737
0.188221
0.188704
0.189188
0.189672
0.190156
0.19064
0.191124
0.191608
0.192091
0.192575
0.193059
0.193543
0.194027
0.194511
0.194995
0.195478
0.195962
0.196446
0.19693
0.197414
0.197898
0.198382
0.198865
0.199349
0.199833
0.200317
0.200801
0.201285
0.201769
0.202252
0.202736
0.20322
0.203704
0.204188
0.204672
0.205156
0.205639
0.206123
0.206607
0.207091
0.207575
0.208059
0.208543
0.209026
0.20951
0.209994
0.210478
0.210962
0.211446
0.21193
0.212413
0.212897
0.213381
0.213865
0.214349
0.214833
0.215317
0.2158
0.216284
0.216768
0.217252
0.217736
0.21822
0.218704
0.219187
0.219671
0.220155
0.220639
0.221123
0.221607
0.222091
0.222574
0.223058
0.223542
0.224026
0.22451
0.224994
0.225478
0.225961
0.226445
0.226929
0.227413
0.227897
0.228381
0.228865
0.229348
0.229832
0.230316
0.2308
0.231284
0.231768
0.232252
0.232735
0.233219
0.233703
0.234187
0.234671
0.235155
0.235639
0.236122
0.236606
0.23709
0.237574
0.238058
0.238542
0.239026
0.239509
0.239993
0.240477
0.240961
0.241445
0.241929
0.242413
0.242896
0.24338
0.243864
0.244348
0.244832
0.245316
0.2458
0.246283
0.246767
0.247251
0.247735
