0
0.000137625
0.000275251
0.000412876
0.000550501
0.000688127
0.000825752
0.000963378
0.001101
0.00123863
0.00137625
0.00151388
0.0016515
0.00178913
0.00192676
0.00206438
0.00220201
0.00233963
0.00247726
0.00261488
0.00275251
0.00289013
0.00302776
0.00316538
0.00330301
0.00344063
0.00357826
0.00371588
0.00385351
0.00399114
0.00412876
0.00426639
0.00440401
0.00454164
0.00467926
0.00481689
0.00495451
0.00509214
0.00522976
0.00536739
0.00550501
0.00564264
0.00578027
0.00591789
0.00605552
0.00619314
0.00633077
0.00646839
0.00660602
0.00674364
0.00688127
0.00701889
0.00715652
0.00729414
0.00743177
0.0075694
0.00770702
0.00784465
0.00798227
0.0081199
0.00825752
0.00839515
0.00853277
0.0086704
0.00880802
0.00894565
0.00908327
0.0092209
0.00935853
0.00949615
0.00963378
0.0097714
0.00990903
0.0100467
0.0101843
0.0103219
0.0104595
0.0105972
0.0107348
0.0108724
0.01101
0.0111477
0.0112853
0.0114229
0.0115605
0.0116982
0.0118358
0.0119734
0.012111
0.0122487
0.0123863
0.0125239
0.0126615
0.0127992
0.0129368
0.0130744
0.013212
0.0133497
0.0134873
0.0136249
0.0137625
0.0139002
0.0140378
0.0141754
0.014313
0.0144507
0.0145883
0.0147259
0.0148635
0.0150012
0.0151388
0.0152764
0.015414
0.0155517
0.0156893
0.0158269
0.0159645
0.0161022
0.0162398
0.0163774
0.016515
0.0166527
0.0167903
0.0169279
0.0170655
0.0172032
0.0173408
0.0174784
0.017616
0.0177537
0.0178913
0.0180289
0.0181665
0.0183042
0.0184418
0.0185794
0.0187171
0.0188547
0.0189923
0.0191299
0.0192676
0.0194052
0.0195428
0.0196804
0.0198181
0.0199557
0.0200933
0.0202309
0.0203686
0.0205062
0.0206438
0.0207814
0.0209191
0.0210567
0.0211943
0.0213319
0.0214696
0.0216072
0.0217448
0.0218824
0.0220201
0.0221577
0.0222953
0.0224329
0.0225706
0.0227082
0.0228458
0.0229834
0.0231211
0.0232587
0.0233963
0.0235339
0.0236716
0.0238092
0.0239468
0.0240844
0.0242221
0.0243597
0.0244973
0.0246349
0.0247726
0.0249102
0.0250478
0.0251854
0.0253231
0.0254607
0.0255983
0.0257359
0.0258736
0.0260112
0.0261488
0.0262864
0.0264241
0.0265617
0.0266993
0.0268369
0.0269746
0.0271122
0.0272498
0.0273874
0.0275251
0.0276627
0.0278003
0.027938
0.0280756
0.0282132
0.0283508
0.0284885
0.0286261
0.0287637
0.0289013
0.029039
0.0291766
0.0293142
0.0294518
0.0295895
0.0297271
0.0298647
0.0300023
0.03014
0.0302776
0.0304152
0.0305528
0.0306905
0.0308281
0.0309657
0.0311033
0.031241
0.0313786
0.0315162
0.0316538
0.0317915
0.0319291
0.0320667
0.0322043
0.032342
0.0324796
0.0326172
0.0327548
0.0328925
0.0330301
0.0331677
0.0333053
0.033443
0.0335806
0.0337182
0.0338558
0.0339935
0.0341311
0.0342687
0.0344063
0.034544
0.0346816
0.0348192
0.0349568
0.0350945
0.0352321
0.0353697
0.0355073
0.035645
0.0357826
0.0359202
0.0360578
0.0361955
0.0363331
0.0364707
0.0366083
0.036746
0.0368836
0.0370212
0.0371588
0.0372965
0.0374341
0.0375717
0.0377094
0.037847
0.0379846
0.0381222
0.0382599
0.0383975
0.0385351
0.0386727
0.0388104
0.038948
0.0390856
0.0392232
0.0393609
0.0394985
0.0396361
0.0397737
0.0399114
0.040049
0.0401866
0.0403242
0.0404619
0.0405995
0.0407371
0.0408747
0.0410124
0.04115
0.0412876
0.0414252
0.0415629
0.0417005
0.0418381
0.0419757
0.0421134
0.042251
0.0423886
0.0425262
0.0426639
0.0428015
0.0429391
0.0430767
0.0432144
0.043352
0.0434896
0.0436272
0.0437649
0.0439025
0.0440401
0.0441777
0.0443154
0.044453
0.0445906
0.0447282
0.0448659
0.0450035
0.0451411
0.0452787
0.0454164
0.045554
0.0456916
0.0458292
0.0459669
0.0461045
0.0462421
0.0463797
0.0465174
0.046655
0.0467926
0.0469303
0.0470679
0.0472055
0.0473431
0.0474808
0.0476184
0.047756
0.0478936
0.0480313
0.0481689
0.0483065
0.0484441
0.0485818
0.0487194
0.048857
0.0489946
0.0491323
0.0492699
0.0494075
0.0495451
0.0496828
0.0498204
0.049958
0.0500956
0.0502333
0.0503709
0.0505085
0.0506461
0.0507838
0.0509214
0.051059
0.0511966
0.0513343
0.0514719
0.0516095
0.0517471
0.0518848
0.0520224
0.05216
0.0522976
0.0524353
0.0525729
0.0527105
0.0528481
0.0529858
0.0531234
0.053261
0.0533986
0.0535363
0.0536739
0.0538115
0.0539491
0.0540868
0.0542244
0.054362
0.0544996
0.0546373
0.0547749
0.0549125
0.0550501
0.0551878
0.0553254
0.055463
0.0556006
0.0557383
0.0558759
0.0560135
0.0561512
0.0562888
0.0564264
0.056564
0.0567017
0.0568393
0.0569769
0.0571145
0.0572522
0.0573898
0.0575274
0.057665
0.0578027
0.0579403
0.0580779
0.0582155
0.0583532
0.0584908
0.0586284
0.058766
0.0589037
0.0590413
0.0591789
0.0593165
0.0594542
0.0595918
0.0597294
0.059867
0.0600047
0.0601423
0.0602799
0.0604175
0.0605552
0.0606928
0.0608304
0.060968
0.0611057
0.0612433
0.0613809
0.0615185
0.0616562
0.0617938
0.0619314
0.062069
0.0622067
0.0623443
0.0624819
0.0626195
0.0627572
0.0628948
0.0630324
0.06317
0.0633077
0.0634453
0.0635829
0.0637205
0.0638582
0.0639958
0.0641334
0.064271
0.0644087
0.0645463
0.0646839
0.0648215
0.0649592
0.0650968
0.0652344
0.0653721
0.0655097
0.0656473
0.0657849
0.0659226
0.0660602
0.0661978
0.0663354
0.0664731
0.0666107
0.0667483
0.0668859
0.0670236
0.0671612
0.0672988
0.0674364
0.0675741
0.0677117
0.0678493
0.0679869
0.0681246
0.0682622
0.0683998
0.0685374
0.0686751
0.0688127
0.0689503
0.0690879
0.0692256
0.0693632
0.0695008
0.0696384
0.0697761
0.0699137
0.0700513
0.0701889
0.0703266
0.0704642
