0
0
0
0.000104123
0.000208247
0.00031237
0.000832986
0.00104123
0.00104123
0.00114536
0.00124948
0.00166597
0.00187422
0.00239484
0.00281133
0.00322782
0.00343607
0.00374844
0.00406081
0.00458142
0.00510204
0.00614327
0.00655977
0.00708038
0.00728863
0.00791337
0.00832986
0.00874636
0.00926697
0.00999584
0.0105165
0.0112453
0.0113494
0.0119742
0.0129113
0.0139525
0.0148896
0.0154102
0.0165556
0.0170762
0.017701
0.0184298
0.0190546
0.0200958
0.0209288
0.022803
0.0238442
0.0246772
0.0256143
0.0267597
0.0271762
0.027905
0.0294669
0.030404
0.031237
0.0321741
0.032903
0.0339442
0.0347772
0.0360267
0.0373803
0.0389421
0.0395668
0.0399833
0.0409204
0.0415452
0.0423782
0.0435235
0.044773
0.0461266
0.0470637
0.0484173
0.0497709
0.0508122
0.0520616
0.0534152
0.0543524
0.0550812
0.0558101
0.0571637
0.0578925
0.0588297
0.059975
0.0615369
0.0626822
0.0637234
0.0652853
0.0663265
0.067576
0.0688255
0.0699708
0.0716368
0.0724698
0.073511
0.074344
0.0755935
0.0772595
0.0784048
0.0802791
0.0810079
0.081945
0.0834027
0.0847564
0.08611
0.0876718
0.0892337
0.0907955
0.0930862
0.0939192
0.0951687
0.0965223
0.0980841
0.0993336
0.100583
0.101833
0.103186
0.104748
0.106518
0.107976
0.109225
0.110475
0.112141
0.113182
0.114536
0.115785
0.116826
0.118492
0.120471
0.122761
0.125156
0.126302
0.127759
0.129217
0.129842
0.130571
0.132445
0.133382
0.134007
0.135777
0.137443
0.138796
0.139942
0.141608
0.142753
0.144107
0.145668
0.147126
0.14848
0.150666
0.15202
0.15379
0.15556
0.156393
0.158059
0.1591
0.160454
0.161808
0.163369
0.16514
0.166701
0.168367
0.169929
0.170762
0.171908
0.173053
0.174406
0.176177
0.177843
0.179196
0.180342
0.182112
0.183986
0.185131
0.186381
0.187838
0.189192
0.190129
0.191587
0.193565
0.194398
0.195648
0.197105
0.198459
0.200229
0.201062
0.202416
0.203978
0.205123
0.206164
0.207518
0.208975
0.210329
0.211891
0.213661
0.215119
0.216264
0.218138
0.218971
0.220325
0.221887
0.223344
0.22449
0.225219
0.226781
0.22803
0.229488
0.230529
0.231778
0.233236
0.234382
0.235006
0.236152
0.237505
0.238755
0.240108
0.241983
0.243648
0.244794
0.245939
0.248126
0.249063
0.250833
0.252187
0.253436
0.254998
0.255831
0.256768
0.258017
0.258746
0.260204
0.261558
0.262495
0.264057
0.265306
0.26666
0.26843
0.269471
0.2702
0.271241
0.272387
0.273219
0.274677
0.275406
0.277801
0.279259
0.280196
0.281966
0.283215
0.284881
0.28561
0.287068
0.28863
0.289359
0.290504
0.291337
0.292378
0.293524
0.294565
0.295918
0.29748
0.299042
0.300708
0.301853
0.303311
0.304769
0.305289
0.305602
0.30706
0.307788
0.30883
0.309975
0.311224
0.31237
0.313099
0.31414
0.315285
0.316327
0.317784
0.319034
0.3207
0.322886
0.324656
0.326426
0.327676
0.328925
0.330175
0.331424
0.332778
0.334027
0.334652
0.335381
0.337047
0.338297
0.339546
0.340275
0.341004
0.341628
0.34267
0.344023
0.345377
0.346418
0.347147
0.348084
0.349021
0.350167
0.351416
0.352041
0.353915
0.35506
0.355998
0.357143
0.358184
0.359121
0.35985
0.361724
0.362037
0.362661
0.363703
0.365264
0.366618
0.367972
0.368492
0.369117
0.370575
0.371928
0.37349
0.374531
0.375469
0.376302
0.377655
0.378592
0.379946
0.381195
0.381924
0.382445
0.383174
0.38359
0.385048
0.386193
0.38713
0.388276
0.389838
0.391087
0.391712
0.393065
0.393586
0.394627
0.395252
0.396085
0.396918
0.397959
0.398688
0.399833
0.400771
0.402436
0.403269
0.404102
0.405352
0.406289
0.40733
0.408996
0.410037
0.411183
0.412328
0.413474
0.414307
0.415868
0.417014
0.417847
0.418784
0.419617
0.421075
0.421803
0.423157
0.42399
0.42576
0.426801
0.427634
0.428884
0.429717
0.431175
0.432007
0.433257
0.434715
0.435548
0.436485
0.437734
0.439296
0.440337
0.440858
0.441379
0.442003
0.44294
0.443669
0.444294
0.445544
0.446272
0.446897
0.448459
0.44898
0.449708
0.450541
0.451791
0.452416
0.453665
0.45429
0.454915
0.455331
0.456268
0.456997
0.457622
0.458663
0.459184
0.460433
0.46137
0.461995
0.46262
0.463244
0.464494
0.465535
0.466264
0.466576
0.467618
0.468347
0.469596
0.470221
0.471366
0.47272
0.473657
0.474698
0.475635
0.477197
0.477718
0.478967
0.479696
0.480529
0.481466
0.482195
0.482716
0.48334
0.484486
0.485735
0.486568
0.487297
0.488546
0.489379
0.490421
0.49115
0.491983
0.493024
0.493961
0.494898
0.495731
0.496876
0.498022
0.498751
0.500208
0.501458
0.502603
0.503957
0.50479
0.505831
0.506352
0.506976
0.507809
0.509059
0.510725
0.511349
0.511974
0.512911
0.514265
0.514994
0.51541
0.516451
0.517493
0.518742
0.519679
0.520929
0.521762
0.522178
0.522595
0.523844
0.524573
0.525198
0.526447
0.52728
0.528009
0.528634
0.529622
0.530707
0.53201
0.532444
0.532986
0.534288
0.535048
0.535699
0.53635
0.537001
0.538303
0.538845
0.539714
0.540799
0.541775
0.542752
0.543403
0.544379
0.545247
0.546658
0.54796
0.548611
0.549588
0.550239
0.551432
