0
0
0
0.000225352
0.00112701
0.001578
0.00270636
0.00405954
0.00496222
0.00609
0.00857207
0.0119571
0.0130852
0.015907
0.0189552
0.0220016
0.025048
0.0284328
0.0330588
0.0362221
0.0407357
0.0445723
0.0494301
0.0532792
0.0570042
0.0601716
0.0658311
0.0702349
0.0723885
0.0770186
0.0808583
0.0856207
0.0909296
0.0960452
0.101808
0.107119
0.112555
0.118232
0.124562
0.128872
0.134313
0.139288
0.142583
0.148462
0.154455
0.159032
0.16448
0.171267
0.179113
0.184431
0.189339
0.195268
0.202966
0.207947
0.213631
0.222235
0.229219
0.237513
0.243516
0.24748
0.254871
0.261441
0.266198
0.273108
0.279452
0.286248
0.291346
0.296317
0.30221
0.306664
0.310814
0.317728
0.32453
0.331331
0.338889
0.344331
0.348186
0.354008
0.360286
0.36509
0.370576
0.374858
0.381779
0.386632
0.392099
0.39748
0.402702
0.407698
0.412333
0.416809
0.41997
0.42406
0.428588
0.433864
0.439659
0.446136
0.451921
0.457377
0.463401
0.468736
0.474187
0.478963
0.484704
0.48948
0.494654
0.499545
0.504721
0.509385
0.515527
0.519681
0.525088
0.530048
0.534714
0.540808
0.545248
0.549915
0.556631
0.560451
0.564158
0.569297
0.573235
0.577059
0.581843
0.585119
0.589516
0.592934
0.597037
0.601595
0.605698
0.610598
0.614701
0.61812
0.622108
0.62594
0.630115
0.633679
0.637245
0.640894
0.642833
0.647052
0.650776
0.655224
0.659329
0.663055
0.666362
0.671458
0.674652
0.678722
0.682264
0.686031
0.689797
0.692992
0.696496
0.700034
0.703653
0.706554
0.709033
0.712393
0.715673
0.719264
0.722463
0.723949
0.727803
0.730514
0.731771
0.735025
0.73742
0.741622
0.744766
0.748398
0.751373
0.754549
0.757867
0.760815
0.763218
0.766712
0.769319
0.772956
0.776277
0.780234
0.783505
0.786483
0.790239
0.793285
0.796012
0.797822
0.800458
0.802407
0.804928
0.806833
0.809906
0.812342
0.813927
0.814959
0.816106
0.818974
0.822396
0.824117
0.826621
0.828916
0.830942
0.833008
0.835304
0.83714
0.839091
0.841235
0.843592
0.846922
0.848283
0.849644
0.851826
0.853205
0.854796
0.857077
0.859359
0.860262
0.86151
0.863809
0.865172
0.866782
0.868491
0.869525
0.871135
0.872629
0.873549
0.875503
0.877457
0.879857
0.88236
0.88351
0.884531
0.885553
0.886473
0.887956
0.889784
0.891484
0.89206
0.893671
0.894822
0.8955
0.896306
0.898262
0.899758
0.901703
0.902855
0.903994
0.904433
0.905699
0.906621
0.907405
0.908442
0.909939
0.910515
0.910955
0.911982
0.913114
0.91392
0.915649
0.916801
0.917598
0.918174
0.918981
0.919894
0.920701
0.921047
0.921614
0.922297
0.922873
0.923201
0.923778
0.924815
0.925614
0.926528
0.927327
0.928473
0.929165
0.929972
0.930657
0.931341
0.93191
0.932825
0.933279
0.934188
0.93488
0.935566
0.936028
0.936367
0.937522
0.938554
0.939131
0.940157
0.940952
0.941877
0.942801
0.943481
0.943597
0.944284
0.944746
0.94544
0.945671
0.946596
0.947624
0.947855
0.948433
0.948665
0.949584
0.950046
0.95074
0.951549
0.952128
0.952353
0.952585
0.953036
0.953268
0.953609
0.953835
0.954298
0.954761
0.955108
0.955802
0.956034
0.956265
0.956829
0.957518
0.957967
0.958189
0.95842
0.959115
0.959458
0.959796
0.960366
0.960598
0.960821
0.9614
0.961735
0.961846
0.961962
0.961962
0.962426
0.96277
0.963002
0.963113
0.963457
0.963685
0.963913
0.964145
0.964145
0.964377
0.964609
0.964717
0.964945
0.96587
0.966214
0.966214
0.96621
0.966326
0.966554
0.967251
0.96748
0.968173
0.968518
0.968855
0.969204
0.969669
0.969781
0.969898
0.969887
0.97012
0.970469
0.970469
0.970698
0.970814
0.971043
0.971156
0.971498
0.971847
0.971847
0.971844
0.972077
0.972067
0.972759
0.973108
0.973222
0.973338
0.973804
0.97392
0.97392
0.974031
0.974263
0.97461
0.97484
0.974837
0.974831
0.975414
0.975647
0.97611
0.976343
0.97669
0.977148
0.977607
0.977718
0.977716
0.977946
0.977946
0.978296
0.978644
0.979227
0.979344
0.979578
0.979578
0.979928
0.979921
0.980154
0.980269
0.980381
0.980843
0.98096
0.981077
0.981194
0.981185
0.981181
0.981297
0.981412
0.981529
0.981876
0.981876
0.981873
0.982103
0.982333
0.982448
0.982563
0.982561
0.982676
0.982676
0.983027
0.98314
0.983372
0.983605
0.983601
0.983601
0.983718
0.983833
0.983831
0.983829
0.983945
0.983945
0.984179
0.984296
0.984531
0.984648
0.984648
0.984646
0.984642
0.984758
0.984868
0.985103
0.985337
0.985455
0.985453
0.985684
0.986036
0.986153
0.986152
0.986502
0.98662
0.98662
0.98662
0.986736
0.986851
0.986967
0.987082
0.987317
0.987434
0.98755
0.987667
0.987785
0.987902
0.987901
0.987901
0.987899
0.987897
0.987895
0.988013
0.988248
0.988364
0.98848
0.988831
0.988831
0.988949
0.988948
0.989064
0.989182
0.989416
0.989416
0.989414
0.989414
0.989413
0.989412
0.989409
0.989526
0.989524
0.989523
0.989522
0.989521
0.989521
0.989637
0.989637
0.989636
0.989636
0.98975
0.989749
0.989867
0.989984
