1
1
1
0.999879
0.999081
0.998734
0.998125
0.996979
0.996075
0.99505
0.992668
0.989692
0.988768
0.986455
0.983811
0.981165
0.978314
0.975223
0.970884
0.968214
0.964184
0.961333
0.956847
0.953472
0.949919
0.947325
0.942016
0.937969
0.936288
0.9323
0.928911
0.924779
0.919506
0.91491
0.909941
0.905516
0.900858
0.895569
0.890175
0.886262
0.881286
0.876873
0.874073
0.869001
0.86362
0.860592
0.855929
0.849701
0.842466
0.837994
0.833307
0.827832
0.821233
0.81689
0.811725
0.803621
0.797005
0.789279
0.783741
0.780644
0.774064
0.768486
0.764032
0.757166
0.751291
0.74469
0.740015
0.735703
0.730497
0.726864
0.723224
0.716986
0.71085
0.704465
0.69742
0.692668
0.689278
0.683648
0.677527
0.673404
0.668102
0.664218
0.657664
0.653588
0.648554
0.643528
0.639016
0.634379
0.630258
0.626297
0.623668
0.620382
0.616058
0.611056
0.605345
0.599156
0.593969
0.588787
0.583437
0.578094
0.572747
0.568447
0.563015
0.558623
0.553908
0.549488
0.544739
0.540972
0.53469
0.530838
0.525649
0.52106
0.516602
0.510544
0.506311
0.501872
0.495245
0.491951
0.488599
0.483515
0.479768
0.476361
0.471525
0.468547
0.464236
0.460912
0.457129
0.452975
0.449481
0.44511
0.440998
0.437815
0.433968
0.429876
0.425434
0.422245
0.418587
0.414675
0.413281
0.409188
0.405507
0.400876
0.396871
0.393055
0.389812
0.38456
0.381473
0.377299
0.3741
0.370256
0.366579
0.363564
0.35977
0.356279
0.352417
0.349529
0.347137
0.343768
0.340568
0.336897
0.333725
0.332563
0.32825
0.325429
0.32436
0.320951
0.318733
0.314268
0.310956
0.306959
0.303986
0.300793
0.297143
0.293977
0.291545
0.287722
0.284837
0.280851
0.277423
0.272798
0.269154
0.265934
0.261697
0.258468
0.255324
0.253487
0.250673
0.248583
0.245733
0.24375
0.240314
0.23764
0.236101
0.235319
0.234295
0.230978
0.227156
0.225195
0.222374
0.219871
0.217674
0.215332
0.212571
0.210626
0.208439
0.206051
0.203267
0.199262
0.197867
0.196385
0.193693
0.192179
0.190433
0.187749
0.185081
0.184347
0.183102
0.180337
0.178802
0.177182
0.175127
0.17416
0.172323
0.17061
0.169733
0.167297
0.164878
0.161921
0.158705
0.157463
0.156368
0.155181
0.15426
0.152505
0.150294
0.148332
0.147756
0.145696
0.144325
0.14362
0.142676
0.140266
0.138342
0.136107
0.134786
0.133377
0.133095
0.13156
0.130579
0.129614
0.128425
0.126602
0.125922
0.125505
0.124204
0.122786
0.121844
0.119573
0.118167
0.117295
0.116734
0.115858
0.114741
0.113823
0.113564
0.112833
0.1119
0.111304
0.110947
0.11028
0.108959
0.107997
0.106848
0.105798
0.104289
0.103452
0.102429
0.101645
0.100826
0.100236
0.0992071
0.0987949
0.0977061
0.0968573
0.0960164
0.095506
0.0951773
0.0936395
0.0922652
0.0914838
0.0900409
0.0890679
0.0878391
0.0866056
0.0856701
0.0855895
0.0846271
0.0840578
0.0831739
0.0829928
0.0817101
0.0802263
0.0799869
0.079214
0.0789978
0.0777329
0.077094
0.0762438
0.0751241
0.0743356
0.0741169
0.0738768
0.0732799
0.073002
0.0726811
0.0723623
0.0717071
0.0710971
0.0707252
0.0697804
0.0695637
0.0692546
0.06843
0.067493
0.0669244
0.0667371
0.0664778
0.0654649
0.0650027
0.0646007
0.0637807
0.0635461
0.0633145
0.0624515
0.0619626
0.061855
0.0617086
0.0618549
0.0612146
0.0607476
0.0604821
0.0604539
0.0600134
0.0597005
0.0594582
0.0591266
0.0592283
0.0589057
0.0586027
0.0585048
0.0582272
0.05676
0.0562946
0.0563826
0.0565464
0.0564307
0.0561264
0.0550726
0.0547747
0.0537013
0.0532693
0.052791
0.0523015
0.0516125
0.0515211
0.051396
0.0515514
0.0512538
0.050728
0.0508098
0.0504879
0.0504142
0.0500813
0.0500031
0.0494811
0.0490259
0.049115
0.0491922
0.0488923
0.0489809
0.0478899
0.0473452
0.0472497
0.0471656
0.0464101
0.0462807
0.0463835
0.0463159
0.0459859
0.0454092
0.0450397
0.0450954
0.0451818
0.0441938
0.0438241
0.0430872
0.042723
0.0421441
0.0414327
0.0406397
0.040491
0.0405571
0.0402286
0.0402745
0.0397259
0.0391344
0.0381088
0.0379237
0.0375598
0.0376102
0.037008
0.0370922
0.0366962
0.0365691
0.0364245
0.0356068
0.0354308
0.0352545
0.0351186
0.0352035
0.0352598
0.0350613
0.0349144
0.0347423
0.034171
0.0342113
0.0342894
0.0339418
0.0335656
0.0334133
0.0332538
0.033357
0.03317
0.0332496
0.0326212
0.0324558
0.0320666
0.0316632
0.0317025
0.0317408
0.0315841
0.0314368
0.0314915
0.0315399
0.0313915
0.0314427
0.031047
0.0308612
0.0304504
0.0302818
0.0303379
0.0303977
0.0304551
0.030295
0.0301447
0.0297205
0.0293377
0.029176
0.0292466
0.0288602
0.0281978
0.0280198
0.0280526
0.0273773
0.0271852
0.0272543
0.0273471
0.0271451
0.0269425
0.0267564
0.0265955
0.0261512
0.0259313
0.0257473
0.0255595
0.0253818
0.0251868
0.0252554
0.0252994
0.0253244
0.0253525
0.025422
0.0252138
0.0247519
0.0245719
0.0243695
0.0236627
0.0236941
0.0234939
0.023551
0.0233681
0.0231383
0.0226642
0.0227276
0.0227674
0.0227993
0.022834
0.0228688
0.0229387
0.0227132
0.0227587
0.0228152
0.0228665
0.022918
0.0229507
0.0227441
0.0227875
0.0228611
0.022927
0.0227072
0.0227591
0.0225301
0.02233
