0
0.109955
0.392601
0.844223
1.38449
2.0295
2.77362
3.55097
4.41677
5.34599
6.28784
7.2568
8.26751
9.29453
10.29
11.3472
12.4176
13.5178
14.6177
15.7215
16.8127
17.9303
18.9989
20.1336
21.3274
22.4889
23.667
24.847
26.0644
27.2917
28.506
29.7175
30.9888
32.2838
33.5658
34.822
36.1349
37.4426
38.8113
40.1781
41.5508
42.9195
44.2909
45.6964
47.1014
48.5072
49.9104
51.3393
52.788
54.3074
55.7977
57.3266
58.8763
60.4448
62.0645
63.6949
65.3685
66.9722
68.5861
70.2938
72.0016
73.6787
75.3581
77.0685
78.8751
80.6775
82.4778
84.3278
86.1822
88.1391
89.9862
91.9094
93.7702
95.7167
97.7008
99.6481
101.643
103.63
105.628
107.637
109.642
111.726
113.806
115.876
118.028
120.198
122.38
124.571
126.748
128.978
131.172
133.529
135.897
138.316
140.729
143.182
145.633
148.057
150.632
153.16
155.716
158.233
160.881
163.423
165.992
168.613
171.279
173.939
176.632
179.292
182.097
184.897
187.624
190.508
193.328
196.153
199.058
202.033
204.947
208.044
211.022
214.022
217.161
220.373
223.454
226.507
229.617
232.739
235.847
239.068
242.238
245.521
248.794
252.089
255.348
258.75
262.169
265.567
268.931
272.338
275.75
279.215
282.795
286.392
289.922
293.534
297.078
300.705
304.368
308.051
311.74
315.59
319.417
323.247
327.169
330.981
334.816
338.68
342.602
346.69
350.626
354.715
358.574
362.577
366.649
370.879
375.044
379.141
383.446
387.501
391.648
395.864
400.119
404.305
408.58
412.723
416.985
421.312
425.625
429.97
434.41
438.83
443.288
447.769
452.258
456.917
461.592
466.193
470.817
475.35
480.063
484.762
489.436
494.091
498.824
503.638
508.514
513.338
518.292
523.147
528.133
533.051
538.075
543.081
548.044
553.054
558.257
563.326
568.521
573.717
578.983
584.206
589.379
594.577
599.859
605.358
610.868
616.396
621.724
627.162
632.816
638.217
643.718
649.315
655.003
660.535
666.23
672.114
677.772
683.585
689.153
694.741
700.624
706.468
712.308
718.166
724.247
730.155
735.97
741.706
747.828
753.833
759.8
765.716
771.893
778.171
784.732
791.02
797.402
803.524
809.807
816.185
822.549
828.756
835.296
841.934
848.588
855.293
861.677
868.152
874.592
881.103
888.066
894.529
901.185
907.695
914.337
920.952
927.687
934.153
940.798
947.299
953.859
960.49
967.482
974.494
981.359
988.443
995.542
1002.47
1009.31
1016.48
1023.57
1030.57
1037.78
1044.91
1052.37
1059.59
1066.47
1074.02
1081.32
1088.65
1095.56
1103.19
1110.94
1118.29
1125.52
1132.59
1139.87
1147.14
1154.64
1162.38
1169.93
1177.69
1184.96
1192.51
1199.95
1207.53
1215.13
1222.94
1230.56
1238.19
1246.09
1253.59
1261.02
1268.87
1276.66
1284.39
1292.37
1300.29
1308.24
1316.31
1324.26
1332.49
1340.8
1349.1
1357.65
1366.48
1374.8
1383.19
1391.57
1400.1
1408.81
1417.2
1426.14
1434.65
1443.63
1452.21
1460.71
1469.16
1477.88
1486.49
1495.05
1503.92
1512.67
1521.58
1530.75
1539.65
1548.56
1558.18
1567.58
1577.08
1586.52
1596.04
1605.46
1614.4
1623.24
1632.41
1642.06
1651.18
1660.08
1669.25
1678.94
1687.87
1697.1
1706
1715.08
1724.65
1733.98
1743.2
1752.25
1761.7
1771.09
1780.2
1789.55
1798.63
1808.26
1817.48
1826.63
1835.95
1845.07
1854.05
1862.95
1871.68
1881.34
1890.49
1899.39
1908.43
1917.57
1926.51
1935.12
1944.28
1953.58
1962.87
1972.21
1981.39
1990.7
2000.07
2009.34
2018.8
2028.08
2037.54
2046.71
2056.17
2065.62
2075.09
2084.4
2094
2103.41
2113.07
2122.44
2131.79
2141.76
2151.27
2160.84
2170.17
2180.34
2190.1
2199.97
2209.57
2219.49
2229.58
2239.99
2250.1
2260.09
2270.1
2279.69
2289.88
2299.9
2310.2
2320.42
2330.48
2340.91
2351.13
2361.41
2371.89
2382.54
2392.96
2403.39
2414.12
2424.55
2434.98
2446.09
2457.57
2468.15
2478.99
2489.95
2500.41
2511.5
2522.2
2533.4
2543.8
2554.15
2565.18
2575.96
2586.25
2597.23
2607.72
2618.48
2629.5
2640.41
2651.31
2661.96
2672.91
2683.46
2693.9
2705
2716.05
2727.15
2737.53
2748.49
2759.3
2770.02
2781.21
2792.35
2803.48
2814.65
2825.98
2837.48
2848.63
2859.79
2871.4
2882.29
2893.95
2905.4
2917
2928.76
2939.88
2950.99
2962.31
2974.59
2986.71
2998.21
3010.63
3022.15
3033.86
3045.68
3057.74
3069.69
3081.72
3093.86
3106.15
3118.22
3130.2
3143
3155.83
3168.9
3181.49
3193.88
3206.43
3219.33
3232.01
3245.02
