0
0.0624894
0.124979
0.187468
0.249957
0.312447
0.374936
0.437426
0.499915
0.562404
0.624894
0.687383
0.749872
0.812362
0.874851
0.937341
0.99983
1.06232
1.12481
1.1873
1.24979
1.31228
1.37477
1.43726
1.49974
1.56223
1.62472
1.68721
1.7497
1.81219
1.87468
1.93717
1.99966
2.06215
2.12464
2.18713
2.24962
2.31211
2.3746
2.43709
2.49958
2.56206
2.62455
2.68704
2.74953
2.81202
2.87451
2.937
2.99949
3.06198
3.12447
3.18696
3.24945
3.31194
3.37443
3.43692
3.4994
3.56189
3.62438
3.68687
3.74936
3.81185
3.87434
3.93683
3.99932
4.06181
4.1243
4.18679
4.24928
4.31177
4.37426
4.43675
4.49923
4.56172
4.62421
4.6867
4.74919
4.81168
4.87417
4.93666
4.99915
5.06164
5.12413
5.18662
5.24911
5.3116
5.37409
5.43658
5.49906
5.56155
5.62404
5.68653
5.74902
5.81151
5.874
5.93649
5.99898
6.06147
6.12396
6.18645
6.24894
6.31143
6.37392
6.43641
6.4989
6.56138
6.62387
6.68636
6.74885
6.81134
6.87383
6.93632
6.99881
7.0613
7.12379
7.18628
7.24877
7.31126
7.37375
7.43624
7.49873
7.56121
7.6237
7.68619
7.74868
7.81117
7.87366
7.93615
7.99864
8.06113
8.12362
8.18611
8.2486
8.31109
8.37358
8.43607
8.49855
8.56104
8.62353
8.68602
8.74851
8.811
8.87349
8.93598
8.99847
9.06096
9.12345
9.18594
9.24843
9.31092
9.37341
9.4359
9.49839
9.56087
9.62336
9.68585
9.74834
9.81083
9.87332
9.93581
9.9983
10.0608
10.1233
10.1858
10.2483
10.3107
10.3732
10.4357
10.4982
10.5607
10.6232
10.6857
10.7482
10.8107
10.8732
10.9356
10.9981
11.0606
11.1231
11.1856
11.2481
11.3106
11.3731
11.4356
11.498
11.5605
11.623
11.6855
11.748
11.8105
11.873
11.9355
11.998
12.0604
12.1229
12.1854
12.2479
12.3104
12.3729
12.4354
12.4979
12.5604
12.6229
12.6853
12.7478
12.8103
12.8728
12.9353
12.9978
13.0603
13.1228
13.1853
13.2477
13.3102
13.3727
13.4352
13.4977
13.5602
13.6227
13.6852
13.7477
13.8102
13.8726
13.9351
13.9976
14.0601
14.1226
14.1851
14.2476
14.3101
14.3726
14.435
14.4975
14.56
14.6225
14.685
14.7475
14.81
14.8725
14.935
14.9975
15.0599
15.1224
15.1849
15.2474
15.3099
15.3724
15.4349
15.4974
15.5599
15.6223
15.6848
15.7473
15.8098
15.8723
15.9348
15.9973
16.0598
16.1223
16.1847
16.2472
16.3097
16.3722
16.4347
16.4972
16.5597
16.6222
16.6847
16.7472
16.8096
16.8721
16.9346
16.9971
17.0596
17.1221
17.1846
17.2471
17.3096
17.372
17.4345
17.497
17.5595
17.622
17.6845
17.747
17.8095
17.872
17.9345
17.9969
18.0594
18.1219
18.1844
18.2469
18.3094
18.3719
18.4344
18.4969
18.5593
18.6218
18.6843
18.7468
18.8093
18.8718
18.9343
18.9968
19.0593
19.1217
19.1842
19.2467
19.3092
19.3717
19.4342
19.4967
19.5592
19.6217
19.6842
19.7466
19.8091
19.8716
19.9341
19.9966
20.0591
20.1216
20.1841
20.2466
20.309
20.3715
20.434
20.4965
20.559
20.6215
20.684
20.7465
20.809
20.8715
20.9339
20.9964
21.0589
21.1214
21.1839
21.2464
21.3089
21.3714
21.4339
21.4963
21.5588
21.6213
21.6838
21.7463
21.8088
21.8713
21.9338
21.9963
22.0587
22.1212
22.1837
22.2462
22.3087
22.3712
22.4337
22.4962
22.5587
22.6212
22.6836
22.7461
22.8086
22.8711
22.9336
22.9961
23.0586
23.1211
23.1836
23.246
23.3085
23.371
23.4335
23.496
23.5585
23.621
23.6835
23.746
23.8085
23.8709
23.9334
23.9959
24.0584
24.1209
24.1834
24.2459
24.3084
24.3709
24.4333
24.4958
24.5583
24.6208
24.6833
24.7458
24.8083
24.8708
24.9333
24.9958
25.0582
25.1207
25.1832
25.2457
25.3082
25.3707
25.4332
25.4957
25.5582
25.6206
25.6831
25.7456
25.8081
25.8706
25.9331
25.9956
26.0581
26.1206
26.183
26.2455
26.308
26.3705
26.433
26.4955
26.558
26.6205
26.683
26.7455
26.8079
26.8704
26.9329
26.9954
27.0579
27.1204
27.1829
27.2454
27.3079
27.3703
27.4328
27.4953
27.5578
27.6203
27.6828
27.7453
27.8078
27.8703
27.9328
27.9952
28.0577
28.1202
28.1827
28.2452
28.3077
28.3702
28.4327
28.4952
28.5576
28.6201
28.6826
28.7451
28.8076
28.8701
28.9326
28.9951
29.0576
29.12
29.1825
29.245
29.3075
29.37
29.4325
29.495
29.5575
29.62
29.6825
29.7449
29.8074
29.8699
29.9324
29.9949
30.0574
30.1199
30.1824
30.2449
30.3073
30.3698
30.4323
30.4948
30.5573
30.6198
30.6823
30.7448
30.8073
30.8698
30.9322
30.9947
31.0572
31.1197
31.1822
31.2447
31.3072
31.3697
31.4322
31.4946
31.5571
31.6196
31.6821
31.7446
31.8071
31.8696
31.9321
31.9946
