0
0.0026527
0.0053054
0.0079581
0.0106108
0.0132635
0.0159162
0.0185689
0.0212216
0.0238743
0.026527
0.0291797
0.0318324
0.0344851
0.0371378
0.0397905
0.0424432
0.0450959
0.0477486
0.0504013
0.053054
0.0557067
0.0583594
0.0610121
0.0636648
0.0663175
0.0689702
0.0716229
0.0742756
0.0769283
0.079581
0.0822337
0.0848865
0.0875392
0.0901919
0.0928446
0.0954973
0.09815
0.100803
0.103455
0.106108
0.108761
0.111413
0.114066
0.116719
0.119372
0.122024
0.124677
0.12733
0.129982
0.132635
0.135288
0.13794
0.140593
0.143246
0.145899
0.148551
0.151204
0.153857
0.156509
0.159162
0.161815
0.164467
0.16712
0.169773
0.172426
0.175078
0.177731
0.180384
0.183036
0.185689
0.188342
0.190995
0.193647
0.1963
0.198953
0.201605
0.204258
0.206911
0.209563
0.212216
0.214869
0.217522
0.220174
0.222827
0.22548
0.228132
0.230785
0.233438
0.23609
0.238743
0.241396
0.244049
0.246701
0.249354
0.252007
0.254659
0.257312
0.259965
0.262617
0.26527
0.267923
0.270576
0.273228
0.275881
0.278534
0.281186
0.283839
0.286492
0.289144
0.291797
0.29445
0.297103
0.299755
0.302408
0.305061
0.307713
0.310366
0.313019
0.315671
0.318324
0.320977
0.32363
0.326282
0.328935
0.331588
0.33424
0.336893
0.339546
0.342199
0.344851
0.347504
0.350157
0.352809
0.355462
0.358115
0.360767
0.36342
0.366073
0.368726
0.371378
0.374031
0.376684
0.379336
0.381989
0.384642
0.387294
0.389947
0.3926
0.395253
0.397905
0.400558
0.403211
0.405863
0.408516
0.411169
0.413821
0.416474
0.419127
0.42178
0.424432
0.427085
0.429738
0.43239
0.435043
0.437696
0.440348
0.443001
0.445654
0.448307
0.450959
0.453612
0.456265
0.458917
0.46157
0.464223
0.466875
0.469528
0.472181
0.474834
0.477486
0.480139
0.482792
0.485444
0.488097
0.49075
0.493402
0.496055
0.498708
0.501361
0.504013
0.506666
0.509319
0.511971
0.514624
0.517277
0.51993
0.522582
0.525235
0.527888
0.53054
0.533193
0.535846
0.538498
0.541151
0.543804
0.546457
0.549109
0.551762
0.554415
0.557067
0.55972
0.562373
0.565025
0.567678
0.570331
0.572984
0.575636
0.578289
0.580942
0.583594
0.586247
0.5889
0.591552
0.594205
0.596858
0.599511
0.602163
0.604816
0.607469
0.610121
0.612774
0.615427
0.618079
0.620732
0.623385
0.626038
0.62869
0.631343
0.633996
0.636648
0.639301
0.641954
0.644606
0.647259
0.649912
0.652565
0.655217
0.65787
0.660523
0.663175
0.665828
0.668481
0.671133
0.673786
0.676439
0.679092
0.681744
0.684397
0.68705
0.689702
0.692355
0.695008
0.697661
0.700313
0.702966
0.705619
0.708271
0.710924
0.713577
0.716229
0.718882
0.721535
0.724188
0.72684
0.729493
0.732146
0.734798
0.737451
0.740104
0.742756
0.745409
0.748062
0.750715
0.753367
0.75602
0.758673
0.761325
0.763978
0.766631
0.769283
0.771936
0.774589
0.777242
0.779894
0.782547
0.7852
0.787852
0.790505
0.793158
0.79581
0.798463
0.801116
0.803769
0.806421
0.809074
0.811727
0.814379
0.817032
0.819685
0.822337
0.82499
0.827643
0.830296
0.832948
0.835601
0.838254
0.840906
0.843559
0.846212
0.848865
0.851517
0.85417
0.856823
0.859475
0.862128
0.864781
0.867433
0.870086
0.872739
0.875392
0.878044
0.880697
0.88335
0.886002
0.888655
0.891308
0.89396
0.896613
0.899266
0.901919
0.904571
0.907224
0.909877
0.912529
0.915182
0.917835
0.920487
0.92314
0.925793
0.928446
0.931098
0.933751
0.936404
0.939056
0.941709
0.944362
0.947014
0.949667
0.95232
0.954973
0.957625
0.960278
0.962931
0.965583
0.968236
0.970889
0.973541
0.976194
0.978847
0.9815
0.984152
0.986805
0.989458
0.99211
0.994763
0.997416
1.00007
1.00272
1.00537
1.00803
1.01068
1.01333
1.01598
1.01864
1.02129
1.02394
1.0266
1.02925
1.0319
1.03455
1.03721
1.03986
1.04251
1.04516
1.04782
1.05047
1.05312
1.05578
1.05843
1.06108
1.06373
1.06639
1.06904
1.07169
1.07434
1.077
1.07965
1.0823
1.08495
1.08761
1.09026
1.09291
1.09557
1.09822
1.10087
1.10352
1.10618
1.10883
1.11148
1.11413
1.11679
1.11944
1.12209
1.12475
1.1274
1.13005
1.1327
1.13536
1.13801
1.14066
1.14331
1.14597
1.14862
1.15127
1.15393
1.15658
1.15923
1.16188
1.16454
1.16719
1.16984
1.17249
1.17515
1.1778
1.18045
1.1831
1.18576
1.18841
1.19106
1.19372
1.19637
1.19902
1.20167
1.20433
1.20698
1.20963
1.21228
1.21494
1.21759
1.22024
1.2229
1.22555
1.2282
1.23085
1.23351
1.23616
1.23881
1.24146
1.24412
1.24677
1.24942
1.25208
1.25473
1.25738
1.26003
1.26269
1.26534
1.26799
1.27064
1.2733
1.27595
1.2786
1.28125
1.28391
1.28656
1.28921
1.29187
1.29452
1.29717
1.29982
1.30248
1.30513
1.30778
1.31043
1.31309
1.31574
1.31839
1.32105
1.3237
1.32635
1.329
1.33166
1.33431
1.33696
1.33961
1.34227
1.34492
1.34757
1.35023
1.35288
1.35553
1.35818
