0
0
0
0.000104123
0.000104123
0.000208247
0.00031237
0.000520616
0.00062474
0.00104123
0.00124948
0.0013536
0.00166597
0.00197834
0.00229071
0.00260308
0.00301958
0.00354019
0.00416493
0.00437318
0.00458142
0.00489379
0.00510204
0.0058309
0.0062474
0.00676801
0.00708038
0.00780925
0.00874636
0.0093711
0.00978759
0.0103082
0.0108288
0.0115577
0.0121824
0.0128072
0.0136401
0.0144731
0.0155144
0.0164515
0.0170762
0.0181175
0.0196793
0.0200958
0.0207205
0.0215535
0.0224906
0.0234277
0.0243648
0.025302
0.0271762
0.0281133
0.0294669
0.0302999
0.0311329
0.0321741
0.0335277
0.0342566
0.0354019
0.036339
0.0374844
0.0384215
0.0395668
0.0407122
0.0416493
0.0423782
0.0433153
0.044773
0.0461266
0.0471678
0.0496668
0.0501874
0.0521658
0.0527905
0.0544565
0.0550812
0.0559142
0.0572678
0.0578925
0.0590379
0.0604956
0.0619534
0.0630987
0.0644523
0.0655977
0.0670554
0.0690337
0.0703873
0.0723657
0.0744481
0.0756976
0.0774677
0.0784048
0.0800708
0.0818409
0.0829863
0.085277
0.0863182
0.0876718
0.0889213
0.0904831
0.0923574
0.0936068
0.0952728
0.0973553
0.0993336
0.100791
0.10277
0.104227
0.10631
0.107872
0.109746
0.111724
0.112661
0.113599
0.114952
0.117139
0.118284
0.119325
0.1212
0.122345
0.123803
0.12526
0.126614
0.12828
0.129738
0.131299
0.132653
0.134736
0.136193
0.137651
0.138796
0.140254
0.142232
0.144211
0.145356
0.146189
0.147439
0.149313
0.150875
0.151916
0.153269
0.15556
0.156914
0.158372
0.159621
0.161495
0.163578
0.165035
0.166805
0.168367
0.169617
0.171179
0.172428
0.174094
0.175552
0.177114
0.179196
0.18055
0.181903
0.183049
0.185027
0.186589
0.188463
0.190025
0.19065
0.192107
0.193461
0.194294
0.195544
0.197626
0.1995
0.199917
0.20127
0.201999
0.203665
0.204915
0.206268
0.20783
0.209392
0.210641
0.211683
0.213244
0.215431
0.217409
0.219075
0.220325
0.222303
0.223969
0.226052
0.227405
0.228446
0.229384
0.23105
0.233028
0.235214
0.236152
0.238026
0.239171
0.241358
0.242191
0.243753
0.244794
0.246252
0.248855
0.250416
0.252291
0.253332
0.254373
0.256247
0.258226
0.260204
0.261349
0.262287
0.264577
0.26666
0.268534
0.270825
0.272178
0.273844
0.275198
0.27676
0.278113
0.279988
0.282278
0.284048
0.285818
0.28738
0.28915
0.291337
0.29217
0.293524
0.294252
0.295398
0.296647
0.299146
0.301437
0.303103
0.304665
0.306122
0.307476
0.308205
0.310079
0.311433
0.313515
0.314348
0.315389
0.316951
0.318305
0.319971
0.321741
0.323407
0.32424
0.326739
0.327676
0.329238
0.330591
0.331529
0.33309
0.335381
0.336422
0.337359
0.338505
0.339754
0.341733
0.343607
0.345377
0.346835
0.348292
0.349854
0.350687
0.352041
0.354227
0.356414
0.358184
0.359642
0.360891
0.362453
0.364744
0.366097
0.367763
0.369117
0.370158
0.371616
0.373178
0.374323
0.375677
0.376718
0.377551
0.379113
0.380362
0.381299
0.382653
0.383903
0.385464
0.387339
0.3889
0.390462
0.392024
0.393274
0.394419
0.395564
0.396814
0.398167
0.399521
0.400979
0.402645
0.404415
0.406185
0.407434
0.408684
0.410558
0.41212
0.413682
0.415452
0.416597
0.418055
0.419096
0.420137
0.421699
0.423261
0.424406
0.425135
0.426697
0.428051
0.429717
0.430966
0.432007
0.432632
0.433673
0.435235
0.436172
0.437734
0.438463
0.439296
0.440337
0.441691
0.442628
0.445855
0.446506
0.447591
0.448242
0.449761
0.451063
0.452799
0.454644
0.456055
0.457357
0.459201
0.459961
0.461372
0.463325
0.464193
0.465603
0.466363
0.467882
0.469076
0.47092
0.472114
0.473199
0.474501
0.475911
0.477431
0.47895
0.48036
0.481771
0.483724
0.485026
0.485786
0.487088
0.487847
0.489041
0.490017
0.491428
0.492622
0.493598
0.494683
0.495877
0.497179
0.498047
0.499566
0.500109
0.501736
0.503038
0.504449
0.505642
0.506836
0.50803
0.509874
0.510417
0.511502
0.512695
0.513997
0.515625
0.516927
0.518012
0.519314
0.521376
0.522786
0.524631
0.525499
0.52691
0.528212
0.528754
0.53049
0.532118
0.533637
0.534397
0.535699
0.537001
0.537869
0.538628
0.540148
0.541775
0.542643
0.54362
0.544596
0.545898
0.546984
0.548286
0.549805
0.550998
0.551758
0.552951
0.554362
0.555122
0.556098
0.558268
0.559245
0.560438
0.561849
0.562174
0.563477
0.564128
0.564996
0.566298
0.566949
0.568251
0.569661
0.570855
0.572266
0.573025
0.574219
0.575412
0.576606
0.578016
0.579536
0.580078
0.581272
0.582899
0.58431
0.585612
0.587131
0.588542
0.589952
0.591254
0.592122
0.592882
0.594076
0.595269
0.596354
0.597548
0.598958
0.600369
0.602105
0.60319
0.603624
0.604492
0.605577
0.606879
0.607639
0.609484
0.610786
0.612196
0.61339
0.6148
0.615994
0.616753
0.617947
0.619249
0.620334
0.621745
0.622287
0.623155
0.624132
0.625651
0.626845
0.627604
0.628798
0.629774
0.630859
0.631727
0.63303
0.634115
0.634874
0.635308
0.636393
0.637695
0.638455
0.639431
0.641059
0.641819
0.64247
0.643229
0.644314
0.645399
0.646593
0.647895
0.648546
0.64974
0.650716
0.652018
0.652561
