0.000941176
0.000942063
0.000942063
0.000942285
0.000942285
0.00282752
0.00377092
0.00518623
0.00612918
0.00754895
0.009908
0.011798
0.0160453
0.0181689
0.0219495
0.0259618
0.0306966
0.0356553
0.0380345
0.0439405
0.0460775
0.0515245
0.0550697
0.0628693
0.0652482
0.0725768
0.0794326
0.0836879
0.0895981
0.0978723
0.100473
0.105699
0.108773
0.11232
0.116576
0.119414
0.121305
0.125355
0.130085
0.135998
0.140492
0.145932
0.152081
0.155393
0.158704
0.163907
0.168244
0.176053
0.181496
0.186316
0.190578
0.198153
0.200332
0.206725
0.213829
0.220038
0.224538
0.227617
0.234486
0.23946
0.246504
0.251007
0.25717
0.26221
0.26624
0.272641
0.27538
0.280664
0.286121
0.291647
0.296156
0.303512
0.308733
0.310394
0.316564
0.320123
0.32392
0.32906
0.335867
0.338955
0.342993
0.347981
0.350831
0.356532
0.363744
0.367071
0.369684
0.374762
0.37999
0.383555
0.389734
0.396863
0.401236
0.405611
0.408464
0.416072
0.420414
0.423745
0.431223
0.434896
0.438705
0.442143
0.446535
0.452012
0.45617
0.461282
0.465332
0.471051
0.476531
0.481534
0.484155
0.488921
0.494757
0.499285
0.503337
0.50584
0.510014
0.512521
0.514313
0.517414
0.522185
0.525286
0.528752
0.531854
0.53591
0.539857
0.542482
0.545476
0.550382
0.554202
0.558739
0.56259
0.564978
0.568323
0.572521
0.573238
0.575526
0.579488
0.583792
0.585366
0.587279
0.591105
0.595073
0.598661
0.600239
0.602392
0.605502
0.608852
0.61163
0.613783
0.616655
0.620244
0.621919
0.624551
0.626226
0.631491
0.634123
0.636102
0.637778
0.639933
0.64113
0.6452
0.648552
0.650706
0.653736
0.654693
0.657328
0.660201
0.662835
0.664511
0.666347
0.668743
0.670662
0.674419
0.675779
0.678417
0.682254
0.683377
0.68642
0.690259
0.691459
0.692825
0.693065
0.696184
0.697792
0.69916
0.701801
0.702761
0.704442
0.706603
0.709244
0.711575
0.714217
0.717099
0.720701
0.722863
0.723823
0.725679
0.7276
0.729457
0.732036
0.733654
0.735096
0.736298
0.738462
0.739663
0.741106
0.742548
0.74399
0.745673
0.748077
0.749279
0.750721
0.753125
0.755529
0.755769
0.75649
0.757452
0.760817
0.763221
0.763886
0.765328
0.767733
0.770137
0.772673
0.775319
0.77719
0.779596
0.78128
0.783446
0.785319
0.786952
0.788878
0.790804
0.791526
0.793211
0.793693
0.794656
0.79581
0.796533
0.797737
0.7987
0.801541
0.802987
0.804191
0.806553
0.807998
0.809157
0.810843
0.813253
0.814217
0.816145
0.817349
0.819518
0.820964
0.823373
0.824819
0.825783
0.826024
0.826988
0.828434
0.82988
0.830321
0.830321
0.831485
0.832208
0.833655
0.834378
0.836548
0.837753
0.838476
0.839441
0.840125
0.842016
0.842905
0.844316
0.84504
0.845764
0.847695
0.848419
0.849385
0.850109
0.850036
0.851485
0.852693
0.854383
0.85559
0.856522
0.858178
0.859111
0.859594
0.861252
0.863428
0.864087
0.864813
0.865296
0.866264
0.866747
0.867441
0.869134
0.870827
0.872037
0.872037
0.873246
0.874698
0.875605
0.876089
0.876998
0.878663
0.878663
0.879147
0.879874
0.881327
0.881812
0.883507
0.884476
0.885929
0.886413
0.88714
0.888109
0.888109
0.888109
0.888351
0.888808
0.889535
0.891473
0.891957
0.89239
0.89239
0.892874
0.893844
0.894571
0.896
0.896727
0.897212
0.8984
0.8984
0.898885
0.899127
0.89937
0.899612
0.900824
0.901552
0.902037
0.903226
0.903953
0.904901
0.905143
0.905871
0.907084
0.908054
0.908782
0.909267
0.90951
0.909973
0.910216
0.910459
0.910459
0.910879
0.911608
0.912315
0.914501
0.914987
0.915715
0.916201
0.916646
0.917355
0.917598
0.918085
0.918085
0.918814
0.919786
0.920515
0.921001
0.921001
0.921245
0.921488
0.921488
0.921731
0.922198
0.923414
0.9239
0.9239
0.924143
0.924386
0.924629
0.92607
0.9268
0.927529
0.927755
0.927755
0.928485
0.928728
0.928971
0.929423
0.930397
0.930883
0.931614
0.931614
0.931857
0.932587
0.93283
0.933074
0.933317
0.933317
0.93356
0.934047
0.934291
0.934291
0.934534
0.934534
0.934777
0.934777
0.935005
0.935492
0.935735
0.935735
0.935735
0.936465
0.936709
0.937196
0.937683
0.938154
0.938154
0.938154
0.938641
0.93887
0.93887
0.939099
0.939099
0.939099
0.939099
0.939084
0.939815
0.9398
0.9398
0.9398
0.940044
0.940775
0.941262
0.941506
0.941994
0.941994
0.941994
0.942725
0.942969
0.943212
0.943456
0.943456
0.944431
0.944918
0.945162
0.945162
0.94565
0.94565
0.946381
0.946624
0.946855
0.946855
0.947587
0.947818
0.948061
0.948061
0.948061
0.948305
0.948793
0.948793
0.948793
0.94878
0.949024
0.949024
0.949268
0.949268
0.949744
0.949976
0.949976
0.95022
0.950708
0.950952
0.95144
0.951684
0.951916
0.951916
0.952393
0.953125
0.953125
0.953613
0.953846
0.954323
0.954568
0.954557
0.954801
0.9565
0.956745
0.956745
0.956745
0.956989
0.957468
0.957468
0.957468
0.958201
0.958445
0.95869
0.958924
0.959413
0.959413
0.959648
0.959648
0.960127
0.960127
0.960127
0.960372
0.960352
