0.999059
0.999058
0.999058
0.999162
0.999162
0.99738
0.99654
0.995332
0.994492
0.993485
0.991331
0.989541
0.985597
0.983777
0.980296
0.97658
0.972239
0.967771
0.965989
0.960259
0.958313
0.95314
0.949776
0.942627
0.940628
0.933743
0.927132
0.923524
0.918435
0.910662
0.908418
0.903616
0.900984
0.89806
0.894319
0.892011
0.890846
0.88749
0.883624
0.878454
0.87444
0.869827
0.86494
0.861929
0.859097
0.85451
0.850893
0.843713
0.838945
0.834806
0.832034
0.825041
0.823948
0.818062
0.811433
0.805891
0.802363
0.79978
0.793609
0.789219
0.78284
0.77892
0.773432
0.769102
0.765649
0.759547
0.757429
0.753052
0.7484
0.743419
0.740629
0.73329
0.729312
0.72804
0.722797
0.719508
0.716121
0.711698
0.704944
0.70252
0.699312
0.695082
0.692889
0.687798
0.680923
0.678421
0.677056
0.672579
0.668377
0.66603
0.660245
0.653784
0.649704
0.646125
0.644263
0.636771
0.633619
0.630696
0.623434
0.620258
0.617135
0.614622
0.610624
0.605694
0.602486
0.598133
0.594598
0.589536
0.584377
0.58014
0.578218
0.574083
0.568791
0.564288
0.560314
0.558342
0.554997
0.552875
0.551494
0.549142
0.544422
0.541789
0.538729
0.536013
0.532384
0.528741
0.526669
0.524039
0.519631
0.516085
0.511696
0.507906
0.505988
0.503256
0.499514
0.499345
0.497152
0.493233
0.489261
0.488307
0.486651
0.482911
0.479522
0.476036
0.474985
0.473129
0.470477
0.467645
0.465134
0.463537
0.460955
0.457326
0.456167
0.453675
0.452562
0.446977
0.444626
0.443343
0.44203
0.440128
0.43928
0.435352
0.432067
0.43041
0.4275
0.426647
0.424156
0.421305
0.418471
0.417037
0.415832
0.413813
0.41163
0.407624
0.406291
0.403829
0.399637
0.398904
0.395849
0.391776
0.390876
0.38966
0.390128
0.387239
0.386164
0.385236
0.382466
0.382204
0.380859
0.379092
0.376337
0.373823
0.37085
0.367905
0.364158
0.362373
0.36156
0.360014
0.35803
0.356615
0.353604
0.352194
0.35077
0.349854
0.348186
0.347308
0.34625
0.344801
0.343348
0.341951
0.339622
0.338906
0.337479
0.334649
0.332423
0.333039
0.332906
0.332633
0.328628
0.326072
0.325764
0.324473
0.32175
0.319249
0.316735
0.313822
0.31198
0.309287
0.307688
0.305582
0.303295
0.301564
0.299146
0.296899
0.2964
0.295052
0.295331
0.294655
0.293657
0.293232
0.292067
0.290983
0.287654
0.286121
0.285235
0.282136
0.280454
0.279399
0.27748
0.274616
0.273912
0.271737
0.270289
0.268071
0.266294
0.263322
0.261695
0.26062
0.260869
0.260318
0.258547
0.256731
0.256509
0.256994
0.255998
0.255627
0.254108
0.253568
0.250806
0.249555
0.248761
0.247792
0.247571
0.245474
0.244766
0.243121
0.242463
0.241921
0.239754
0.239123
0.238226
0.23759
0.238098
0.236344
0.235007
0.232735
0.231306
0.230198
0.227845
0.226916
0.226594
0.224257
0.221225
0.220603
0.219983
0.219867
0.218846
0.218613
0.218034
0.215692
0.213304
0.211707
0.212145
0.210613
0.208671
0.207664
0.207433
0.206524
0.204334
0.204765
0.204379
0.203796
0.201866
0.201577
0.199287
0.198018
0.196017
0.195535
0.194633
0.193483
0.194007
0.194393
0.194218
0.19395
0.193138
0.190304
0.18987
0.189457
0.189666
0.189159
0.187965
0.186988
0.184966
0.183911
0.183319
0.181539
0.181979
0.181415
0.182033
0.18181
0.181728
0.179745
0.178919
0.17846
0.176853
0.176117
0.174833
0.174805
0.174056
0.172054
0.170703
0.169968
0.169338
0.169331
0.168704
0.16873
0.168652
0.16924
0.168826
0.167791
0.166861
0.163139
0.162683
0.161759
0.161263
0.160843
0.160078
0.160011
0.159302
0.159706
0.158519
0.156987
0.155858
0.155334
0.155699
0.15552
0.155373
0.15574
0.15566
0.154999
0.15304
0.152233
0.152731
0.152642
0.152585
0.152462
0.149909
0.14879
0.147862
0.147565
0.147892
0.146757
0.14665
0.14664
0.1461
0.144409
0.143787
0.142881
0.143304
0.143348
0.142071
0.141981
0.141857
0.141503
0.142027
0.142001
0.141419
0.141127
0.141523
0.141396
0.141661
0.141367
0.141834
0.141841
0.141046
0.140814
0.141116
0.141521
0.140248
0.140113
0.139505
0.138791
0.137974
0.138342
0.13878
0.137922
0.137711
0.138387
0.138175
0.13855
0.138996
0.1391
0.139548
0.13808
0.138389
0.138805
0.139013
0.138868
0.137624
0.136871
0.136753
0.135854
0.136235
0.136618
0.135276
0.135151
0.13506
0.134654
0.135037
0.133227
0.132507
0.132335
0.132822
0.132092
0.132547
0.13118
0.130862
0.130539
0.130923
0.129502
0.129278
0.129055
0.129509
0.129966
0.12992
0.129047
0.129188
0.129472
0.129859
0.129669
0.12992
0.129909
0.130344
0.129592
0.129392
0.129866
0.129634
0.128618
0.128381
0.127538
0.12726
0.12712
0.127303
0.126332
0.124711
0.125217
0.124309
0.123938
0.12305
0.122715
0.123106
0.122733
0.118537
0.11822
0.118466
0.118607
0.118289
0.117394
0.117641
0.117959
0.116451
0.116016
0.115543
0.115132
0.114109
0.114458
0.11418
0.114603
0.113451
0.113838
0.114156
0.11388
0.114114
