0.0108799
0.14012
0.528475
0.99252
1.65625
2.38246
3.20498
4.12055
5.19696
6.24642
7.42618
8.63667
9.96272
11.3358
12.7597
14.29
15.8134
17.3404
19.0932
20.8839
22.6242
24.3402
26.1395
28.0419
29.8967
31.8618
33.8579
35.9082
37.934
39.9664
42.0768
44.169
46.2926
48.3869
50.5269
52.6049
54.7893
57.0107
59.1887
61.3938
63.5008
65.4882
67.6112
69.76
71.9298
74.1336
76.433
78.5394
80.748
82.88
84.8348
86.9412
89.0403
91.0691
93.2919
95.3087
97.3216
99.4104
101.591
103.6
105.8
107.81
109.955
112.26
114.463
116.702
118.948
121.061
123.175
125.242
127.475
129.614
131.96
134.285
136.689
138.905
141.153
143.604
145.976
148.708
151.178
153.471
155.884
158.258
160.582
163.221
165.636
168.053
170.496
173.067
175.699
178.593
181.264
183.866
186.481
189.147
191.74
194.579
197.118
199.789
202.614
205.469
208.115
210.776
213.681
216.455
219.561
222.634
225.301
228.503
231.503
234.788
237.941
240.92
244.283
247.334
250.506
253.637
256.509
259.736
262.677
265.905
269.253
272.442
275.76
279.29
282.824
286.283
289.681
293.124
296.617
300.077
303.339
306.82
310.455
314.212
317.864
321.416
324.912
328.517
332.51
336.113
339.143
342.743
346.491
350.172
354.087
357.616
361.507
365.259
369.263
373.334
377.313
381.229
385.461
389.65
393.83
397.976
401.949
406.246
410.488
414.821
419.37
423.91
428.035
432.479
436.723
441.224
445.536
449.764
454.579
459.094
463.556
467.784
472.158
476.524
481.104
485.917
490.629
495.402
500.379
505.347
510.243
514.861
519.305
523.999
528.573
533.32
538.125
543.19
547.838
552.62
557.8
562.519
567.97
572.727
577.754
582.817
587.861
592.998
597.529
602.324
607.467
612.713
618.069
623.419
628.674
633.867
639.17
644.506
649.847
655.186
660.341
665.77
671.122
676.89
682.644
688.106
693.578
698.801
704.482
710.018
715.596
721.131
726.727
732.767
738.763
744.551
750.534
756.779
763.032
769.1
775.194
781.05
786.539
792.625
798.592
804.431
810.649
816.76
822.608
828.918
835.645
842.265
848.978
855.336
861.291
867.629
873.666
880.019
885.765
892.424
899.313
906.418
913.181
919.791
926.396
932.74
938.913
945.316
952.417
958.825
964.622
971.207
977.667
984.105
990.84
997.682
1004.29
1011.02
1018.73
1025.93
1032.53
1039.42
1046.19
1052.96
1059.96
1067.57
1075.03
1082.06
1089.09
1096.3
1103.62
1110.34
1116.72
1123.82
1130.89
1138.31
1146.05
1153.21
1160.33
1167.39
1174.19
1181.88
1188.98
1196.79
1204.78
1212.31
1219.56
1227.04
1234.34
1242.82
1250.76
1258.82
1266.67
1274.49
1282.23
1289.97
1298.2
1306.27
1314.03
1322.07
1330.82
1339.08
1346.46
1354.07
1361.7
1369.4
1376.58
1384.48
1392.08
1399.88
1407.77
1415.8
1423.54
1430.98
1438.56
1446.4
1454.44
1462.8
1471.31
1479.77
1488.5
1496.54
1505.23
1513.7
1522
1531.04
1539.26
1547.24
1556.12
1564.54
1573.68
1582.38
1591.95
1601.22
1611.57
1621.13
1631.78
1641.34
1650.49
1659.74
1669.64
1678.25
1688.17
1697
1706.12
1714.94
1724.56
1733.76
1743.45
1753.11
1761.23
1769.68
1778.08
1786.33
1796.25
1804.95
1814.29
1823.55
1833.58
1841.81
1851.67
1860.96
1870.13
1879.3
1887.74
1897.37
1907.07
1916.68
1926.64
1934.35
1943.9
1953.02
1961.03
1970.04
1978.93
1988.16
1996.99
2006.87
2017.06
2025.78
2035.69
2044.96
2053.44
2062.56
2072.92
2082.65
2092.1
2101.69
2110.17
2118.93
2128.72
2137.39
2146.99
2155.62
2164.15
2172.26
2180.32
2188.05
2197.23
2205.37
2213.81
2222.98
2230.67
2239.54
2248.92
2258.28
2266.39
2275.59
2285.11
2293.13
2301.93
2311.17
2319.67
2329.48
2339.9
2348.6
2359.71
2368.79
2379.02
2389.11
2397.86
2408.53
2418.86
2429.1
2439.67
2450.12
2460.38
2469.7
2479.11
2488.85
2497.82
2507.2
2515.79
2526.8
2537.13
2547.05
2556.99
2569.07
2578.91
2589.64
2601.26
2612.01
2623.16
2634.27
2645.06
2655.9
2667.07
2678.35
2688.87
2700.95
2712.11
2723.03
2734.8
2744.77
2756.02
2767.62
2777.74
2788.86
2799.96
2810.78
2823
2833.93
2846.15
2857.12
2868.77
2880.08
2892.34
2904.11
2915.84
2927.13
2937.93
2949.99
2962.24
2974.25
2985.98
2998
3009.51
3020.78
3032.91
3045.53
3056.72
3068.92
3080.22
3091.9
3103.62
3114.46
3126.74
3138.36
3149.85
3162.03
3174.02
3185.49
3197.4
3208.83
3220.93
3233.1
3243.67
3255.27
3267.01
3278.96
3289.38
