0
0.00383351
0.00766701
0.0115005
0.015334
0.0191675
0.023001
0.0268345
0.030668
0.0345015
0.0383351
0.0421686
0.0460021
0.0498356
0.0536691
0.0575026
0.0613361
0.0651696
0.0690031
0.0728366
0.0766701
0.0805036
0.0843371
0.0881706
0.0920041
0.0958376
0.0996711
0.103505
0.107338
0.111172
0.115005
0.118839
0.122672
0.126506
0.130339
0.134173
0.138006
0.14184
0.145673
0.149507
0.15334
0.157174
0.161007
0.164841
0.168674
0.172508
0.176341
0.180175
0.184008
0.187842
0.191675
0.195509
0.199342
0.203176
0.207009
0.210843
0.214676
0.21851
0.222343
0.226177
0.23001
0.233844
0.237677
0.241511
0.245344
0.249178
0.253011
0.256845
0.260678
0.264512
0.268345
0.272179
0.276012
0.279846
0.283679
0.287513
0.291346
0.29518
0.299013
0.302847
0.30668
0.310514
0.314347
0.318181
0.322014
0.325848
0.329681
0.333515
0.337348
0.341182
0.345015
0.348849
0.352682
0.356516
0.36035
0.364183
0.368017
0.37185
0.375684
0.379517
0.383351
0.387184
0.391018
0.394851
0.398685
0.402518
0.406352
0.410185
0.414019
0.417852
0.421686
0.425519
0.429353
0.433186
0.43702
0.440853
0.444687
0.44852
0.452354
0.456187
0.460021
0.463854
0.467688
0.471521
0.475355
0.479188
0.483022
0.486855
0.490689
0.494522
0.498356
0.502189
0.506023
0.509856
0.51369
0.517523
0.521357
0.52519
0.529024
0.532857
0.536691
0.540524
0.544358
0.548191
0.552025
0.555858
0.559692
0.563525
0.567359
0.571192
0.575026
0.578859
0.582693
0.586526
0.59036
0.594193
0.598027
0.60186
0.605694
0.609527
0.613361
0.617194
0.621028
0.624861
0.628695
0.632528
0.636362
0.640195
0.644029
0.647862
0.651696
0.655529
0.659363
0.663196
0.66703
0.670863
0.674697
0.67853
0.682364
0.686197
0.690031
0.693864
0.697698
0.701531
0.705365
0.709198
0.713032
0.716866
0.720699
0.724533
0.728366
0.7322
0.736033
0.739867
0.7437
0.747534
0.751367
0.755201
0.759034
0.762868
0.766701
0.770535
0.774368
0.778202
0.782035
0.785869
0.789702
0.793536
0.797369
0.801203
0.805036
0.80887
0.812703
0.816537
0.82037
0.824204
0.828037
0.831871
0.835704
0.839538
0.843371
0.847205
0.851038
0.854872
0.858705
0.862539
0.866372
0.870206
0.874039
0.877873
0.881706
0.88554
0.889373
0.893207
0.89704
0.900874
0.904707
0.908541
0.912374
0.916208
0.920041
0.923875
0.927708
0.931542
0.935375
0.939209
0.943042
0.946876
0.950709
0.954543
0.958376
0.96221
0.966043
0.969877
0.97371
0.977544
0.981377
0.985211
0.989044
0.992878
0.996711
1.00054
1.00438
1.00821
1.01205
1.01588
1.01971
1.02355
1.02738
1.03121
1.03505
1.03888
1.04271
1.04655
1.05038
1.05421
1.05805
1.06188
1.06571
1.06955
1.07338
1.07722
1.08105
1.08488
1.08872
1.09255
1.09638
1.10022
1.10405
1.10788
1.11172
1.11555
1.11938
1.12322
1.12705
1.13088
1.13472
1.13855
1.14238
1.14622
1.15005
1.15389
1.15772
1.16155
1.16539
1.16922
1.17305
1.17689
1.18072
1.18455
1.18839
1.19222
1.19605
1.19989
1.20372
1.20755
1.21139
1.21522
1.21905
1.22289
1.22672
1.23056
1.23439
1.23822
1.24206
1.24589
1.24972
1.25356
1.25739
1.26122
1.26506
1.26889
1.27272
1.27656
1.28039
1.28422
1.28806
1.29189
1.29572
1.29956
1.30339
1.30723
1.31106
1.31489
1.31873
1.32256
1.32639
1.33023
1.33406
1.33789
1.34173
1.34556
1.34939
1.35323
1.35706
1.36089
1.36473
1.36856
1.37239
1.37623
1.38006
1.3839
1.38773
1.39156
1.3954
1.39923
1.40306
1.4069
1.41073
1.41456
1.4184
1.42223
1.42606
1.4299
1.43373
1.43756
1.4414
1.44523
1.44907
1.4529
1.45673
1.46057
1.4644
1.46823
1.47207
1.4759
1.47973
1.48357
1.4874
1.49123
1.49507
1.4989
1.50273
1.50657
1.5104
1.51423
1.51807
1.5219
1.52574
1.52957
1.5334
1.53724
1.54107
1.5449
1.54874
1.55257
1.5564
1.56024
1.56407
1.5679
1.57174
1.57557
1.5794
1.58324
1.58707
1.5909
1.59474
1.59857
1.60241
1.60624
1.61007
1.61391
1.61774
1.62157
1.62541
1.62924
1.63307
1.63691
1.64074
1.64457
1.64841
1.65224
1.65607
1.65991
1.66374
1.66757
1.67141
1.67524
1.67908
1.68291
1.68674
1.69058
1.69441
1.69824
1.70208
1.70591
1.70974
1.71358
1.71741
1.72124
1.72508
1.72891
1.73274
1.73658
1.74041
1.74424
1.74808
1.75191
1.75575
1.75958
1.76341
1.76725
1.77108
1.77491
1.77875
1.78258
1.78641
1.79025
1.79408
1.79791
1.80175
1.80558
1.80941
1.81325
1.81708
1.82092
1.82475
1.82858
1.83242
1.83625
1.84008
1.84392
1.84775
1.85158
1.85542
1.85925
1.86308
1.86692
1.87075
1.87458
1.87842
1.88225
1.88608
1.88992
1.89375
1.89759
1.90142
1.90525
1.90909
1.91292
1.91675
1.92059
1.92442
1.92825
1.93209
1.93592
1.93975
1.94359
1.94742
1.95125
1.95509
1.95892
1.96275
