0
0.0624743
0.124949
0.187423
0.249897
0.312372
0.374846
0.43732
0.499795
0.562269
0.624743
0.687218
0.749692
0.812167
0.874641
0.937115
0.99959
1.06206
1.12454
1.18701
1.24949
1.31196
1.37444
1.43691
1.49938
1.56186
1.62433
1.68681
1.74928
1.81176
1.87423
1.9367
1.99918
2.06165
2.12413
2.1866
2.24908
2.31155
2.37403
2.4365
2.49897
2.56145
2.62392
2.6864
2.74887
2.81135
2.87382
2.93629
2.99877
3.06124
3.12372
3.18619
3.24867
3.31114
3.37361
3.43609
3.49856
3.56104
3.62351
3.68599
3.74846
3.81094
3.87341
3.93588
3.99836
4.06083
4.12331
4.18578
4.24826
4.31073
4.3732
4.43568
4.49815
4.56063
4.6231
4.68558
4.74805
4.81052
4.873
4.93547
4.99795
5.06042
5.1229
5.18537
5.24785
5.31032
5.37279
5.43527
5.49774
5.56022
5.62269
5.68517
5.74764
5.81011
5.87259
5.93506
5.99754
6.06001
6.12249
6.18496
6.24743
6.30991
6.37238
6.43486
6.49733
6.55981
6.62228
6.68476
6.74723
6.8097
6.87218
6.93465
6.99713
7.0596
7.12208
7.18455
7.24702
7.3095
7.37197
7.43445
7.49692
7.5594
7.62187
7.68434
7.74682
7.80929
7.87177
7.93424
7.99672
8.05919
8.12167
8.18414
8.24661
8.30909
8.37156
8.43404
8.49651
8.55899
8.62146
8.68393
8.74641
8.80888
8.87136
8.93383
8.99631
9.05878
9.12125
9.18373
9.2462
9.30868
9.37115
9.43363
9.4961
9.55858
9.62105
9.68352
9.746
9.80847
9.87095
9.93342
9.9959
10.0584
10.1208
10.1833
10.2458
10.3083
10.3707
10.4332
10.4957
10.5582
10.6206
10.6831
10.7456
10.8081
10.8705
10.933
10.9955
11.058
11.1204
11.1829
11.2454
11.3079
11.3703
11.4328
11.4953
11.5578
11.6202
11.6827
11.7452
11.8077
11.8701
11.9326
11.9951
12.0575
12.12
12.1825
12.245
12.3074
12.3699
12.4324
12.4949
12.5573
12.6198
12.6823
12.7448
12.8072
12.8697
12.9322
12.9947
13.0571
13.1196
13.1821
13.2446
13.307
13.3695
13.432
13.4945
13.5569
13.6194
13.6819
13.7444
13.8068
13.8693
13.9318
13.9943
14.0567
14.1192
14.1817
14.2442
14.3066
14.3691
14.4316
14.494
14.5565
14.619
14.6815
14.7439
14.8064
14.8689
14.9314
14.9938
15.0563
15.1188
15.1813
15.2437
15.3062
15.3687
15.4312
15.4936
15.5561
15.6186
15.6811
15.7435
15.806
15.8685
15.931
15.9934
16.0559
16.1184
16.1809
16.2433
16.3058
16.3683
16.4308
16.4932
16.5557
16.6182
16.6807
16.7431
16.8056
16.8681
16.9305
16.993
17.0555
17.118
17.1804
17.2429
17.3054
17.3679
17.4303
17.4928
17.5553
17.6178
17.6802
17.7427
17.8052
17.8677
17.9301
17.9926
18.0551
18.1176
18.18
18.2425
18.305
18.3675
18.4299
18.4924
18.5549
18.6174
18.6798
18.7423
18.8048
18.8673
18.9297
18.9922
19.0547
19.1172
19.1796
19.2421
19.3046
19.367
19.4295
19.492
19.5545
19.6169
19.6794
19.7419
19.8044
19.8668
19.9293
19.9918
20.0543
20.1167
20.1792
20.2417
20.3042
20.3666
20.4291
20.4916
20.5541
20.6165
20.679
20.7415
20.804
20.8664
20.9289
20.9914
21.0539
21.1163
21.1788
21.2413
21.3038
21.3662
21.4287
21.4912
21.5536
21.6161
21.6786
21.7411
21.8035
21.866
21.9285
21.991
22.0534
22.1159
22.1784
22.2409
22.3033
22.3658
22.4283
22.4908
22.5532
22.6157
22.6782
22.7407
22.8031
22.8656
22.9281
22.9906
23.053
23.1155
23.178
23.2405
23.3029
23.3654
23.4279
23.4904
23.5528
23.6153
23.6778
23.7403
23.8027
23.8652
23.9277
23.9901
24.0526
24.1151
24.1776
24.24
24.3025
24.365
24.4275
24.4899
24.5524
24.6149
24.6774
24.7398
24.8023
24.8648
24.9273
24.9897
25.0522
25.1147
25.1772
25.2396
25.3021
25.3646
25.4271
25.4895
25.552
25.6145
25.677
25.7394
25.8019
25.8644
25.9269
25.9893
26.0518
26.1143
26.1768
26.2392
26.3017
26.3642
26.4266
26.4891
26.5516
26.6141
26.6765
26.739
26.8015
26.864
26.9264
26.9889
27.0514
27.1139
27.1763
27.2388
27.3013
27.3638
27.4262
27.4887
27.5512
27.6137
27.6761
27.7386
27.8011
27.8636
27.926
27.9885
28.051
28.1135
28.1759
28.2384
28.3009
28.3634
28.4258
28.4883
28.5508
28.6133
28.6757
28.7382
28.8007
28.8631
28.9256
28.9881
29.0506
29.113
29.1755
29.238
29.3005
29.3629
29.4254
29.4879
29.5504
29.6128
29.6753
29.7378
29.8003
29.8627
29.9252
29.9877
30.0502
30.1126
30.1751
30.2376
30.3001
30.3625
30.425
30.4875
30.55
30.6124
30.6749
30.7374
30.7999
30.8623
30.9248
30.9873
31.0498
31.1122
31.1747
31.2372
31.2996
31.3621
31.4246
31.4871
31.5495
31.612
31.6745
31.737
31.7994
31.8619
31.9244
31.9869
