0
0
0
0
0.000208247
0.000416493
0.000416493
0.00062474
0.000832986
0.00104123
0.0013536
0.00197834
0.00208247
0.00229071
0.00239484
0.00249896
0.00281133
0.00301958
0.00301958
0.00343607
0.00364431
0.00426905
0.00478967
0.00541441
0.00593503
0.00666389
0.007601
0.00812162
0.00832986
0.00853811
0.00885048
0.00978759
0.00989171
0.0106206
0.0116618
0.0124948
0.0134319
0.0140566
0.015202
0.016035
0.0171803
0.0178051
0.0186381
0.0194711
0.0208247
0.0214494
0.0224906
0.0234277
0.0246772
0.025302
0.0265514
0.0272803
0.0283215
0.0294669
0.0305081
0.0318617
0.0327988
0.0343607
0.0362349
0.0377968
0.0391504
0.0397751
0.0410246
0.0422741
0.043107
0.0444606
0.045606
0.0474802
0.0482091
0.0497709
0.0511245
0.0527905
0.0538317
0.0549771
0.0564348
0.0573719
0.0590379
0.0607039
0.0619534
0.0627863
0.0644523
0.0666389
0.0679925
0.0695544
0.0715327
0.0731987
0.0742399
0.0766347
0.0774677
0.0793419
0.0803832
0.0821533
0.0832986
0.0847564
0.0863182
0.0872553
0.0890254
0.090379
0.0919409
0.0938151
0.0961058
0.0981883
0.0998542
0.101104
0.102041
0.104123
0.10506
0.107143
0.108705
0.110891
0.111828
0.11339
0.114848
0.116202
0.117659
0.119429
0.120991
0.122657
0.123803
0.125677
0.126926
0.128592
0.129946
0.131508
0.132653
0.134007
0.135985
0.138172
0.14015
0.141399
0.143898
0.145148
0.147126
0.149313
0.150354
0.153061
0.154623
0.156706
0.1591
0.160766
0.162432
0.164723
0.166181
0.168159
0.169513
0.171283
0.172949
0.174719
0.176905
0.178259
0.180133
0.181175
0.182632
0.18409
0.186589
0.188151
0.189608
0.190546
0.191691
0.193045
0.194086
0.195231
0.196793
0.198147
0.199917
0.200958
0.201999
0.203145
0.205019
0.206372
0.207726
0.2096
0.210121
0.211579
0.212932
0.214494
0.215535
0.216889
0.218659
0.219908
0.221366
0.22272
0.223969
0.22501
0.226885
0.228655
0.230425
0.23157
0.232507
0.233653
0.234277
0.235319
0.236568
0.237818
0.239379
0.239692
0.241045
0.241462
0.241878
0.243232
0.243857
0.244898
0.245939
0.246564
0.247501
0.248334
0.248959
0.249896
0.251145
0.251874
0.252707
0.253957
0.254477
0.25531
0.256247
0.257185
0.258017
0.258538
0.258955
0.259788
0.260412
0.261349
0.262182
0.26312
0.263848
0.264265
0.265202
0.266139
0.266556
0.266972
0.268013
0.26843
0.269367
0.269783
0.270512
0.271033
0.272282
0.272699
0.273428
0.273948
0.274261
0.274677
0.275406
0.275823
0.276864
0.277489
0.277801
0.278009
0.27905
0.279779
0.280196
0.280612
0.280925
0.281653
0.282382
0.283215
0.28384
0.284048
0.284257
0.284465
0.284777
0.284985
0.285194
0.28561
0.286235
0.286756
0.287797
0.288109
0.288734
0.288734
0.289463
0.290087
0.290608
0.290712
0.29092
0.291233
0.291441
0.292066
0.292586
0.293003
0.293315
0.293419
0.293628
0.295387
0.297309
0.297526
0.297635
0.29796
0.29796
0.298937
0.299262
0.299479
0.299805
0.300022
0.300239
0.300456
0.300564
0.301107
0.301324
0.301432
0.301866
0.3023
0.302734
0.302951
0.303277
0.303494
0.303928
0.304145
0.304362
0.304579
0.304688
0.305013
0.305122
0.30523
0.305339
0.305556
0.305773
0.306098
0.306641
0.306858
0.306966
0.307183
0.307292
0.307726
0.307834
0.307834
0.308377
0.308811
0.309028
0.309353
0.309462
0.309787
0.310113
0.310655
0.310764
0.310872
0.311306
0.311632
0.311957
0.312174
0.312283
0.3125
0.312934
0.31326
0.313585
0.313585
0.313911
0.314128
0.314345
0.314345
0.314345
0.314345
0.314562
0.315213
0.315213
0.315213
0.315321
0.315538
0.315538
0.315864
0.315972
0.316189
0.316406
0.316732
0.31684
0.31684
0.316949
0.316949
0.317166
0.317383
0.317383
0.317491
0.317708
0.317925
0.318034
0.318251
0.318576
0.318685
0.318793
0.319119
0.319553
0.319661
0.31977
0.31977
0.319878
0.320095
0.320204
0.320312
0.320312
0.320421
0.320747
0.321181
0.321398
0.321506
0.321506
0.321723
0.321832
0.32194
0.322157
0.322157
0.322266
0.322266
0.322374
0.322483
0.322591
0.322591
0.322591
0.322808
0.322808
0.323134
0.323242
0.323242
0.323242
0.323242
0.323459
0.323676
0.323676
0.323785
0.323785
0.323785
0.323893
0.324002
0.324436
0.324653
0.32487
0.324978
0.325195
0.325195
0.325195
0.325412
0.325955
0.326063
0.326172
0.32628
0.326389
0.326497
0.326823
0.327148
0.327148
0.327582
0.327582
0.327799
0.327908
0.328016
0.328125
0.328451
0.328559
0.328668
0.328668
0.328993
0.328993
0.329102
0.329102
0.32921
0.329319
0.329427
0.329753
0.32997
0.330295
0.330621
0.330621
0.330621
0.330729
0.330838
0.330946
0.331163
0.33138
0.33138
0.33138
0.331597
0.331706
0.331706
0.331706
0.331706
0.331923
0.332031
0.33214
0.332248
0.332357
0.332574
0.332791
0.333225
0.333225
0.333442
0.33355
0.33355
0.333659
0.333767
0.333876
0.333984
0.334201
0.334418
0.334635
0.334852
0.334961
0.335178
0.335178
0.335395
0.335612
0.335612
0.33572
0.33572
0.33572
0.33572
0.335938
0.336155
0.336155
0.336263
0.336372
0.336589
0.336697
0.336697
0.336806
