0
0
0
0
0
0
0
0
0
0
0
0
0
0
0
0
0
0
0
0
0
0
0
0
0
0
0
0
0
0
0
0
0
0
0
0
0
0
0
0
0
0
0
0
0
0
0
0
0
0
0
0
0
0
0
0
0
0
0
0
0
0
0
0
0
0
0
0
0
0
0
0.0243902
0.0243902
0.0243902
0.0243902
0.0243902
0.0246914
0.0246914
0.0246914
0.0246914
0.0246914
0.0246914
0.0246914
0.0246914
0.0246914
0.0246914
0.0246914
0.0246914
0.0246914
0.0246914
0.0246914
0.0246914
0.0246914
0.0246914
0.0246914
0.0246914
0.0493827
0.0493827
0.0493827
0.0493827
0.0493827
0.0493827
0.0493827
0.05
0.05
0.075
0.075
0.075
0.075
0.075
0.075
0.075
0.075
0.075
0.075
0.075
0.075
0.075
0.1
0.0886076
0.0886076
0.0886076
0.0886076
0.0886076
0.0897436
0.0897436
0.0897436
0.0897436
0.0897436
0.0897436
0.0897436
0.0897436
0.0897436
0.0897436
0.0897436
0.0897436
0.0897436
0.0897436
0.0897436
0.0897436
0.0897436
0.0897436
0.0897436
0.0897436
0.0897436
0.0897436
0.115385
0.128205
0.128205
0.128205
0.128205
0.128205
0.128205
0.128205
0.128205
0.128205
0.12987
0.12987
0.12987
0.12987
0.12987
0.12987
0.12987
0.12987
0.12987
0.131579
0.12
0.12
0.12
0.12
0.12
0.12
0.12
0.12
0.12
0.12
0.12
0.12
0.12
0.121622
0.121622
0.121622
0.148649
0.148649
0.148649
0.148649
0.148649
0.148649
0.148649
0.148649
0.148649
0.148649
0.148649
0.148649
0.148649
0.148649
0.175676
0.175676
0.175676
0.175676
0.175676
0.178082
0.178082
0.178082
0.205479
0.205479
0.205479
0.205479
0.205479
0.205479
0.205479
0.205479
0.205479
0.205479
0.205479
0.205479
0.205479
0.205479
0.205479
0.205479
0.205479
0.205479
0.205479
0.205479
0.205479
0.205479
0.205479
0.260274
0.260274
0.260274
0.260274
0.25
0.25
0.25
0.25
0.277778
0.277778
0.28169
0.28169
0.28169
0.28169
0.28169
0.28169
0.28169
0.28169
0.28169
0.295775
0.295775
0.295775
0.295775
0.295775
0.295775
0.295775
0.295775
0.295775
0.295775
0.295775
0.295775
0.295775
0.295775
0.295775
0.295775
0.295775
0.295775
0.295775
0.295775
0.295775
0.295775
0.295775
0.295775
0.295775
0.295775
0.295775
0.295775
0.295775
0.295775
0.309859
0.309859
0.309859
0.309859
0.309859
0.309859
0.309859
0.309859
0.309859
0.309859
0.309859
0.309859
0.309859
0.314286
0.314286
0.314286
0.314286
0.314286
0.342857
0.347826
0.347826
0.347826
0.347826
0.376812
0.376812
0.382353
0.397059
0.397059
0.426471
0.426471
0.426471
0.426471
0.426471
0.426471
0.426471
0.426471
0.426471
0.432836
0.432836
0.432836
0.432836
0.462687
0.462687
0.462687
0.462687
0.462687
0.462687
0.462687
0.477612
0.477612
0.477612
0.477612
0.477612
0.477612
0.477612
0.477612
0.477612
0.477612
0.477612
0.507463
0.522388
0.530303
0.530303
0.590909
0.590909
0.590909
0.590909
0.590909
0.590909
0.606061
0.606061
0.606061
0.621212
0.621212
0.621212
0.621212
0.621212
0.651515
0.651515
0.651515
0.681818
0.681818
0.692308
0.692308
0.692308
0.692308
0.692308
0.692308
0.692308
0.707692
0.734375
0.734375
0.734375
0.734375
0.734375
0.734375
0.734375
0.734375
0.734375
0.734375
0.734375
0.734375
0.765625
0.765625
0.765625
0.765625
0.765625
0.765625
0.765625
0.765625
0.765625
0.765625
0.765625
0.765625
0.765625
0.765625
0.765625
0.765625
0.765625
0.765625
0.765625
0.765625
0.765625
0.765625
0.765625
0.765625
0.765625
0.765625
0.78125
0.796875
0.796875
0.793651
0.793651
0.793651
0.793651
0.793651
0.793651
0.790323
0.790323
0.790323
0.790323
0.790323
0.790323
0.790323
0.790323
0.806452
0.806452
0.806452
0.83871
0.83871
0.83871
0.83871
0.83871
0.83871
0.83871
0.83871
0.83871
0.854839
0.854839
0.854839
0.854839
0.854839
0.854839
0.854839
0.854839
0.854839
0.854839
0.854839
0.854839
0.854839
0.854839
0.854839
0.870968
0.870968
0.870968
0.885246
0.885246
0.885246
0.885246
0.901639
0.901639
0.901639
0.901639
0.901639
0.901639
0.901639
0.901639
0.901639
0.901639
0.916667
0.916667
0.916667
0.916667
0.933333
0.933333
0.95
0.95
0.95
0.95
0.95
0.95
0.95
0.95
0.95
0.95
0.95
0.95
0.95
0.95
0.95
0.966667
0.966667
0.966667
0.966667
0.966667
0.966667
0.966667
0.966667
0.966667
0.966667
0.966667
0.966667
0.966667
0.966667
0.966667
0.966667
0.966667
0.966667
0.966667
0.966667
0.966667
0.966667
0.966667
0.966667
0.966667
0.966667
