1
1
1
1
1.00021
1.00042
1.00042
1.00063
1.00083
0.99703
0.997342
0.997966
0.994054
0.994259
0.994363
0.994466
0.990757
0.982921
0.982915
0.983312
0.983517
0.984134
0.984649
0.977197
0.973672
0.974386
0.97125
0.97176
0.971964
0.972156
0.969086
0.970003
0.970091
0.959301
0.956228
0.957016
0.957925
0.951057
0.948081
0.948861
0.945851
0.942357
0.943106
0.940486
0.933564
0.930046
0.922767
0.919529
0.918951
0.915407
0.908956
0.903423
0.90435
0.901264
0.902231
0.903493
0.900895
0.894004
0.891511
0.888767
0.889969
0.886295
0.881084
0.878314
0.87064
0.867587
0.854874
0.852669
0.851554
0.852954
0.845657
0.847145
0.835196
0.823382
0.817874
0.8144
0.813695
0.810837
0.800431
0.796831
0.79825
0.795792
0.795141
0.792857
0.792638
0.786067
0.786853
0.788893
0.78293
0.782694
0.779182
0.768091
0.766844
0.768065
0.751297
0.743942
0.733914
0.726111
0.723148
0.716325
0.715901
0.708201
0.705764
0.706983
0.698701
0.691283
0.682516
0.675027
0.665597
0.664954
0.658809
0.651586
0.643499
0.642191
0.641338
0.640374
0.633051
0.634253
0.632767
0.629483
0.614121
0.615295
0.611226
0.609415
0.607304
0.596135
0.592799
0.589982
0.588977
0.582737
0.577321
0.576184
0.567995
0.566861
0.567748
0.564763
0.565807
0.555153
0.554719
0.551784
0.540527
0.539575
0.540518
0.532027
0.525958
0.518085
0.514212
0.507685
0.504092
0.502447
0.500288
0.490988
0.486887
0.481525
0.469252
0.458619
0.453168
0.451179
0.44133
0.437028
0.429598
0.427681
0.425135
0.408514
0.407299
0.400191
0.398588
0.39206
0.388291
0.388953
0.376773
0.375091
0.372762
0.365707
0.36375
0.354109
0.354699
0.354446
0.355249
0.347553
0.33818
0.333531
0.334068
0.321381
0.316015
0.316956
0.317792
0.308099
0.303165
0.296526
0.296869
0.294607
0.292864
0.293443
0.291911
0.281298
0.281895
0.28205
0.276821
0.277316
0.26954
0.269912
0.26487
0.26238
0.262343
0.2572
0.254695
0.249738
0.250155
0.249488
0.24438
0.239309
0.236734
0.231209
0.228749
0.226361
0.223398
0.217575
0.217697
0.217942
0.2182
0.213396
0.208088
0.208353
0.203994
0.200862
0.198332
0.19307
0.190452
0.190625
0.187629
0.17933
0.176754
0.176387
0.170475
0.167785
0.159677
0.159768
0.154913
0.148899
0.147549
0.142917
0.137395
0.137474
0.129629
0.129312
0.129368
0.129405
0.129117
0.129248
0.129323
0.126111
0.123309
0.123434
0.123602
0.120878
0.118115
0.115319
0.115352
0.115386
0.115436
0.11503
0.115103
0.112368
0.109582
0.109181
0.106488
0.103642
0.101803
0.0989082
0.0965948
0.0938116
0.0938804
0.0910215
0.0910482
0.0881813
0.0877225
0.0878
0.0878646
0.0879163
0.0845536
0.08165
0.0797295
0.0741055
0.071375
0.0713971
0.0684735
0.0655693
0.0597385
0.0544467
0.0539812
0.0510526
0.0510763
0.0510922
0.0506514
0.0477157
0.0447711
0.0398822
0.039402
0.0394217
0.0364877
0.0365104
0.0365457
0.031123
0.0311482
0.0311687
0.0311881
0.0257506
0.0257586
0.0257755
0.0257885
0.0258094
0.0253171
0.0253297
0.0253424
0.022368
0.022375
0.0223855
0.022403
0.02241
0.0224135
0.0224205
0.0194409
0.0194531
0.0169617
0.0169735
0.0139891
0.0109983
0.0110056
0.0110108
0.0110125
0.0110177
0.0110229
0.0110316
0.0110371
0.0110427
0.0110497
0.00552744
0.00553005
0.00553371
0.00553459
0.00553633
0.00554367
0.00554629
0.00554892
0.00555085
0.00555348
0.00555909
0.00556085
0.00556278
0.00556278
0.00556278
0.00556454
0.00556983
0.00557176
0.00557176
0.00557264
0.00557441
0.00557441
0.00557706
0.00557795
0.00558165
0.0025388
0.00254001
0.00254041
0.00254041
0.0025417
0.0025417
0.00254251
0.0025442
0.0025442
0.0025446
0.00254541
0.00254622
0.00254751
0.00254921
0.00255131
0.00255172
0.00255213
0.00255335
0.00255586
0.00255627
0.00255668
0.00255668
0.00255709
0.0025579
0.00255831
0.00255872
0.00255961
0.00256091
0.00256214
0.00256378
0.0025646
0.00256501
0.00256501
0.00256583
0.00256624
0.00256665
0.00256747
0.00256747
0.00256788
0.00256788
0.00256829
0.0025687
0.00256911
0.00256911
0.00256911
0.00256994
0.00257083
0.00257297
0.00257338
0.00257338
0.00257427
0.00257427
0.0025751
0.00257593
0.00257682
0.00257724
0.00257814
0.00257904
0.00257945
0.00257986
0.00258152
0.00258235
0.00258408
0.0025845
0.00258533
0.00258533
0.00258533
0.00258616
0.00258824
0.00258866
0.00258908
0.00258949
0.00259172
0.00259214
0.00259339
0.00259464
0.00259464
0.00259813
0.00259995
0.00260079
0.00260121
0.00260163
0.00260205
0.00260331
0.00260373
0.00260415
0.00260415
0.00260633
0.00260815
0.00260857
0.00260857
0.00260899
0.00261033
0.00261167
0.00261294
0.00261378
0.00261597
0.00261724
0.00261724
0.00261724
0.00261767
0.00261809
0.00261851
0.00261936
0.00262021
0.00262113
0.00262113
0.00262198
0.00262333
0.00262333
0.00262333
0.00262333
0.00262418
0.00262461
0.00262503
0.00262546
0.00262589
0.00262766
0.00262852
0.00263115
0.00263115
0.00263201
0.00263244
0.00263244
0.00263379
0.00263422
0.00263465
0.00263508
0
0
0
0
0
0
0
0
0
0
0
0
0
0
0
0
0
0
0
0
0
0
0
