0
0
0
0
0
0
0
0
0
0
0
0
0
0
0
0
0
0
0
0
0
0
0
0
0
0
0
0
0
0
0
0
0
0
0
0
0
0
0
0
0
0
0
0
0
0
0
0
0
0
0
0
0
0
0
0
0
0
0
0
0
0
0
0
0
0
0
0
0
0
0
0
0
0
0
0
0
0
0
0
0
0
0
0
0
0
0
0
0
0
0
0
0
0
0
0
0
0
0
0
0
0
0
0
0
0
0
0
0
0
0
0
0
0
0
0
0
0
0
0
0
0
0
0
0
0
0
0
0
0
0
0
0
0
0
0
0
0
0
0
0
0
0
0.000699429
0.000699429
0.00209829
0.00209829
0.00209829
0.00349715
0.00349715
0.00349715
0.00489601
0.00489601
0.00489601
0.00629487
0.00629487
0.00572556
0.00572556
0.00715695
0.00858834
0.00858834
0.00858834
0.0100197
0.0121668
0.0135982
0.0135982
0.0135982
0.0150296
0.0157453
0.0157453
0.0157453
0.0157453
0.0153874
0.0153874
0.0153874
0.017264
0.017264
0.0187652
0.0187652
0.0202664
0.0202664
0.0217676
0.0217676
0.0217676
0.0217676
0.0225182
0.0225182
0.0225182
0.0246199
0.0261587
0.0261587
0.0268294
0.0268294
0.0275354
0.0275354
0.0275354
0.0282796
0.0316067
0.0316067
0.0307749
0.0307749
0.0307749
0.0307749
0.0307749
0.0307749
0.0324846
0.0324846
0.0324846
0.0324846
0.0333395
0.0333395
0.0333395
0.0333395
0.0333395
0.0350492
0.0350492
0.0367589
0.0384686
0.0401783
0.0401783
0.0418881
0.0418881
0.0418881
0.0418881
0.0418881
0.0418881
0.0427429
0.0435978
0.0435978
0.0435978
0.0453075
0.0470172
0.0470172
0.0487269
0.0487269
0.0487269
0.0487269
0.0501191
0.0518777
0.052757
0.0524984
0.0524984
0.0524984
0.0534035
0.0534035
0.0534035
0.0543086
0.0543086
0.0543086
0.0543086
0.0561189
0.0561189
0.0579292
0.0606447
0.0633601
0.0651704
0.0669807
0.0678858
0.0678858
0.0687909
0.0724115
0.075127
0.075127
0.0769372
0.0778424
0.0778424
0.0811338
0.0811338
0.0811338
0.0848641
0.0848641
0.0848641
0.0848641
0.0857967
0.0857967
0.0857967
0.0857967
0.089527
0.089527
0.089527
0.0913921
0.0913921
0.0923247
0.0952098
0.0961716
0.0961716
0.0961716
0.0961716
0.0961716
0.0972884
0.100267
0.100267
0.100267
0.100267
0.102252
0.102252
0.101557
0.101557
0.101557
0.101557
0.10566
0.10566
0.109764
0.109764
0.11079
0.114893
0.114893
0.114893
0.114893
0.114893
0.114893
0.115919
0.115919
0.116945
0.11797
0.118996
0.118996
0.121048
0.120977
0.120977
0.120977
0.120977
0.120977
0.120977
0.1231
0.125222
0.129467
0.129467
0.129467
0.129467
0.129467
0.129467
0.131589
0.133712
0.134773
0.134773
0.134773
0.13519
0.13519
0.136289
0.136289
0.133358
0.133358
0.133358
0.134498
0.136777
0.136777
0.136777
0.137917
0.137917
0.139671
0.143222
0.145589
0.148951
0.150182
0.150182
0.150182
0.150182
0.151412
0.152643
0.152643
0.152643
0.152643
0.152643
0.156336
0.156336
0.156439
0.156439
0.156439
0.159004
0.159004
0.159004
0.161568
0.161568
0.161568
0.162851
0.162851
0.162851
0.164133
0.164133
0.164133
0.164133
0.166697
0.166697
0.166697
0.166697
0.170544
0.170544
0.171827
0.171827
0.171827
0.168593
0.168593
0.169931
0.169931
0.171269
0.173945
0.176621
0.176621
0.180453
0.180453
0.178788
0.173878
0.175417
0.176956
0.176956
0.174931
0.17817
0.17817
0.17817
0.17817
0.18141
0.18141
0.18141
0.18141
0.184649
0.184649
0.188069
0.188069
0.189779
0.189779
0.194908
0.200037
0.203456
0.203456
0.206876
0.206876
0.206876
0.206876
0.206876
0.206876
0.215424
0.215424
0.222263
0.222263
0.222263
0.222263
0.223973
0.225683
0.225683
0.225683
0.229102
0.234231
0.235941
0.23936
0.23936
0.240768
0.240768
0.244389
0.246199
0.25163
0.25163
0.25163
0.25344
0.257061
0.258871
0.265433
0.265433
0.265433
0.265433
0.267357
0.267357
0.267357
0.267357
0.271204
0.271204
0.273127
0.276974
0.280821
0.280821
0.280821
0.280821
0.284668
0.286591
0.290438
0.292362
0.289284
0.289284
0.289284
0.289284
0.289284
0.289284
0.287965
0.292362
0.292362
0.296758
0.296758
0.296758
0.296758
0.296758
0.298956
0.303353
0.303353
0.303353
0.303353
0.305551
0.307749
0.309947
0.309947
0.309947
0.312145
0.314344
0.314344
0.312484
0.312484
0.314851
0.319585
0.319585
0.319585
0.326687
0.331422
0.331422
0.331422
