0
0.000340842
0.000681684
0.00102253
0.00136337
0.00170421
0.00204505
0.00238589
0.00272673
0.00306758
0.00340842
0.00374926
0.0040901
0.00443094
0.00477179
0.00511263
0.00545347
0.00579431
0.00613515
0.006476
0.00681684
0.00715768
0.00749852
0.00783936
0.0081802
0.00852105
0.00886189
0.00920273
0.00954357
0.00988441
0.0102253
0.0105661
0.0109069
0.0112478
0.0115886
0.0119295
0.0122703
0.0126111
0.012952
0.0132928
0.0136337
0.0139745
0.0143154
0.0146562
0.014997
0.0153379
0.0156787
0.0160196
0.0163604
0.0167013
0.0170421
0.0173829
0.0177238
0.0180646
0.0184055
0.0187463
0.0190871
0.019428
0.0197688
0.0201097
0.0204505
0.0207914
0.0211322
0.021473
0.0218139
0.0221547
0.0224956
0.0228364
0.0231772
0.0235181
0.0238589
0.0241998
0.0245406
0.0248815
0.0252223
0.0255631
0.025904
0.0262448
0.0265857
0.0269265
0.0272673
0.0276082
0.027949
0.0282899
0.0286307
0.0289716
0.0293124
0.0296532
0.0299941
0.0303349
0.0306758
0.0310166
0.0313575
0.0316983
0.0320391
0.03238
0.0327208
0.0330617
0.0334025
0.0337433
0.0340842
0.034425
0.0347659
0.0351067
0.0354476
0.0357884
0.0361292
0.0364701
0.0368109
0.0371518
0.0374926
0.0378334
0.0381743
0.0385151
0.038856
0.0391968
0.0395377
0.0398785
0.0402193
0.0405602
0.040901
0.0412419
0.0415827
0.0419235
0.0422644
0.0426052
0.0429461
0.0432869
0.0436278
0.0439686
0.0443094
0.0446503
0.0449911
0.045332
0.0456728
0.0460137
0.0463545
0.0466953
0.0470362
0.047377
0.0477179
0.0480587
0.0483995
0.0487404
0.0490812
0.0494221
0.0497629
0.0501038
0.0504446
0.0507854
0.0511263
0.0514671
0.051808
0.0521488
0.0524896
0.0528305
0.0531713
0.0535122
0.053853
0.0541939
0.0545347
0.0548755
0.0552164
0.0555572
0.0558981
0.0562389
0.0565798
0.0569206
0.0572614
0.0576023
0.0579431
0.058284
0.0586248
0.0589656
0.0593065
0.0596473
0.0599882
0.060329
0.0606699
0.0610107
0.0613515
0.0616924
0.0620332
0.0623741
0.0627149
0.0630557
0.0633966
0.0637374
0.0640783
0.0644191
0.06476
0.0651008
0.0654416
0.0657825
0.0661233
0.0664642
0.066805
0.0671458
0.0674867
0.0678275
0.0681684
0.0685092
0.0688501
0.0691909
0.0695317
0.0698726
0.0702134
0.0705543
0.0708951
0.071236
0.0715768
0.0719176
0.0722585
0.0725993
0.0729402
0.073281
0.0736218
0.0739627
0.0743035
0.0746444
0.0749852
0.0753261
0.0756669
0.0760077
0.0763486
0.0766894
0.0770303
0.0773711
0.0777119
0.0780528
0.0783936
0.0787345
0.0790753
0.0794162
0.079757
0.0800978
0.0804387
0.0807795
0.0811204
0.0814612
0.081802
0.0821429
0.0824837
0.0828246
0.0831654
0.0835063
0.0838471
0.0841879
0.0845288
0.0848696
0.0852105
0.0855513
0.0858922
0.086233
0.0865738
0.0869147
0.0872555
0.0875964
0.0879372
0.088278
0.0886189
0.0889597
0.0893006
0.0896414
0.0899823
0.0903231
0.0906639
0.0910048
0.0913456
0.0916865
0.0920273
0.0923681
0.092709
0.0930498
0.0933907
0.0937315
0.0940724
0.0944132
0.094754
0.0950949
0.0954357
0.0957766
0.0961174
0.0964582
0.0967991
0.0971399
0.0974808
0.0978216
0.0981625
0.0985033
0.0988441
0.099185
0.0995258
0.0998667
0.100208
0.100548
0.100889
0.10123
0.101571
0.101912
0.102253
0.102593
0.102934
0.103275
0.103616
0.103957
0.104298
0.104638
0.104979
0.10532
0.105661
0.106002
0.106343
0.106684
0.107024
0.107365
0.107706
0.108047
0.108388
0.108729
0.109069
0.10941
0.109751
0.110092
0.110433
0.110774
0.111114
0.111455
0.111796
0.112137
0.112478
0.112819
0.11316
0.1135
0.113841
0.114182
0.114523
0.114864
0.115205
0.115545
0.115886
0.116227
0.116568
0.116909
0.11725
0.11759
0.117931
0.118272
0.118613
0.118954
0.119295
0.119635
0.119976
0.120317
0.120658
0.120999
0.12134
0.121681
0.122021
0.122362
0.122703
0.123044
0.123385
0.123726
0.124066
0.124407
0.124748
0.125089
0.12543
0.125771
0.126111
0.126452
0.126793
0.127134
0.127475
0.127816
0.128157
0.128497
0.128838
0.129179
0.12952
0.129861
0.130202
0.130542
0.130883
0.131224
0.131565
0.131906
0.132247
0.132587
0.132928
0.133269
0.13361
0.133951
0.134292
0.134633
0.134973
0.135314
0.135655
0.135996
0.136337
0.136678
0.137018
0.137359
0.1377
0.138041
0.138382
0.138723
0.139063
0.139404
0.139745
0.140086
0.140427
0.140768
0.141109
0.141449
0.14179
0.142131
0.142472
0.142813
0.143154
0.143494
0.143835
0.144176
0.144517
0.144858
0.145199
0.145539
0.14588
0.146221
0.146562
0.146903
0.147244
0.147585
0.147925
0.148266
0.148607
0.148948
0.149289
0.14963
0.14997
0.150311
0.150652
0.150993
0.151334
0.151675
0.152015
0.152356
0.152697
0.153038
0.153379
0.15372
0.154061
0.154401
0.154742
0.155083
0.155424
0.155765
0.156106
0.156446
0.156787
0.157128
0.157469
0.15781
0.158151
0.158491
0.158832
0.159173
0.159514
0.159855
0.160196
0.160537
0.160877
0.161218
0.161559
0.1619
0.162241
0.162582
0.162922
0.163263
0.163604
0.163945
0.164286
0.164627
0.164967
0.165308
0.165649
0.16599
0.166331
0.166672
0.167013
0.167353
0.167694
0.168035
0.168376
0.168717
0.169058
0.169398
0.169739
0.17008
0.170421
0.170762
0.171103
0.171443
0.171784
0.172125
0.172466
0.172807
0.173148
0.173489
0.173829
0.17417
