0
0.000714564
0.00142913
0.00214369
0.00285826
0.00357282
0.00428739
0.00500195
0.00571652
0.00643108
0.00714564
0.00786021
0.00857477
0.00928934
0.0100039
0.0107185
0.011433
0.0121476
0.0128622
0.0135767
0.0142913
0.0150059
0.0157204
0.016435
0.0171495
0.0178641
0.0185787
0.0192932
0.0200078
0.0207224
0.0214369
0.0221515
0.0228661
0.0235806
0.0242952
0.0250098
0.0257243
0.0264389
0.0271534
0.027868
0.0285826
0.0292971
0.0300117
0.0307263
0.0314408
0.0321554
0.03287
0.0335845
0.0342991
0.0350137
0.0357282
0.0364428
0.0371574
0.0378719
0.0385865
0.039301
0.0400156
0.0407302
0.0414447
0.0421593
0.0428739
0.0435884
0.044303
0.0450176
0.0457321
0.0464467
0.0471613
0.0478758
0.0485904
0.0493049
0.0500195
0.0507341
0.0514486
0.0521632
0.0528778
0.0535923
0.0543069
0.0550215
0.055736
0.0564506
0.0571652
0.0578797
0.0585943
0.0593088
0.0600234
0.060738
0.0614525
0.0621671
0.0628817
0.0635962
0.0643108
0.0650254
0.0657399
0.0664545
0.0671691
0.0678836
0.0685982
0.0693128
0.0700273
0.0707419
0.0714564
0.072171
0.0728856
0.0736001
0.0743147
0.0750293
0.0757438
0.0764584
0.077173
0.0778875
0.0786021
0.0793167
0.0800312
0.0807458
0.0814603
0.0821749
0.0828895
0.083604
0.0843186
0.0850332
0.0857477
0.0864623
0.0871769
0.0878914
0.088606
0.0893206
0.0900351
0.0907497
0.0914643
0.0921788
0.0928934
0.0936079
0.0943225
0.0950371
0.0957516
0.0964662
0.0971808
0.0978953
0.0986099
0.0993245
0.100039
0.100754
0.101468
0.102183
0.102897
0.103612
0.104326
0.105041
0.105756
0.10647
0.107185
0.107899
0.108614
0.109328
0.110043
0.110757
0.111472
0.112187
0.112901
0.113616
0.11433
0.115045
0.115759
0.116474
0.117189
0.117903
0.118618
0.119332
0.120047
0.120761
0.121476
0.122191
0.122905
0.12362
0.124334
0.125049
0.125763
0.126478
0.127192
0.127907
0.128622
0.129336
0.130051
0.130765
0.13148
0.132194
0.132909
0.133624
0.134338
0.135053
0.135767
0.136482
0.137196
0.137911
0.138626
0.13934
0.140055
0.140769
0.141484
0.142198
0.142913
0.143627
0.144342
0.145057
0.145771
0.146486
0.1472
0.147915
0.148629
0.149344
0.150059
0.150773
0.151488
0.152202
0.152917
0.153631
0.154346
0.15506
0.155775
0.15649
0.157204
0.157919
0.158633
0.159348
0.160062
0.160777
0.161492
0.162206
0.162921
0.163635
0.16435
0.165064
0.165779
0.166494
0.167208
0.167923
0.168637
0.169352
0.170066
0.170781
0.171495
0.17221
0.172925
0.173639
0.174354
0.175068
0.175783
0.176497
0.177212
0.177927
0.178641
0.179356
0.18007
0.180785
0.181499
0.182214
0.182929
0.183643
0.184358
0.185072
0.185787
0.186501
0.187216
0.18793
0.188645
0.18936
0.190074
0.190789
0.191503
0.192218
0.192932
0.193647
0.194362
0.195076
0.195791
0.196505
0.19722
0.197934
0.198649
0.199363
0.200078
0.200793
0.201507
0.202222
0.202936
0.203651
0.204365
0.20508
0.205795
0.206509
0.207224
0.207938
0.208653
0.209367
0.210082
0.210797
0.211511
0.212226
0.21294
0.213655
0.214369
0.215084
0.215798
0.216513
0.217228
0.217942
0.218657
0.219371
0.220086
0.2208
0.221515
0.22223
0.222944
0.223659
0.224373
0.225088
0.225802
0.226517
0.227231
0.227946
0.228661
0.229375
0.23009
0.230804
0.231519
0.232233
0.232948
0.233663
0.234377
0.235092
0.235806
0.236521
0.237235
0.23795
0.238665
0.239379
0.240094
0.240808
0.241523
0.242237
0.242952
0.243666
0.244381
0.245096
0.24581
0.246525
0.247239
0.247954
0.248668
0.249383
0.250098
0.250812
0.251527
0.252241
0.252956
0.25367
0.254385
0.2551
0.255814
0.256529
0.257243
0.257958
0.258672
0.259387
0.260101
0.260816
0.261531
0.262245
0.26296
0.263674
0.264389
0.265103
0.265818
0.266533
0.267247
0.267962
0.268676
0.269391
0.270105
0.27082
0.271534
0.272249
0.272964
0.273678
0.274393
0.275107
0.275822
0.276536
0.277251
0.277966
0.27868
0.279395
0.280109
0.280824
0.281538
0.282253
0.282968
0.283682
0.284397
0.285111
0.285826
0.28654
0.287255
0.287969
0.288684
0.289399
0.290113
0.290828
0.291542
0.292257
0.292971
0.293686
0.294401
0.295115
0.29583
0.296544
0.297259
0.297973
0.298688
0.299403
0.300117
0.300832
0.301546
0.302261
0.302975
0.30369
0.304404
0.305119
0.305834
0.306548
0.307263
0.307977
0.308692
0.309406
0.310121
0.310836
0.31155
0.312265
0.312979
0.313694
0.314408
0.315123
0.315837
0.316552
0.317267
0.317981
0.318696
0.31941
0.320125
0.320839
0.321554
0.322269
0.322983
0.323698
0.324412
0.325127
0.325841
0.326556
0.327271
0.327985
0.3287
0.329414
0.330129
0.330843
0.331558
0.332272
0.332987
0.333702
0.334416
0.335131
0.335845
0.33656
0.337274
0.337989
0.338704
0.339418
0.340133
0.340847
0.341562
0.342276
0.342991
0.343706
0.34442
0.345135
0.345849
0.346564
0.347278
0.347993
0.348707
0.349422
0.350137
0.350851
0.351566
0.35228
0.352995
0.353709
0.354424
0.355139
0.355853
0.356568
0.357282
0.357997
0.358711
0.359426
0.36014
0.360855
0.36157
0.362284
0.362999
0.363713
0.364428
0.365142
0.365857
