0
0.000738682
0.00147736
0.00221605
0.00295473
0.00369341
0.00443209
0.00517077
0.00590946
0.00664814
0.00738682
0.0081255
0.00886418
0.00960286
0.0103415
0.0110802
0.0118189
0.0125576
0.0132963
0.014035
0.0147736
0.0155123
0.016251
0.0169897
0.0177284
0.018467
0.0192057
0.0199444
0.0206831
0.0214218
0.0221605
0.0228991
0.0236378
0.0243765
0.0251152
0.0258539
0.0265925
0.0273312
0.0280699
0.0288086
0.0295473
0.030286
0.0310246
0.0317633
0.032502
0.0332407
0.0339794
0.034718
0.0354567
0.0361954
0.0369341
0.0376728
0.0384115
0.0391501
0.0398888
0.0406275
0.0413662
0.0421049
0.0428436
0.0435822
0.0443209
0.0450596
0.0457983
0.046537
0.0472756
0.0480143
0.048753
0.0494917
0.0502304
0.0509691
0.0517077
0.0524464
0.0531851
0.0539238
0.0546625
0.0554011
0.0561398
0.0568785
0.0576172
0.0583559
0.0590946
0.0598332
0.0605719
0.0613106
0.0620493
0.062788
0.0635266
0.0642653
0.065004
0.0657427
0.0664814
0.0672201
0.0679587
0.0686974
0.0694361
0.0701748
0.0709135
0.0716521
0.0723908
0.0731295
0.0738682
0.0746069
0.0753456
0.0760842
0.0768229
0.0775616
0.0783003
0.079039
0.0797776
0.0805163
0.081255
0.0819937
0.0827324
0.0834711
0.0842097
0.0849484
0.0856871
0.0864258
0.0871645
0.0879031
0.0886418
0.0893805
0.0901192
0.0908579
0.0915966
0.0923352
0.0930739
0.0938126
0.0945513
0.09529
0.0960286
0.0967673
0.097506
0.0982447
0.0989834
0.0997221
0.100461
0.101199
0.101938
0.102677
0.103415
0.104154
0.104893
0.105632
0.10637
0.107109
0.107848
0.108586
0.109325
0.110064
0.110802
0.111541
0.11228
0.113018
0.113757
0.114496
0.115234
0.115973
0.116712
0.11745
0.118189
0.118928
0.119666
0.120405
0.121144
0.121883
0.122621
0.12336
0.124099
0.124837
0.125576
0.126315
0.127053
0.127792
0.128531
0.129269
0.130008
0.130747
0.131485
0.132224
0.132963
0.133701
0.13444
0.135179
0.135917
0.136656
0.137395
0.138134
0.138872
0.139611
0.14035
0.141088
0.141827
0.142566
0.143304
0.144043
0.144782
0.14552
0.146259
0.146998
