0.79 0.87 0.91 0.98 1.05 1.06 1.06 1.1 1.19 1.11 1.13 1.17 1.13 1.16 1.14 0.92 0.76 0.78 0.78 0.86 1.09 1.19 1.24 1.21 1.21 1.14 1.2 1.23 1.22 1.13 1.08 1.07 1.05 1.03 0.95 0.68 0.51 0.5 0.48 0.4 0.38 0.35 0.25 0.23 0.23 0.22 0.29 0.25 0.24 0.26 0.26 0.26 0.32 0.36 0.45 0.55 0.74 0.96 1.32 1.35 1.37 1.29 1.28 1.26 1.24 1.26 1.27 1.26 1.15 1.07 0.99 0.85 0.7 0.36 0.18 0.3 0.47 0.69 0.79 0.88 0.92 0.95 1 1.02 1.09 1.18 1.36 1.82 2.02 2.12 2.1 1.93 1.73 1.59 1.51 1.46 1.4 1.36 1.29 1.24 
0.85 0.93 0.98 1.08 1.16 1.19 1.24 1.3 1.45 1.37 1.4 1.44 1.4 1.47 1.45 1.23 1.07 1.09 1.07 1.2 1.43 1.5 1.49 1.44 1.35 1.27 1.32 1.36 1.35 1.24 1.19 1.18 1.16 1.14 1.01 0.71 0.54 0.53 0.51 0.43 0.41 0.38 0.28 0.25 0.25 0.24 0.31 0.27 0.26 0.28 0.28 0.28 0.34 0.38 0.47 0.57 0.76 0.98 1.36 1.38 1.43 1.37 1.36 1.34 1.32 1.34 1.35 1.34 1.23 1.15 1.07 0.93 0.78 0.42 0.24 0.34 0.47 0.69 0.83 0.92 0.96 0.99 1.04 1.06 1.13 1.22 1.4 1.88 2.08 2.18 2.16 1.99 1.79 1.65 1.53 1.48 1.42 1.38 1.31 1.26 
0.89 0.97 1.04 1.14 1.22 1.25 1.3 1.39 1.58 1.54 1.56 1.6 1.56 1.63 1.61 1.39 1.23 1.25 1.25 1.39 1.62 1.69 1.68 1.57 1.44 1.33 1.38 1.42 1.43 1.32 1.27 1.26 1.24 1.19 1.05 0.74 0.57 0.56 0.54 0.46 0.44 0.41 0.3 0.25 0.25 0.24 0.31 0.27 0.26 0.28 0.28 0.28 0.34 0.38 0.47 0.57 0.78 1.01 1.42 1.46 1.54 1.5 1.51 1.49 1.47 1.49 1.5 1.49 1.4 1.33 1.25 1.12 0.95 0.57 0.35 0.43 0.55 0.74 0.95 1.06 1.1 1.13 1.18 1.19 1.24 1.33 1.51 2.04 2.25 2.35 2.36 2.19 1.99 1.84 1.63 1.58 1.52 1.48 1.41 1.36 
0.91 1.03 1.1 1.2 1.28 1.31 1.36 1.45 1.64 1.61 1.64 1.7 1.66 1.73 1.71 1.53 1.36 1.39 1.43 1.57 1.8 1.87 1.86 1.75 1.61 1.5 1.52 1.55 1.56 1.47 1.4 1.36 1.33 1.25 1.08 0.77 0.6 0.59 0.57 0.49 0.47 0.44 0.32 0.27 0.25 0.24 0.31 0.27 0.26 0.28 0.28 0.28 0.34 0.38 0.49 0.6 0.84 1.08 1.5 1.58 1.66 1.63 1.66 1.73 1.74 1.78 1.85 1.9 1.84 1.82 1.72 1.62 1.43 1.05 0.79 0.86 0.98 1.18 1.37 1.42 1.45 1.41 1.41 1.38 1.4 1.46 1.6 2.17 2.39 2.52 2.56 2.39 2.18 2 1.77 1.71 1.65 1.61 1.54 1.49 
0.94 1.06 1.13 1.23 1.31 1.34 1.39 1.48 1.67 1.65 1.68 1.73 1.78 1.85 1.83 1.64 1.5 1.54 1.61 1.75 1.98 2.05 2.04 1.93 1.79 1.67 1.69 1.65 1.64 1.58 1.5 1.44 1.39 1.28 1.11 0.8 0.63 0.62 0.6 0.52 0.5 0.47 0.35 0.3 0.27 0.24 0.31 0.27 0.26 0.28 0.28 0.28 0.34 0.38 0.52 0.66 0.96 1.2 1.62 1.7 1.78 1.75 1.8 1.88 1.89 1.99 2.13 2.19 2.13 2.1 1.95 1.8 1.6 1.22 0.96 1.03 1.17 1.44 1.61 1.67 1.69 1.56 1.53 1.52 1.54 1.61 1.82 2.52 2.76 2.89 2.93 2.76 2.46 2.27 2.04 1.96 1.9 1.86 1.77 1.72 
1.03 1.17 1.24 1.34 1.42 1.45 1.5 1.59 1.78 1.77 1.8 1.85 1.91 2.01 1.98 1.76 1.64 1.71 1.78 1.92 2.15 2.22 2.21 2.1 1.96 1.83 1.85 1.8 1.77 1.68 1.64 1.55 1.45 1.32 1.15 0.84 0.67 0.66 0.64 0.56 0.54 0.51 0.39 0.34 0.31 0.25 0.31 0.27 0.26 0.28 0.28 0.28 0.35 0.39 0.53 0.7 1.04 1.29 1.71 1.79 1.87 1.85 1.91 1.99 2 2.1 2.27 2.34 2.29 2.26 2.1 1.89 1.69 1.3 1.04 1.11 1.28 1.54 1.71 1.77 1.79 1.78 1.79 1.85 1.9 1.99 2.21 2.94 3.2 3.36 3.41 3.22 2.9 2.71 2.48 2.4 2.27 2.13 1.96 1.85 
1.36 1.52 1.6 1.71 1.79 1.82 1.87 1.96 2.15 2.14 2.15 2.18 2.22 2.2 2.09 1.83 1.75 1.81 1.86 2 2.23 2.3 2.29 2.18 2.04 1.91 1.93 1.88 1.84 1.74 1.7 1.57 1.46 1.33 1.16 0.85 0.68 0.67 0.65 0.57 0.55 0.52 0.41 0.37 0.35 0.29 0.34 0.3 0.3 0.32 0.32 0.32 0.39 0.43 0.58 0.76 1.16 1.43 1.83 1.9 1.98 1.97 2.03 2.11 2.11 2.21 2.38 2.45 2.4 2.37 2.22 1.95 1.78 1.38 1.18 1.33 1.51 1.77 1.94 2.05 2.13 2.12 2.14 2.24 2.33 2.44 2.65 3.37 3.61 3.8 3.76 3.54 3.2 3.01 2.76 2.59 2.46 2.31 2.1 1.97 
1.41 1.57 1.67 1.8 1.92 1.95 2 2.09 2.28 2.26 2.27 2.3 2.31 2.32 2.22 1.98 1.94 1.99 2.02 2.11 2.34 2.41 2.4 2.29 2.15 2.02 2.04 1.99 1.94 1.8 1.76 1.62 1.48 1.35 1.18 0.87 0.7 0.69 0.67 0.59 0.57 0.54 0.43 0.4 0.41 0.36 0.4 0.41 0.43 0.45 0.45 0.45 0.53 0.59 0.75 0.93 1.37 1.65 2.05 2.11 2.17 2.19 2.21 2.26 2.25 2.35 2.52 2.6 2.55 2.5 2.35 2.07 1.87 1.46 1.27 1.44 1.6 1.89 2.08 2.2 2.28 2.27 2.28 2.36 2.45 2.57 2.78 3.5 3.73 3.92 3.9 3.72 3.4 3.18 2.91 2.74 2.61 2.46 2.25 2.12 
1.49 1.64 1.74 1.87 1.99 2.04 2.11 2.2 2.38 2.36 2.36 2.36 2.37 2.41 2.32 2.17 2.17 2.22 2.25 2.34 2.56 2.61 2.62 2.5 2.35 2.22 2.24 2.2 2.15 1.97 1.84 1.66 1.56 1.45 1.3 0.99 0.83 0.81 0.77 0.72 0.69 0.65 0.54 0.6 0.62 0.58 0.63 0.59 0.58 0.57 0.55 0.54 0.6 0.64 0.75 0.93 1.37 1.65 2.03 2.01 2.08 2.09 2.09 2.16 2.17 2.27 2.47 2.55 2.54 2.51 2.38 2.1 1.91 1.54 1.35 1.51 1.67 1.96 2.15 2.27 2.34 2.29 2.29 2.37 2.46 2.59 2.8 3.49 3.69 3.85 3.88 3.81 3.49 3.27 3 2.83 2.72 2.57 2.37 2.24 
1.53 1.69 1.79 1.92 2.04 2.09 2.2 2.26 2.4 2.36 2.32 2.31 2.32 2.37 2.3 2.16 2.18 2.27 2.35 2.49 2.72 2.73 2.7 2.63 2.51 2.46 2.46 2.42 2.36 2.18 2 1.84 1.76 1.64 1.47 1.18 1.05 1.1 1.13 1.1 1.04 1 0.92 1.04 1.08 1.08 1.08 1.03 0.93 0.86 0.83 0.79 0.74 0.71 0.76 0.94 1.36 1.62 1.96 1.88 1.99 2.07 2.08 2.16 2.19 2.29 2.48 2.57 2.58 2.59 2.47 2.2 2.04 1.67 1.48 1.57 1.67 1.95 2.13 2.23 2.29 2.23 2.24 2.31 2.4 2.52 2.7 3.39 3.55 3.71 3.76 3.71 3.38 3.16 2.89 2.71 2.63 2.48 2.31 2.19 
1.52 1.68 1.81 1.96 2.08 2.13 2.24 2.32 2.53 2.47 2.43 2.42 2.43 2.49 2.44 2.29 2.34 2.42 2.49 2.64 2.78 2.74 2.67 2.51 2.38 2.33 2.32 2.28 2.21 2.01 1.83 1.66 1.58 1.44 1.24 1.02 1.03 1.14 1.23 1.27 1.24 1.21 1.17 1.4 1.49 1.49 1.47 1.42 1.32 1.25 1.22 1.14 1.06 0.96 0.93 1.07 1.46 1.66 1.92 1.74 1.86 1.98 1.99 2.08 2.14 2.22 2.41 2.5 2.54 2.58 2.5 2.21 2.09 1.78 1.59 1.66 1.73 2.01 2.19 2.26 2.31 2.27 2.28 2.34 2.36 2.43 2.57 3.25 3.39 3.51 3.56 3.52 3.19 2.97 2.7 2.52 2.44 2.29 2.12 2.02 
1.44 1.6 1.73 1.9 2.05 2.13 2.26 2.35 2.58 2.54 2.5 2.51 2.63 2.78 2.73 2.7 2.75 2.83 2.88 3.03 3.02 2.94 2.85 2.67 2.52 2.48 2.43 2.33 2.13 1.9 1.72 1.55 1.47 1.34 1.11 0.95 1.06 1.17 1.26 1.3 1.24 1.23 1.24 1.48 1.58 1.63 1.61 1.56 1.46 1.39 1.36 1.26 1.18 1.08 1.05 1.15 1.54 1.68 1.86 1.7 1.8 1.9 1.91 2 2.08 2.16 2.35 2.44 2.49 2.56 2.49 2.24 2.14 1.89 1.72 1.72 1.75 1.97 2.15 2.17 2.22 2.16 2.13 2.17 2.17 2.19 2.27 2.93 3.06 3.14 3.18 3.18 2.94 2.72 2.47 2.3 2.23 2.11 1.96 1.87 
1.42 1.58 1.71 1.92 2.09 2.21 2.36 2.51 2.81 2.78 2.71 2.73 2.89 3.14 3.11 3.13 3.21 3.24 3.25 3.36 3.29 3.19 3.07 2.8 2.63 2.58 2.47 2.35 2.08 1.77 1.59 1.43 1.39 1.28 1.06 0.92 1.04 1.15 1.24 1.27 1.2 1.21 1.32 1.59 1.69 1.74 1.75 1.71 1.61 1.54 1.51 1.41 1.31 1.2 1.17 1.27 1.71 1.79 1.88 1.7 1.81 1.89 1.89 1.98 2.08 2.17 2.36 2.45 2.59 2.67 2.59 2.35 2.2 1.96 1.91 1.95 1.93 2.03 2.18 2.18 2.21 2.15 2.12 2.15 2.09 2.11 2.18 2.7 2.76 2.81 2.74 2.74 2.63 2.46 2.23 2.06 1.99 1.87 1.72 1.63 
1.35 1.46 1.6 1.81 1.97 2.09 2.25 2.41 2.68 2.62 2.5 2.49 2.64 2.9 2.89 2.92 3.05 3.09 3.09 3.21 3.19 3.09 2.97 2.7 2.6 2.58 2.49 2.38 2.1 1.81 1.63 1.51 1.48 1.37 1.15 1.01 1.05 1.14 1.24 1.26 1.19 1.21 1.32 1.6 1.7 1.75 1.76 1.73 1.63 1.56 1.53 1.43 1.36 1.24 1.26 1.38 1.79 1.92 1.97 1.8 1.92 2 2 2.08 2.18 2.27 2.46 2.55 2.7 2.77 2.63 2.41 2.28 2.06 2.04 2.08 2.03 2.09 2.22 2.18 2.21 2.15 2.12 2.15 2.09 2.1 2.13 2.44 2.37 2.35 2.26 2.28 2.18 2.06 1.85 1.7 1.63 1.51 1.36 1.27 
1.15 1.26 1.36 1.52 1.68 1.81 1.97 2.14 2.41 2.36 2.26 2.23 2.41 2.67 2.79 2.87 3.01 3.07 3.11 3.22 3.17 3.09 2.97 2.69 2.68 2.66 2.58 2.47 2.2 1.87 1.66 1.5 1.45 1.33 1.13 1.05 1.09 1.16 1.25 1.24 1.17 1.27 1.45 1.78 1.87 1.92 1.93 1.95 1.86 1.79 1.75 1.63 1.56 1.46 1.55 1.66 2.03 2.08 2.07 1.95 2.12 2.2 2.2 2.28 2.39 2.49 2.71 2.82 3.01 3.05 2.96 2.72 2.59 2.32 2.28 2.31 2.24 2.29 2.41 2.36 2.39 2.31 2.25 2.25 2.14 2.04 2.04 2.3 2.23 2.25 2.13 2.15 2.05 1.95 1.74 1.59 1.52 1.4 1.25 1.17 
1.52 1.63 1.75 1.94 2.08 2.2 2.36 2.53 2.77 2.69 2.5 2.45 2.57 2.76 2.77 2.89 3.07 3.12 3.11 3.22 3.19 3.12 3.07 2.81 2.81 2.79 2.71 2.57 2.3 1.99 1.78 1.57 1.5 1.38 1.2 1.14 1.18 1.24 1.24 1.22 1.14 1.24 1.44 1.87 1.97 2.02 2.03 2.05 1.97 1.9 1.89 1.8 1.74 1.65 1.75 1.9 2.25 2.22 2.01 1.82 2.02 2.14 2.17 2.28 2.44 2.59 2.82 2.94 3.13 3.17 3.07 2.83 2.76 2.67 2.71 2.77 2.67 2.7 2.76 2.67 2.66 2.48 2.38 2.36 2.24 2.14 2.13 2.29 2.22 2.23 2.09 2.08 1.97 1.89 1.69 1.54 1.47 1.36 1.22 1.14 
1.46 1.57 1.69 1.88 2 2.11 2.26 2.42 2.64 2.59 2.39 2.33 2.47 2.65 2.62 2.81 3.06 3.12 3.1 3.12 3.12 3.07 3.07 2.83 2.88 2.87 2.83 2.68 2.41 2.12 1.88 1.6 1.49 1.36 1.25 1.23 1.26 1.31 1.27 1.25 1.17 1.25 1.44 1.87 1.99 2.07 2.08 2.09 2 1.95 2 1.94 1.89 1.85 2.03 2.26 2.59 2.56 2.32 2.16 2.28 2.4 2.43 2.54 2.73 2.84 3.05 3.15 3.3 3.29 3.09 2.87 2.82 2.79 2.85 2.9 2.83 2.87 2.91 2.82 2.77 2.56 2.46 2.47 2.35 2.25 2.23 2.36 2.26 2.25 2.14 2.21 2.09 2 1.82 1.67 1.6 1.49 1.35 1.24 
1.42 1.53 1.63 1.79 1.91 2.01 2.12 2.3 2.45 2.37 2.19 2.13 2.27 2.44 2.41 2.61 2.97 3.06 3.09 3.09 3.09 3.06 3.1 2.92 3.07 3.08 3.07 2.98 2.71 2.48 2.26 1.94 1.73 1.58 1.49 1.48 1.51 1.56 1.47 1.42 1.34 1.39 1.53 1.96 2.06 2.08 2.1 2.11 2.05 2 2.1 2.04 1.99 1.97 2.22 2.47 2.82 2.81 2.64 2.5 2.6 2.68 2.69 2.78 3 3.12 3.31 3.41 3.54 3.49 3.24 3.03 2.98 2.88 2.92 2.98 2.93 2.99 2.99 2.89 2.81 2.6 2.5 2.53 2.41 2.31 2.27 2.33 2.23 2.33 2.21 2.29 2.17 2.08 1.94 1.78 1.68 1.57 1.43 1.3 
1.41 1.48 1.57 1.73 1.85 1.95 2.06 2.24 2.44 2.36 2.16 2.1 2.24 2.41 2.38 2.54 2.97 3.07 3.12 3.14 3.17 3.16 3.21 3 3.13 3.16 3.17 3.16 2.9 2.67 2.46 2.13 1.91 1.76 1.65 1.61 1.63 1.65 1.56 1.51 1.43 1.47 1.57 1.97 2.07 2.08 2.11 2.12 2.06 2.01 2.11 2.05 2 1.98 2.28 2.55 2.89 2.87 2.7 2.52 2.64 2.72 2.72 2.83 3.14 3.25 3.43 3.51 3.62 3.54 3.26 2.99 2.95 2.84 2.94 2.97 2.92 2.98 2.9 2.71 2.61 2.42 2.34 2.42 2.32 2.22 2.24 2.27 2.2 2.28 2.14 2.22 2.1 2.03 1.96 1.8 1.69 1.58 1.43 1.27 
1.41 1.48 1.57 1.73 1.89 1.99 2.1 2.29 2.51 2.42 2.22 2.15 2.25 2.42 2.39 2.5 2.93 3.01 3.04 3.07 3.08 3.08 3.13 2.89 3.02 3.06 3.09 3.13 2.89 2.64 2.46 2.13 1.96 1.86 1.76 1.71 1.71 1.73 1.64 1.59 1.51 1.55 1.65 2.03 2.15 2.16 2.19 2.18 2.08 2.01 2.11 2.05 2 1.99 2.3 2.57 2.85 2.83 2.66 2.47 2.59 2.66 2.64 2.66 2.95 3.01 3.11 3.15 3.22 3.06 2.8 2.58 2.56 2.45 2.55 2.59 2.52 2.53 2.47 2.34 2.24 2.17 2.12 2.25 2.19 2.13 2.19 2.16 2.07 2.14 1.99 2.07 2.02 1.98 1.92 1.78 1.67 1.56 1.41 1.23 
1.35 1.42 1.51 1.67 1.83 1.93 2.04 2.24 2.46 2.36 2.16 2.09 2.14 2.29 2.26 2.41 2.85 2.9 2.9 2.93 2.95 2.96 3.01 2.76 2.89 2.94 2.97 3.06 2.85 2.6 2.44 2.16 2.02 1.97 1.87 1.82 1.8 1.82 1.73 1.68 1.6 1.64 1.74 2.09 2.21 2.28 2.26 2.22 2.12 2.05 2.16 2.1 2.09 2.11 2.42 2.68 2.91 2.89 2.72 2.53 2.64 2.68 2.64 2.66 2.98 3.03 3.07 3.06 3.11 2.92 2.66 2.55 2.56 2.45 2.55 2.59 2.5 2.48 2.43 2.3 2.16 2.08 2.05 2.13 2.08 2.02 2.01 1.79 1.68 1.75 1.59 1.68 1.68 1.64 1.58 1.45 1.37 1.29 1.19 1.02 
1.09 1.14 1.23 1.39 1.55 1.65 1.76 1.96 2.19 2.09 1.89 1.84 1.9 2.13 2.16 2.36 2.8 2.85 2.85 2.88 2.9 2.93 3 2.74 2.87 2.92 2.95 3.05 2.9 2.66 2.51 2.2 2.09 2.04 1.94 1.89 1.86 1.85 1.76 1.71 1.63 1.67 1.76 2.09 2.19 2.25 2.26 2.22 2.12 2.06 2.17 2.15 2.15 2.22 2.54 2.78 2.97 2.93 2.77 2.59 2.7 2.72 2.67 2.69 3 3.09 3.11 3.1 3.14 2.89 2.62 2.59 2.61 2.52 2.59 2.59 2.47 2.46 2.42 2.28 2.13 2.02 1.93 1.93 1.92 1.85 1.85 1.61 1.48 1.52 1.42 1.53 1.55 1.51 1.44 1.33 1.22 1.19 1.18 0.98 
0.92 0.95 1.01 1.15 1.3 1.4 1.51 1.71 1.94 1.85 1.67 1.62 1.71 1.96 2.01 2.23 2.68 2.75 2.79 2.83 2.85 2.88 2.98 2.72 2.85 2.9 2.93 3.03 2.94 2.74 2.59 2.25 2.17 2.12 2.02 1.97 1.94 1.9 1.82 1.8 1.72 1.76 1.85 2.13 2.2 2.25 2.28 2.26 2.13 2.09 2.22 2.22 2.21 2.26 2.59 2.85 2.99 2.94 2.79 2.61 2.73 2.72 2.64 2.67 2.99 3.1 3.1 3.11 3.16 2.91 2.6 2.62 2.63 2.55 2.59 2.53 2.44 2.44 2.38 2.2 1.99 1.88 1.75 1.81 1.89 1.81 1.83 1.6 1.5 1.52 1.45 1.58 1.57 1.54 1.5 1.44 1.33 1.3 1.28 0.98 
0.9 0.94 1 1.13 1.25 1.34 1.45 1.65 1.89 1.8 1.61 1.58 1.67 1.88 1.95 2.21 2.67 2.74 2.78 2.86 2.89 2.91 3.01 2.74 2.87 2.92 2.95 3.05 3.04 2.88 2.69 2.34 2.21 2.16 2.06 2.01 1.98 1.95 1.87 1.85 1.77 1.81 1.9 2.1 2.07 2.12 2.13 2.11 1.98 1.94 2.11 2.11 2.1 2.15 2.5 2.77 2.9 2.84 2.7 2.59 2.71 2.7 2.64 2.69 3.03 3.11 3.16 3.19 3.23 2.99 2.64 2.66 2.68 2.57 2.6 2.53 2.45 2.42 2.36 2.18 1.94 1.84 1.63 1.73 1.86 1.81 1.83 1.6 1.53 1.57 1.47 1.47 1.46 1.45 1.41 1.35 1.24 1.21 1.19 0.83 
0.9 0.96 1.02 1.15 1.27 1.35 1.42 1.62 1.87 1.8 1.66 1.64 1.73 1.91 1.95 2.13 2.49 2.52 2.56 2.61 2.63 2.7 2.83 2.57 2.65 2.64 2.66 2.77 2.78 2.64 2.51 2.17 1.99 1.89 1.75 1.7 1.64 1.57 1.45 1.43 1.4 1.48 1.57 1.7 1.65 1.66 1.68 1.73 1.71 1.76 1.96 1.98 2.01 2.09 2.48 2.76 2.88 2.82 2.71 2.67 2.77 2.74 2.69 2.73 3.07 3.14 3.2 3.27 3.3 3.04 2.65 2.67 2.69 2.57 2.6 2.51 2.47 2.45 2.38 2.17 1.93 1.83 1.57 1.68 1.83 1.8 1.82 1.6 1.53 1.58 1.47 1.51 1.49 1.48 1.44 1.38 1.27 1.24 1.22 0.85 
0.82 0.85 0.93 1.1 1.23 1.31 1.36 1.53 1.78 1.76 1.64 1.66 1.76 1.95 2 2.2 2.58 2.65 2.59 2.57 2.57 2.66 2.84 2.59 2.65 2.63 2.62 2.7 2.7 2.56 2.45 2.11 1.91 1.86 1.77 1.73 1.63 1.49 1.28 1.23 1.18 1.24 1.31 1.32 1.22 1.22 1.24 1.32 1.37 1.46 1.66 1.71 1.78 1.95 2.43 2.76 2.87 2.84 2.82 2.98 3.06 3.01 2.95 2.92 3.16 3.22 3.28 3.41 3.44 3.17 2.73 2.77 2.82 2.69 2.65 2.56 2.51 2.49 2.43 2.27 2.02 1.92 1.66 1.73 1.9 1.88 1.91 1.65 1.6 1.64 1.52 1.59 1.57 1.56 1.51 1.46 1.35 1.31 1.26 0.87 
0.78 0.81 0.88 1.05 1.2 1.3 1.35 1.51 1.66 1.64 1.54 1.56 1.62 1.75 1.79 1.99 2.37 2.49 2.46 2.36 2.33 2.43 2.62 2.46 2.54 2.5 2.49 2.58 2.66 2.54 2.49 2.15 1.95 1.85 1.81 1.76 1.6 1.46 1.24 1.17 1.14 1.19 1.23 1.21 1.08 1.05 1.04 1.12 1.17 1.29 1.49 1.59 1.67 1.85 2.36 2.75 2.88 2.85 2.87 3.04 3.11 3.06 3 2.99 3.2 3.25 3.32 3.45 3.55 3.27 2.74 2.77 2.8 2.68 2.66 2.61 2.56 2.54 2.48 2.31 2.05 1.93 1.67 1.72 1.9 1.94 1.97 1.73 1.68 1.71 1.56 1.65 1.63 1.62 1.57 1.54 1.43 1.39 1.33 0.88 
0.76 0.79 0.87 1.04 1.14 1.2 1.21 1.34 1.46 1.39 1.28 1.29 1.29 1.39 1.42 1.62 2 2.13 2.09 1.99 2.04 2.19 2.41 2.27 2.39 2.4 2.42 2.54 2.66 2.58 2.55 2.21 2.01 1.9 1.86 1.81 1.63 1.49 1.27 1.2 1.18 1.2 1.16 1.11 0.98 0.91 0.86 0.94 1.01 1.13 1.35 1.45 1.53 1.71 2.22 2.6 2.75 2.77 2.84 3.01 3.09 3.07 3.03 2.99 3.17 3.2 3.27 3.41 3.48 3.22 2.72 2.72 2.76 2.63 2.62 2.59 2.54 2.52 2.46 2.31 2.06 1.94 1.68 1.77 2.04 2.14 2.19 1.95 1.91 1.94 1.8 1.88 1.86 1.85 1.8 1.77 1.66 1.62 1.55 1.01 
0.7 0.73 0.81 0.94 1.04 1.11 1.12 1.21 1.28 1.23 1.15 1.16 1.23 1.29 1.3 1.51 1.89 2.01 2 1.92 1.92 2.06 2.3 2.28 2.4 2.49 2.53 2.65 2.71 2.68 2.69 2.34 2.14 2.02 1.99 1.96 1.81 1.66 1.42 1.34 1.29 1.22 1.17 1.11 0.98 0.91 0.81 0.88 0.96 1.08 1.31 1.41 1.49 1.67 2.15 2.59 2.77 2.77 2.82 2.98 3.06 3.06 3.01 2.97 3.15 3.17 3.23 3.37 3.43 3.17 2.73 2.6 2.7 2.59 2.48 2.44 2.38 2.37 2.33 2.28 2.09 2.02 1.78 1.9 2.31 2.43 2.52 2.4 2.41 2.5 2.45 2.53 2.51 2.48 2.39 2.26 2.11 2.03 1.95 1.34 
0.67 0.7 0.8 0.93 1.02 1.1 1.12 1.21 1.28 1.24 1.16 1.21 1.31 1.34 1.31 1.52 1.9 2 2.02 1.94 1.95 2.12 2.37 2.37 2.45 2.57 2.63 2.75 2.79 2.8 2.84 2.55 2.35 2.2 2.17 2.14 1.98 1.77 1.51 1.41 1.34 1.18 1.12 1.05 0.91 0.84 0.71 0.78 0.89 1.01 1.26 1.36 1.45 1.64 2.06 2.6 2.82 2.82 2.88 3.02 3.09 3.09 3.05 2.97 3.14 3.2 3.22 3.36 3.42 3.22 2.74 2.62 2.7 2.6 2.54 2.51 2.53 2.53 2.5 2.47 2.28 2.22 2 2.15 2.56 2.74 2.82 2.76 2.87 2.98 2.92 2.93 2.86 2.81 2.71 2.58 2.38 2.3 2.21 1.58 
0.43 0.46 0.55 0.63 0.7 0.8 0.82 0.9 0.99 0.99 1.01 1.09 1.29 1.35 1.27 1.43 1.78 1.88 1.96 1.91 1.9 2.11 2.34 2.36 2.4 2.52 2.61 2.72 2.68 2.73 2.83 2.71 2.51 2.35 2.31 2.25 2.07 1.83 1.58 1.5 1.42 1.18 1.06 0.86 0.71 0.66 0.49 0.47 0.58 0.7 0.98 1.11 1.2 1.39 1.81 2.36 2.6 2.65 2.8 2.98 2.98 2.93 2.86 2.75 2.89 2.9 2.83 2.94 2.95 2.71 2.21 2.11 2.19 2.13 2.1 2.1 2.18 2.2 2.2 2.2 2.04 2.08 1.96 2.17 2.63 2.84 2.9 2.87 2.97 3.09 3.04 3.08 3.01 2.96 2.86 2.73 2.53 2.42 2.28 1.64 
0.19 0.22 0.32 0.4 0.48 0.58 0.6 0.68 0.78 0.8 0.83 0.93 1.18 1.3 1.33 1.43 1.7 1.79 1.89 1.83 1.79 2.03 2.19 2.21 2.25 2.36 2.47 2.56 2.5 2.55 2.67 2.69 2.54 2.36 2.32 2.28 2.08 1.87 1.74 1.7 1.63 1.39 1.29 1.08 0.91 0.84 0.66 0.59 0.7 0.85 1.07 1.18 1.23 1.42 1.78 2.23 2.49 2.55 2.68 2.88 2.89 2.83 2.77 2.66 2.76 2.76 2.71 2.82 2.84 2.57 2.11 2.07 2.12 2.03 1.97 1.95 2.01 2.03 2.02 2.03 1.89 2.01 1.97 2.17 2.63 2.84 2.88 2.86 2.97 3.11 3.11 3.17 3.1 3.05 2.95 2.82 2.62 2.4 2.26 1.63 
0.39 0.43 0.55 0.7 0.9 1 1.02 1.05 1.11 1.06 1.07 1.17 1.39 1.49 1.55 1.63 1.81 1.84 1.93 1.77 1.7 1.94 2.09 2.12 2.15 2.26 2.34 2.43 2.37 2.38 2.5 2.53 2.48 2.29 2.25 2.18 1.97 1.76 1.69 1.66 1.59 1.36 1.27 1.06 0.89 0.85 0.67 0.6 0.71 0.85 1.02 1.16 1.22 1.36 1.63 2.03 2.31 2.37 2.48 2.63 2.64 2.56 2.51 2.42 2.53 2.53 2.5 2.57 2.64 2.44 2.09 2.07 2.13 2.04 2.01 2.03 2.1 2.11 2.08 2.05 1.95 2.09 2.07 2.24 2.7 2.9 2.85 2.85 2.95 3.05 3 3.01 2.94 2.9 2.82 2.7 2.48 2.24 2.1 1.5 
0.54 0.58 0.73 0.91 1.12 1.22 1.24 1.26 1.3 1.21 1.18 1.25 1.45 1.54 1.59 1.7 1.81 1.82 1.87 1.69 1.6 1.82 1.96 1.99 2.02 2.12 2.2 2.14 2.05 1.99 2.08 2.19 2.2 2.04 1.97 1.92 1.72 1.54 1.48 1.47 1.4 1.19 1.19 1.06 0.99 1.01 0.82 0.67 0.75 0.89 1.06 1.21 1.28 1.43 1.66 2.06 2.35 2.39 2.4 2.47 2.45 2.38 2.33 2.26 2.28 2.32 2.29 2.35 2.41 2.25 1.99 1.98 2.03 2.04 2.02 2.07 2.14 2.16 2.13 2.15 2.14 2.26 2.24 2.37 2.82 2.96 2.89 2.88 2.95 2.98 2.93 2.94 2.86 2.82 2.74 2.59 2.34 2.1 1.97 1.4 
0.58 0.62 0.77 0.99 1.2 1.33 1.37 1.4 1.4 1.33 1.29 1.33 1.53 1.62 1.67 1.78 1.92 1.95 2.09 1.91 1.79 1.98 2.1 2.17 2.22 2.29 2.42 2.36 2.27 2.22 2.34 2.46 2.51 2.21 2.08 2.05 1.85 1.67 1.61 1.6 1.53 1.3 1.26 1.16 1.09 1.1 0.88 0.67 0.76 0.92 1.09 1.26 1.33 1.5 1.69 2.09 2.4 2.46 2.46 2.52 2.48 2.4 2.32 2.22 2.21 2.25 2.21 2.28 2.34 2.24 2.01 1.98 1.98 2 1.98 2.04 2.12 2.15 2.16 2.22 2.25 2.37 2.34 2.44 2.85 2.98 2.83 2.84 2.9 2.93 2.88 2.89 2.81 2.77 2.69 2.5 2.25 2.01 1.88 1.32 
0.6 0.64 0.81 1.06 1.25 1.38 1.46 1.58 1.63 1.58 1.54 1.55 1.74 1.83 1.88 2.01 2.12 2.2 2.35 2.19 2.07 2.23 2.26 2.27 2.29 2.38 2.52 2.45 2.35 2.3 2.42 2.51 2.59 2.22 2.07 2.03 1.88 1.7 1.65 1.64 1.58 1.35 1.31 1.23 1.16 1.17 0.97 0.78 0.86 1 1.18 1.35 1.39 1.57 1.73 2.13 2.43 2.49 2.49 2.55 2.51 2.43 2.34 2.24 2.2 2.22 2.19 2.28 2.35 2.26 2.06 1.96 1.93 1.95 1.93 1.99 2.07 2.1 2.11 2.23 2.31 2.43 2.37 2.45 2.84 2.95 2.8 2.84 2.9 2.93 2.88 2.89 2.81 2.77 2.69 2.43 2.18 1.94 1.81 1.27 
0.72 0.78 0.97 1.23 1.42 1.55 1.63 1.75 1.82 1.79 1.75 1.76 1.91 1.99 1.99 2.1 2.16 2.25 2.43 2.31 2.26 2.4 2.43 2.44 2.42 2.53 2.67 2.6 2.47 2.42 2.47 2.6 2.68 2.27 2.11 2 1.86 1.68 1.64 1.63 1.55 1.38 1.37 1.32 1.25 1.26 1.1 0.92 0.97 1.1 1.29 1.41 1.42 1.55 1.72 2.17 2.46 2.48 2.46 2.52 2.49 2.44 2.34 2.24 2.19 2.15 2.15 2.29 2.37 2.33 2.08 1.92 1.85 1.87 1.87 1.93 2.01 2.08 2.13 2.26 2.37 2.48 2.38 2.44 2.74 2.84 2.69 2.78 2.84 2.84 2.78 2.79 2.71 2.6 2.52 2.24 2.02 1.79 1.66 1.2 
0.77 0.83 1.02 1.28 1.47 1.6 1.68 1.8 1.87 1.88 1.84 1.85 1.98 2.05 2.03 2.13 2.14 2.26 2.46 2.37 2.35 2.52 2.54 2.56 2.52 2.63 2.77 2.7 2.54 2.49 2.54 2.74 2.85 2.43 2.25 2.11 1.95 1.76 1.71 1.7 1.61 1.44 1.44 1.4 1.35 1.36 1.18 0.96 0.97 1.07 1.28 1.38 1.4 1.51 1.66 2.08 2.37 2.38 2.36 2.42 2.39 2.35 2.27 2.17 2.13 2.08 2.1 2.22 2.3 2.26 2.05 1.87 1.8 1.82 1.85 1.94 2.05 2.13 2.18 2.31 2.4 2.44 2.37 2.37 2.61 2.7 2.52 2.6 2.66 2.64 2.56 2.54 2.44 2.31 2.24 1.98 1.8 1.59 1.47 1.09 
0.86 0.96 1.18 1.44 1.63 1.76 1.86 2 2.1 2.21 2.17 2.16 2.28 2.33 2.31 2.4 2.42 2.53 2.72 2.64 2.68 2.87 2.9 2.91 2.84 2.89 3.03 3.04 2.83 2.77 2.82 3.03 3.08 2.67 2.49 2.31 2.11 1.91 1.86 1.8 1.69 1.51 1.51 1.39 1.4 1.41 1.22 0.98 1.02 1.15 1.34 1.44 1.46 1.56 1.73 2.12 2.42 2.43 2.41 2.47 2.44 2.4 2.35 2.24 2.15 2.08 2.1 2.21 2.33 2.23 2.05 1.85 1.78 1.8 1.86 1.95 2.06 2.15 2.2 2.33 2.46 2.46 2.43 2.39 2.54 2.61 2.44 2.52 2.58 2.54 2.45 2.43 2.32 2.19 2.12 1.86 1.68 1.47 1.34 1.03 
0.87 0.94 1.16 1.42 1.61 1.74 1.85 1.99 2.09 2.22 2.24 2.24 2.36 2.4 2.33 2.33 2.46 2.57 2.76 2.71 2.75 2.94 2.92 2.94 2.93 2.93 3.05 3.07 2.84 2.78 2.94 3.13 3.17 2.77 2.6 2.4 2.2 2 2.01 1.99 1.84 1.67 1.68 1.57 1.59 1.6 1.42 1.15 1.27 1.37 1.55 1.7 1.75 1.88 1.99 2.34 2.6 2.6 2.58 2.62 2.59 2.55 2.52 2.39 2.23 2.24 2.21 2.27 2.35 2.24 2.07 1.85 1.78 1.85 1.92 2.02 2.13 2.22 2.26 2.41 2.53 2.46 2.51 2.46 2.57 2.6 2.43 2.51 2.57 2.47 2.38 2.31 2.2 2.07 2 1.74 1.54 1.33 1.2 0.92 
0.88 0.95 1.17 1.42 1.61 1.74 1.85 1.99 2.13 2.26 2.29 2.3 2.42 2.45 2.38 2.43 2.57 2.66 2.85 2.86 2.9 3.08 3.04 3.01 3 3.01 3.16 3.16 2.94 2.88 3.02 3.17 3.23 2.83 2.64 2.44 2.24 2.07 2.1 2.08 1.94 1.72 1.74 1.68 1.7 1.71 1.53 1.21 1.29 1.4 1.58 1.75 1.83 1.94 2.02 2.33 2.58 2.58 2.53 2.45 2.41 2.37 2.33 2.26 2.11 2.17 2.11 2.12 2.19 2.09 1.98 1.74 1.63 1.71 1.84 1.97 2.08 2.2 2.25 2.4 2.5 2.4 2.46 2.4 2.49 2.51 2.34 2.46 2.52 2.42 2.31 2.26 2.12 1.99 1.92 1.66 1.46 1.26 1.14 0.89 
0.91 0.98 1.16 1.35 1.52 1.64 1.75 1.9 2.06 2.19 2.22 2.17 2.25 2.25 2.17 2.24 2.38 2.46 2.7 2.79 2.82 2.99 2.94 2.89 2.91 2.93 3.19 3.33 3.15 3.15 3.21 3.35 3.41 3.03 2.83 2.64 2.46 2.3 2.33 2.31 2.13 1.84 1.78 1.68 1.65 1.69 1.53 1.2 1.25 1.31 1.5 1.69 1.79 1.9 1.95 2.21 2.47 2.47 2.4 2.31 2.28 2.25 2.22 2.16 2.07 2.16 2.1 2.01 2 1.9 1.86 1.62 1.51 1.59 1.72 1.84 1.95 2.09 2.14 2.28 2.37 2.24 2.3 2.33 2.41 2.43 2.26 2.38 2.44 2.35 2.27 2.22 2.06 1.93 1.87 1.61 1.41 1.21 1.11 0.89 
0.94 1.01 1.18 1.36 1.54 1.65 1.76 1.91 2.07 2.2 2.25 2.2 2.25 2.22 2.15 2.23 2.38 2.47 2.73 2.83 2.88 3.02 2.97 2.92 2.96 2.96 3.23 3.39 3.22 3.23 3.29 3.43 3.49 3.1 2.94 2.82 2.67 2.51 2.54 2.52 2.33 2.04 1.94 1.84 1.81 1.83 1.67 1.33 1.38 1.4 1.51 1.68 1.79 1.9 1.95 2.2 2.48 2.47 2.4 2.31 2.28 2.25 2.22 2.17 2.09 2.24 2.17 2.04 1.99 1.86 1.84 1.58 1.48 1.56 1.67 1.76 1.87 2.01 2.07 2.19 2.26 2.13 2.19 2.19 2.3 2.26 2.07 2.18 2.23 2.15 2.11 2.07 1.91 1.77 1.71 1.45 1.25 1.05 0.96 0.81 
0.99 1.06 1.23 1.41 1.6 1.69 1.8 1.96 2.12 2.25 2.26 2.21 2.24 2.17 2.1 2.17 2.32 2.41 2.7 2.8 2.85 2.99 2.93 2.86 2.9 2.88 3.14 3.32 3.21 3.21 3.26 3.43 3.49 3.07 2.91 2.8 2.67 2.51 2.55 2.54 2.35 2.09 1.98 1.87 1.84 1.86 1.71 1.34 1.39 1.42 1.55 1.72 1.83 1.94 1.99 2.23 2.46 2.45 2.38 2.29 2.26 2.23 2.2 2.16 2.07 2.25 2.19 2.05 2.01 1.85 1.84 1.63 1.54 1.62 1.73 1.82 1.93 2.07 2.13 2.23 2.28 2.06 2.1 2.06 2.01 1.93 1.69 1.77 1.8 1.72 1.68 1.64 1.48 1.34 1.28 1.05 0.87 0.7 0.63 0.58 
1.05 1.12 1.28 1.46 1.66 1.74 1.85 2.01 2.17 2.28 2.28 2.23 2.18 2.06 2.02 2.2 2.35 2.46 2.75 2.85 2.89 3.02 2.93 2.84 2.84 2.76 3.02 3.21 3.2 3.2 3.1 3.26 3.33 2.9 2.74 2.63 2.51 2.38 2.44 2.46 2.32 2.09 1.98 1.85 1.83 1.85 1.72 1.33 1.35 1.38 1.5 1.69 1.82 1.93 1.99 2.1 2.25 2.23 2.15 2.05 2.01 1.96 1.92 1.91 1.82 1.99 1.95 1.77 1.78 1.65 1.61 1.53 1.48 1.58 1.71 1.77 1.86 2.01 2.05 2.09 2.07 1.82 1.86 1.79 1.64 1.55 1.3 1.21 1.16 1.06 1.03 1.04 0.9 0.8 0.77 0.59 0.47 0.31 0.24 0.23 
1.06 1.13 1.27 1.45 1.67 1.76 1.86 2.02 2.18 2.28 2.28 2.21 2.12 2 1.96 2.19 2.36 2.49 2.76 2.89 2.89 2.95 2.86 2.72 2.7 2.62 2.85 3.04 3.11 3.11 2.97 2.97 3.05 2.65 2.45 2.35 2.27 2.21 2.34 2.46 2.43 2.3 2.24 2.18 2.19 2.21 2.15 1.8 1.8 1.87 1.97 2.15 2.3 2.39 2.44 2.42 2.55 2.49 2.35 2.17 2.09 2.06 2.02 2.03 1.98 2.11 2.08 1.89 1.91 1.76 1.68 1.56 1.51 1.6 1.7 1.73 1.79 1.92 1.97 2.06 2.01 1.74 1.73 1.62 1.46 1.37 1.15 1.07 0.99 0.85 0.86 0.9 0.79 0.69 0.62 0.41 0.3 0.16 0.14 0.14 
1.06 1.13 1.27 1.46 1.72 1.79 1.89 2.05 2.21 2.31 2.31 2.22 2.07 1.94 1.9 2.14 2.35 2.48 2.73 2.83 2.85 2.86 2.77 2.63 2.62 2.54 2.76 2.98 3.12 3.19 3.06 2.92 3.02 2.67 2.63 2.56 2.53 2.49 2.59 2.68 2.67 2.55 2.46 2.43 2.46 2.48 2.45 2.21 2.21 2.21 2.25 2.45 2.62 2.71 2.74 2.71 2.8 2.73 2.61 2.4 2.22 2.18 2.12 2.08 2.09 2.22 2.17 1.95 1.98 1.88 1.82 1.68 1.64 1.72 1.81 1.84 1.9 2.03 2.13 2.25 2.15 1.82 1.76 1.63 1.46 1.37 1.18 1.11 1.05 0.93 0.89 0.87 0.76 0.64 0.52 0.26 0.13 0.04 0.03 0.03 
0.96 1.02 1.12 1.31 1.55 1.62 1.72 1.89 2.07 2.2 2.2 2.1 1.96 1.82 1.78 2.02 2.25 2.43 2.66 2.73 2.81 2.81 2.71 2.57 2.57 2.49 2.69 2.92 3.1 3.24 3.12 2.97 3.07 2.76 2.75 2.67 2.66 2.61 2.69 2.77 2.75 2.65 2.57 2.51 2.52 2.48 2.45 2.26 2.25 2.28 2.29 2.53 2.74 2.81 2.85 2.82 2.89 2.83 2.71 2.51 2.33 2.32 2.22 2.14 2.12 2.29 2.21 1.95 1.98 1.91 1.83 1.67 1.59 1.67 1.76 1.78 1.84 1.97 2.11 2.21 2.1 1.74 1.61 1.48 1.31 1.22 1.08 1.04 1.04 0.92 0.88 0.85 0.73 0.59 0.47 0.2 0.07 0.07 0.06 0.06 
0.73 0.79 0.87 0.97 1.17 1.24 1.35 1.53 1.72 1.91 1.95 1.87 1.77 1.66 1.61 1.87 2.1 2.31 2.56 2.72 2.8 2.85 2.76 2.61 2.61 2.53 2.73 3.01 3.22 3.42 3.29 3.12 3.22 2.91 2.95 2.9 2.85 2.76 2.84 2.92 2.9 2.81 2.69 2.59 2.5 2.44 2.41 2.26 2.25 2.23 2.24 2.47 2.67 2.74 2.78 2.73 2.76 2.7 2.59 2.47 2.37 2.41 2.34 2.26 2.23 2.42 2.31 2.09 2.12 2.04 1.9 1.71 1.65 1.73 1.8 1.76 1.78 1.86 2.01 2.11 1.98 1.56 1.43 1.3 1.13 1.08 1.03 1 1 0.88 0.84 0.8 0.7 0.51 0.39 0.13 0.06 0.06 0.05 0.05 
0.66 0.72 0.79 0.9 1.07 1.13 1.23 1.41 1.6 1.8 1.87 1.8 1.7 1.59 1.55 1.82 2.01 2.21 2.43 2.59 2.69 2.83 2.74 2.59 2.65 2.61 2.76 3.05 3.32 3.52 3.35 3.17 3.22 2.96 3.04 2.99 2.89 2.77 2.85 2.88 2.83 2.75 2.68 2.5 2.37 2.31 2.27 2.21 2.23 2.19 2.2 2.42 2.64 2.7 2.74 2.68 2.69 2.64 2.55 2.48 2.38 2.42 2.37 2.29 2.24 2.46 2.36 2.13 2.13 1.99 1.83 1.64 1.6 1.66 1.74 1.69 1.71 1.79 1.94 2.04 1.8 1.38 1.25 1.13 1.01 1 0.97 0.94 0.94 0.82 0.76 0.72 0.62 0.43 0.31 0.1 0.06 0.06 0.05 0.05 
0.66 0.72 0.82 0.91 1.08 1.12 1.17 1.28 1.45 1.61 1.68 1.62 1.52 1.41 1.38 1.67 1.83 1.98 2.09 2.24 2.35 2.55 2.57 2.44 2.53 2.5 2.62 2.98 3.25 3.44 3.22 3.05 3.08 2.95 3.05 3 2.88 2.75 2.81 2.83 2.78 2.71 2.61 2.4 2.27 2.22 2.21 2.16 2.21 2.17 2.18 2.39 2.62 2.66 2.71 2.64 2.67 2.6 2.51 2.44 2.34 2.38 2.34 2.26 2.21 2.49 2.4 2.14 2.14 1.99 1.82 1.63 1.63 1.69 1.78 1.73 1.75 1.83 1.98 2.04 1.76 1.32 1.21 1.11 0.99 0.98 0.95 0.92 0.93 0.8 0.74 0.7 0.61 0.42 0.3 0.14 0.08 0.08 0.07 0.07 
0.65 0.71 0.84 0.93 1.1 1.14 1.19 1.25 1.36 1.52 1.58 1.51 1.47 1.39 1.4 1.7 1.85 1.93 2 2.14 2.2 2.4 2.49 2.44 2.54 2.5 2.64 3 3.23 3.39 3.17 3.01 3.02 2.91 3.02 3.01 2.87 2.77 2.76 2.78 2.72 2.63 2.47 2.26 2.13 2.08 2.07 2.04 2.1 2.09 2.11 2.33 2.55 2.61 2.68 2.57 2.62 2.55 2.46 2.39 2.29 2.33 2.3 2.23 2.18 2.5 2.38 2.12 2.11 1.94 1.8 1.63 1.64 1.7 1.77 1.72 1.74 1.83 1.97 1.98 1.69 1.23 1.17 1.07 0.95 0.94 0.91 0.88 0.91 0.79 0.74 0.7 0.61 0.41 0.3 0.18 0.11 0.11 0.09 0.09 
0.55 0.6 0.71 0.79 0.96 1 1.05 1.11 1.2 1.32 1.36 1.3 1.31 1.24 1.31 1.64 1.8 1.87 1.92 2 2.04 2.21 2.32 2.29 2.44 2.39 2.55 2.92 3.15 3.31 3.06 2.89 2.85 2.78 2.91 2.94 2.81 2.74 2.69 2.71 2.67 2.53 2.29 2.08 1.95 1.9 1.89 1.88 1.99 2 1.96 2.19 2.39 2.49 2.6 2.49 2.55 2.53 2.46 2.39 2.29 2.33 2.3 2.23 2.17 2.56 2.5 2.24 2.22 1.98 1.89 1.72 1.73 1.79 1.85 1.78 1.77 1.83 1.98 1.98 1.69 1.16 1.1 1.02 0.88 0.86 0.82 0.79 0.83 0.71 0.68 0.66 0.59 0.41 0.3 0.19 0.12 0.12 0.1 0.1 
0.55 0.61 0.74 0.83 1 1.04 1.09 1.15 1.23 1.28 1.32 1.26 1.28 1.24 1.31 1.63 1.81 1.84 1.86 1.93 1.89 2.04 2.11 2.09 2.29 2.29 2.45 2.78 3.01 3.17 2.92 2.71 2.7 2.61 2.74 2.83 2.75 2.69 2.64 2.65 2.6 2.43 2.19 2.02 1.89 1.84 1.83 1.83 1.95 1.97 1.93 2.16 2.36 2.52 2.64 2.56 2.64 2.62 2.55 2.48 2.38 2.42 2.39 2.32 2.26 2.68 2.66 2.39 2.36 2.09 1.97 1.77 1.78 1.85 1.89 1.81 1.78 1.87 2.06 2.06 1.77 1.2 1.13 1.03 0.9 0.88 0.84 0.81 0.85 0.75 0.72 0.72 0.67 0.43 0.3 0.19 0.12 0.12 0.11 0.11 
0.45 0.49 0.6 0.69 0.86 0.9 0.92 0.98 1.03 1.05 1.04 1 1.02 0.96 1.06 1.41 1.59 1.64 1.67 1.71 1.7 1.84 1.92 1.89 2.01 2.11 2.28 2.56 2.72 2.88 2.62 2.35 2.39 2.29 2.41 2.51 2.42 2.4 2.32 2.35 2.36 2.21 1.99 1.91 1.81 1.76 1.75 1.75 1.77 1.76 1.71 1.92 2.09 2.25 2.47 2.42 2.49 2.45 2.42 2.36 2.26 2.3 2.27 2.22 2.26 2.67 2.63 2.39 2.37 2.1 1.92 1.73 1.74 1.77 1.75 1.67 1.64 1.73 1.93 1.94 1.65 1.16 1.04 0.96 0.84 0.82 0.78 0.75 0.79 0.74 0.71 0.71 0.66 0.42 0.28 0.17 0.12 0.12 0.11 0.11 
0.7 0.75 0.87 0.97 1.14 1.19 1.21 1.31 1.35 1.33 1.29 1.21 1.16 1.06 1.14 1.4 1.57 1.61 1.63 1.68 1.78 1.99 2.1 2.05 2.18 2.3 2.51 2.79 2.94 3.09 2.83 2.62 2.64 2.54 2.65 2.62 2.47 2.4 2.26 2.23 2.21 2.04 1.78 1.66 1.57 1.52 1.5 1.5 1.51 1.5 1.44 1.65 1.79 1.95 2.21 2.25 2.38 2.39 2.39 2.36 2.26 2.3 2.28 2.22 2.27 2.63 2.7 2.51 2.5 2.24 2.04 1.82 1.79 1.78 1.76 1.69 1.66 1.74 1.96 2 1.74 1.27 1.06 0.97 0.85 0.83 0.79 0.76 0.81 0.78 0.74 0.74 0.7 0.46 0.31 0.17 0.12 0.12 0.11 0.11 
0.86 0.91 1.03 1.14 1.34 1.45 1.48 1.57 1.57 1.54 1.4 1.29 1.2 1.07 1.13 1.36 1.55 1.64 1.73 1.88 2.04 2.3 2.42 2.41 2.54 2.68 2.78 3.03 3.15 3.29 3.07 2.87 2.87 2.67 2.73 2.59 2.31 2.19 2.05 2.02 2 1.93 1.72 1.63 1.56 1.51 1.49 1.49 1.5 1.49 1.46 1.66 1.79 1.94 2.2 2.24 2.45 2.51 2.51 2.48 2.38 2.42 2.4 2.34 2.4 2.72 2.76 2.65 2.62 2.37 2.17 1.93 1.81 1.79 1.78 1.72 1.69 1.74 1.96 2.01 1.76 1.33 1.1 0.99 0.87 0.85 0.81 0.78 0.83 0.8 0.74 0.74 0.73 0.49 0.34 0.18 0.12 0.12 0.11 0.11 
0.92 0.97 1.09 1.2 1.4 1.49 1.52 1.61 1.61 1.54 1.36 1.25 1.19 1.04 1.09 1.34 1.56 1.63 1.77 1.91 2.07 2.36 2.5 2.49 2.57 2.73 2.91 3.12 3.26 3.37 3.09 2.85 2.84 2.62 2.65 2.44 2.15 1.99 1.85 1.83 1.84 1.71 1.53 1.48 1.44 1.41 1.41 1.42 1.41 1.41 1.44 1.67 1.8 1.95 2.22 2.28 2.55 2.73 2.7 2.67 2.58 2.62 2.6 2.56 2.61 2.9 2.93 2.84 2.81 2.56 2.34 2.08 1.8 1.75 1.8 1.74 1.71 1.75 1.94 2.02 1.8 1.42 1.19 1.07 0.95 0.93 0.89 0.87 0.92 0.89 0.76 0.76 0.76 0.53 0.38 0.21 0.14 0.12 0.11 0.11 
1.01 1.08 1.23 1.34 1.51 1.6 1.63 1.72 1.72 1.63 1.44 1.33 1.25 1.06 1.13 1.39 1.6 1.6 1.72 1.86 2.05 2.34 2.5 2.52 2.59 2.74 2.93 3.12 3.26 3.37 3.06 2.8 2.79 2.62 2.62 2.39 2.09 1.93 1.74 1.72 1.74 1.61 1.48 1.46 1.44 1.41 1.42 1.44 1.44 1.47 1.51 1.76 1.9 2.07 2.37 2.4 2.67 2.87 2.81 2.75 2.66 2.7 2.68 2.64 2.68 2.95 3 3.01 3 2.71 2.49 2.26 1.96 1.88 1.95 1.89 1.86 1.9 2.09 2.18 1.97 1.6 1.32 1.1 0.98 0.96 0.94 0.92 0.97 0.91 0.83 0.84 0.87 0.64 0.49 0.3 0.23 0.21 0.2 0.2 
0.96 1.03 1.23 1.34 1.5 1.59 1.61 1.69 1.69 1.61 1.46 1.35 1.28 1.13 1.16 1.36 1.57 1.54 1.6 1.74 1.94 2.23 2.44 2.52 2.59 2.76 2.96 3.14 3.25 3.36 3.1 2.84 2.84 2.71 2.71 2.48 2.18 2.02 1.76 1.72 1.73 1.61 1.48 1.49 1.48 1.45 1.46 1.5 1.51 1.55 1.57 1.81 1.98 2.16 2.46 2.48 2.75 2.94 2.91 2.85 2.75 2.79 2.77 2.72 2.74 3.02 3.09 3.13 3.06 2.76 2.55 2.32 1.99 1.85 1.93 1.87 1.84 1.88 2.06 2.14 1.94 1.55 1.27 1.03 0.95 0.91 0.89 0.91 0.99 0.99 0.99 1.03 1.06 0.83 0.69 0.51 0.44 0.42 0.41 0.41 
0.96 1.03 1.23 1.37 1.52 1.59 1.61 1.7 1.73 1.66 1.51 1.41 1.34 1.2 1.21 1.31 1.51 1.49 1.51 1.64 1.86 2.18 2.39 2.43 2.51 2.7 2.92 3.1 3.18 3.29 3.12 2.89 2.89 2.77 2.81 2.57 2.27 2.09 1.81 1.75 1.74 1.62 1.48 1.44 1.43 1.4 1.41 1.46 1.48 1.57 1.58 1.84 2.02 2.2 2.45 2.49 2.67 2.87 2.9 2.89 2.8 2.84 2.82 2.74 2.74 2.96 3.01 3.04 2.93 2.64 2.52 2.36 2.04 1.89 1.94 1.88 1.85 1.89 2.06 2.16 1.96 1.58 1.3 1.09 1.04 1.08 1.11 1.1 1.2 1.26 1.26 1.3 1.33 1.1 0.98 0.77 0.7 0.68 0.67 0.67 
0.98 1.06 1.27 1.41 1.53 1.6 1.63 1.79 1.85 1.8 1.67 1.59 1.52 1.38 1.38 1.45 1.57 1.55 1.56 1.69 1.93 2.26 2.44 2.44 2.5 2.68 2.87 3.07 3.16 3.26 3.1 2.94 2.93 2.8 2.86 2.59 2.26 2.04 1.73 1.6 1.57 1.44 1.24 1.13 1.07 0.98 0.99 1.09 1.22 1.33 1.34 1.67 1.83 2.03 2.32 2.41 2.56 2.83 2.9 2.95 2.96 3.01 2.95 2.81 2.6 2.83 2.82 2.87 2.78 2.49 2.38 2.24 1.96 1.77 1.83 1.78 1.75 1.79 1.98 2.05 1.98 1.61 1.33 1.14 1.19 1.24 1.27 1.23 1.36 1.41 1.39 1.43 1.46 1.23 1.11 0.94 0.87 0.85 0.84 0.8 
1.08 1.2 1.45 1.59 1.65 1.75 1.78 1.94 2 1.97 1.86 1.78 1.69 1.55 1.52 1.55 1.64 1.56 1.56 1.74 1.94 2.27 2.45 2.46 2.51 2.65 2.84 3.06 3.28 3.27 3.09 2.91 2.86 2.7 2.62 2.37 2.06 1.82 1.51 1.4 1.39 1.26 1.06 0.81 0.75 0.77 0.8 0.89 1.04 1.13 1.23 1.52 1.65 1.85 2.13 2.2 2.33 2.63 2.74 2.79 2.8 2.84 2.8 2.7 2.54 2.78 2.75 2.82 2.72 2.43 2.32 2.19 1.92 1.65 1.71 1.69 1.68 1.74 1.91 2 1.91 1.58 1.31 1.13 1.21 1.26 1.3 1.26 1.39 1.44 1.4 1.42 1.43 1.21 1.09 0.96 0.91 0.89 0.87 0.81 
1.13 1.25 1.51 1.64 1.73 1.9 1.92 2.07 2.13 2.1 1.99 1.87 1.77 1.63 1.6 1.61 1.7 1.61 1.59 1.78 1.86 2.2 2.38 2.39 2.43 2.57 2.76 2.95 3.15 3.16 3 2.82 2.75 2.61 2.49 2.23 1.94 1.76 1.46 1.38 1.38 1.25 1.06 0.86 0.77 0.79 0.81 0.9 1.06 1.18 1.28 1.55 1.64 1.82 2.06 2.13 2.26 2.58 2.74 2.77 2.77 2.8 2.75 2.64 2.48 2.71 2.72 2.8 2.72 2.41 2.3 2.18 1.93 1.61 1.65 1.66 1.65 1.8 2 2.12 2.03 1.72 1.51 1.36 1.45 1.5 1.55 1.48 1.59 1.64 1.6 1.62 1.59 1.34 1.21 1.06 1.01 0.95 0.9 0.8 
1.11 1.23 1.49 1.6 1.69 1.86 1.88 2.02 2.08 2.05 1.94 1.84 1.74 1.6 1.57 1.57 1.66 1.56 1.5 1.7 1.77 2.02 2.22 2.25 2.28 2.42 2.6 2.76 2.89 2.87 2.74 2.56 2.49 2.36 2.26 2.02 1.8 1.67 1.45 1.4 1.4 1.27 1.1 0.95 0.92 0.93 0.95 1.05 1.21 1.37 1.49 1.71 1.76 1.94 2.09 2.16 2.31 2.64 2.82 2.85 2.81 2.8 2.74 2.61 2.46 2.63 2.64 2.74 2.63 2.32 2.21 2.09 1.83 1.52 1.53 1.58 1.63 1.81 2 2.14 2.1 1.87 1.78 1.8 1.92 1.97 2.02 1.94 2.04 2.09 2.04 2.03 1.99 1.76 1.63 1.43 1.35 1.17 1.02 0.81 
1.14 1.26 1.51 1.58 1.69 1.86 1.88 2.02 2.08 2.01 1.9 1.82 1.72 1.58 1.56 1.56 1.67 1.57 1.54 1.72 1.77 1.99 2.2 2.25 2.22 2.35 2.55 2.66 2.79 2.77 2.66 2.46 2.4 2.34 2.37 2.16 1.96 1.85 1.61 1.75 1.79 1.65 1.49 1.39 1.36 1.37 1.37 1.48 1.63 1.64 1.71 1.92 1.96 2.14 2.21 2.24 2.41 2.71 2.9 2.92 2.9 2.9 2.83 2.7 2.56 2.65 2.66 2.76 2.66 2.35 2.19 2.04 1.82 1.51 1.49 1.55 1.57 1.74 1.93 2.09 2.1 1.9 1.83 1.89 2.07 2.13 2.19 2.11 2.21 2.27 2.23 2.23 2.19 1.96 1.83 1.61 1.53 1.34 1.18 0.88 
1.08 1.2 1.39 1.46 1.6 1.77 1.79 1.93 2 1.96 1.88 1.88 1.75 1.59 1.55 1.54 1.65 1.57 1.58 1.72 1.77 1.97 2.13 2.18 2.15 2.23 2.4 2.46 2.62 2.62 2.53 2.42 2.4 2.35 2.41 2.2 2.02 1.93 1.77 1.93 1.99 1.88 1.79 1.72 1.72 1.75 1.72 1.8 1.93 1.92 1.98 2.19 2.22 2.36 2.37 2.41 2.55 2.83 3 2.99 2.96 2.93 2.88 2.72 2.58 2.62 2.63 2.73 2.64 2.37 2.24 2.1 1.88 1.57 1.57 1.63 1.65 1.78 1.96 2.14 2.17 1.98 1.9 1.96 2.16 2.19 2.24 2.13 2.24 2.32 2.31 2.37 2.33 2.11 1.97 1.75 1.69 1.5 1.35 1.03 
1.06 1.18 1.36 1.45 1.6 1.77 1.79 1.93 2 1.98 1.91 1.93 1.79 1.62 1.56 1.54 1.65 1.58 1.58 1.69 1.74 1.94 2.07 2.13 2.08 2.16 2.33 2.37 2.54 2.55 2.49 2.49 2.47 2.43 2.49 2.28 2.1 1.98 1.88 2.06 2.12 2 1.94 1.87 1.87 1.92 1.84 1.86 1.99 1.97 2.03 2.24 2.29 2.37 2.3 2.35 2.58 2.86 3.05 3.04 3.01 2.95 2.9 2.77 2.67 2.69 2.67 2.77 2.71 2.49 2.37 2.2 1.95 1.66 1.67 1.73 1.75 1.89 2.07 2.22 2.24 2.12 2.05 2.11 2.34 2.39 2.42 2.33 2.43 2.46 2.45 2.51 2.46 2.24 2.09 1.87 1.78 1.58 1.43 1.1 
1.04 1.14 1.33 1.44 1.59 1.76 1.78 1.93 2.03 2.01 1.95 1.97 1.83 1.66 1.6 1.56 1.65 1.59 1.59 1.68 1.72 1.92 2.06 2.14 2.07 2.11 2.34 2.38 2.55 2.58 2.55 2.59 2.58 2.54 2.6 2.39 2.24 2.11 2.02 2.18 2.25 2.17 2.05 1.98 1.98 1.99 1.94 1.96 2.08 2.05 2.11 2.31 2.35 2.37 2.22 2.24 2.51 2.8 2.99 2.99 3.03 2.93 2.88 2.75 2.67 2.64 2.54 2.64 2.61 2.56 2.45 2.28 2 1.75 1.74 1.75 1.75 1.91 2.02 2.17 2.17 2.16 2.11 2.17 2.41 2.43 2.46 2.37 2.44 2.45 2.45 2.51 2.39 2.27 2.13 1.91 1.82 1.62 1.47 1.12 
1.03 1.12 1.29 1.43 1.58 1.76 1.78 1.96 2.07 1.99 1.94 1.96 1.82 1.65 1.59 1.56 1.63 1.55 1.57 1.63 1.66 1.85 1.97 2.1 2.05 2.09 2.38 2.45 2.65 2.72 2.69 2.78 2.78 2.79 2.85 2.65 2.52 2.39 2.27 2.4 2.49 2.38 2.18 2.09 2.04 2.04 2.03 2.07 2.16 2.11 2.17 2.35 2.39 2.37 2.11 2.12 2.39 2.73 2.92 2.93 3 2.93 2.83 2.7 2.65 2.66 2.53 2.63 2.63 2.73 2.73 2.57 2.27 2.09 2.11 2.1 2.07 2.22 2.31 2.45 2.41 2.4 2.36 2.42 2.62 2.61 2.63 2.53 2.55 2.51 2.5 2.55 2.42 2.31 2.18 1.96 1.87 1.67 1.52 1.17 
0.85 0.94 1.11 1.31 1.46 1.64 1.67 1.82 1.91 1.87 1.82 1.84 1.72 1.6 1.54 1.53 1.54 1.49 1.49 1.51 1.47 1.65 1.72 1.97 1.96 1.98 2.25 2.34 2.54 2.61 2.63 2.81 2.84 2.83 2.88 2.76 2.65 2.53 2.42 2.49 2.58 2.49 2.29 2.2 2.15 2.15 2.08 2.16 2.25 2.2 2.25 2.4 2.44 2.42 2.17 2.15 2.43 2.79 2.95 2.99 3.08 3.02 2.91 2.76 2.71 2.72 2.54 2.61 2.61 2.72 2.72 2.56 2.3 2.1 2.13 2.09 2.04 2.16 2.23 2.34 2.3 2.3 2.36 2.43 2.68 2.69 2.71 2.6 2.59 2.55 2.54 2.59 2.46 2.35 2.24 2.05 1.96 1.76 1.61 1.21 
0.6 0.69 0.88 1.09 1.21 1.33 1.36 1.51 1.6 1.55 1.55 1.62 1.58 1.53 1.5 1.49 1.46 1.37 1.31 1.27 1.11 1.22 1.27 1.53 1.55 1.56 1.83 1.97 2.17 2.24 2.28 2.47 2.52 2.57 2.64 2.65 2.7 2.63 2.55 2.6 2.67 2.61 2.41 2.33 2.28 2.28 2.18 2.28 2.38 2.33 2.35 2.49 2.53 2.51 2.28 2.26 2.47 2.79 2.95 3 3.1 3.05 3.02 2.85 2.8 2.79 2.61 2.65 2.65 2.74 2.74 2.61 2.48 2.3 2.3 2.22 2.17 2.22 2.25 2.35 2.32 2.34 2.43 2.54 2.8 2.86 2.88 2.74 2.63 2.59 2.61 2.66 2.53 2.42 2.31 2.13 2.04 1.84 1.68 1.26 
0.49 0.61 0.87 1.09 1.21 1.32 1.34 1.5 1.59 1.55 1.6 1.67 1.63 1.61 1.6 1.57 1.47 1.3 1.11 0.98 0.82 0.88 0.92 1.23 1.26 1.26 1.5 1.64 1.84 1.91 1.97 2.21 2.28 2.42 2.59 2.64 2.71 2.69 2.61 2.6 2.68 2.68 2.45 2.38 2.33 2.32 2.21 2.34 2.47 2.41 2.39 2.51 2.54 2.52 2.32 2.31 2.45 2.69 2.9 2.96 3.06 3.01 2.99 2.79 2.76 2.78 2.64 2.67 2.69 2.78 2.75 2.66 2.65 2.49 2.44 2.36 2.31 2.36 2.34 2.44 2.36 2.36 2.47 2.59 2.85 3.01 3.02 2.85 2.71 2.66 2.71 2.76 2.63 2.52 2.41 2.25 2.17 1.96 1.8 1.37 
0.41 0.55 0.8 1.03 1.16 1.27 1.29 1.45 1.54 1.54 1.59 1.66 1.63 1.63 1.6 1.54 1.41 1.25 1.06 0.91 0.75 0.79 0.83 1.18 1.23 1.23 1.49 1.65 1.86 1.94 2.04 2.32 2.4 2.57 2.74 2.79 2.87 2.88 2.75 2.72 2.79 2.8 2.54 2.41 2.37 2.4 2.32 2.48 2.66 2.69 2.7 2.84 2.88 2.87 2.64 2.63 2.71 2.87 3.14 3.25 3.37 3.27 3.27 2.99 2.84 2.8 2.62 2.66 2.68 2.8 2.78 2.71 2.81 2.71 2.54 2.41 2.36 2.41 2.33 2.43 2.39 2.39 2.49 2.61 2.86 3.08 3.09 2.95 2.8 2.74 2.83 2.88 2.74 2.63 2.52 2.38 2.27 2.08 1.92 1.49 
0.33 0.48 0.69 0.93 1.07 1.18 1.2 1.36 1.45 1.46 1.53 1.6 1.58 1.58 1.55 1.49 1.35 1.22 1.04 0.87 0.71 0.78 0.8 1.08 1.14 1.12 1.4 1.57 1.88 2.03 2.14 2.42 2.51 2.69 2.86 2.91 2.97 2.96 2.92 2.89 2.99 3.03 2.7 2.51 2.33 2.36 2.29 2.48 2.61 2.61 2.62 2.77 2.8 2.76 2.53 2.51 2.57 2.72 2.99 3.15 3.32 3.21 3.25 2.96 2.86 2.82 2.59 2.49 2.51 2.64 2.68 2.61 2.71 2.66 2.48 2.31 2.25 2.29 2.17 2.29 2.25 2.28 2.43 2.68 2.95 3.19 3.17 3.04 2.9 2.82 2.81 2.83 2.67 2.56 2.43 2.29 2.18 1.99 1.83 1.39 
0.35 0.5 0.69 0.92 1.08 1.23 1.25 1.4 1.47 1.48 1.55 1.61 1.58 1.58 1.56 1.48 1.33 1.19 1.04 0.89 0.71 0.78 0.8 1.09 1.19 1.16 1.43 1.61 1.94 2.14 2.25 2.52 2.61 2.8 2.97 2.99 3.02 3.01 2.99 2.99 3.08 3.12 2.79 2.6 2.37 2.39 2.33 2.54 2.67 2.67 2.67 2.81 2.86 2.83 2.58 2.55 2.58 2.74 2.99 3.16 3.34 3.27 3.32 3.03 2.91 2.86 2.62 2.55 2.51 2.63 2.67 2.57 2.66 2.62 2.45 2.27 2.17 2.24 2.13 2.22 2.2 2.26 2.41 2.7 2.98 3.23 3.18 3.05 2.88 2.72 2.68 2.69 2.51 2.35 2.21 2.1 1.99 1.8 1.64 1.16 
0.32 0.47 0.65 0.86 1.02 1.17 1.24 1.34 1.38 1.38 1.46 1.52 1.49 1.49 1.47 1.41 1.27 1.14 1.1 0.98 0.82 0.86 0.85 1.2 1.32 1.29 1.56 1.73 2.05 2.26 2.4 2.67 2.76 2.88 2.97 2.98 3 3 2.98 2.98 2.97 2.99 2.66 2.49 2.26 2.25 2.22 2.37 2.38 2.3 2.29 2.38 2.44 2.42 2.17 2.16 2.28 2.42 2.66 2.81 2.99 2.93 3.04 2.84 2.83 2.82 2.65 2.58 2.52 2.64 2.69 2.55 2.61 2.58 2.44 2.29 2.15 2.24 2.13 2.18 2.16 2.22 2.37 2.72 2.94 3.16 3.1 3.02 2.87 2.69 2.63 2.63 2.45 2.24 2.13 2.03 1.92 1.73 1.57 1.05 
0.32 0.42 0.57 0.78 0.92 1.06 1.13 1.26 1.31 1.32 1.39 1.38 1.32 1.32 1.33 1.3 1.24 1.19 1.18 1.06 0.93 0.97 0.94 1.24 1.34 1.41 1.68 1.81 2.08 2.29 2.45 2.75 2.83 2.91 2.94 2.93 2.94 2.96 2.94 2.96 2.9 2.88 2.57 2.45 2.23 2.19 2.12 2.25 2.25 2.16 2.19 2.26 2.31 2.31 2.06 2.08 2.2 2.29 2.5 2.67 2.87 2.84 3.01 2.81 2.81 2.8 2.67 2.61 2.53 2.65 2.72 2.58 2.62 2.67 2.51 2.32 2.23 2.26 2.12 2.19 2.17 2.23 2.38 2.78 2.94 3.22 3.15 3.09 2.89 2.78 2.77 2.76 2.57 2.34 2.25 2.14 2.03 1.84 1.68 1.14 
0.63 0.75 0.91 1.12 1.25 1.39 1.51 1.69 1.82 1.79 1.9 1.93 1.86 1.96 1.94 1.88 1.88 1.8 1.79 1.68 1.59 1.56 1.5 1.69 1.76 1.8 2.04 2.12 2.16 2.29 2.4 2.68 2.77 2.98 3.03 3.04 3.09 3.09 3.06 3.06 3 2.95 2.64 2.62 2.43 2.46 2.39 2.46 2.34 2.22 2.17 2.13 2.19 2.23 2 2.03 2.15 2.21 2.37 2.52 2.66 2.65 2.87 2.72 2.72 2.72 2.67 2.63 2.54 2.67 2.78 2.68 2.72 2.88 2.8 2.64 2.64 2.57 2.34 2.43 2.47 2.54 2.66 3.02 3.18 3.44 3.28 3.22 2.98 2.82 2.8 2.67 2.51 2.34 2.25 2.11 1.94 1.77 1.64 1.12 
0.65 0.77 0.93 1.14 1.27 1.39 1.51 1.69 1.83 1.8 1.92 1.97 1.91 2.06 2.03 1.96 1.96 1.88 1.87 1.76 1.69 1.65 1.57 1.76 1.82 1.87 2.14 2.22 2.25 2.29 2.39 2.67 2.78 3.02 3.11 3.13 3.18 3.2 3.09 3.04 2.99 2.92 2.62 2.61 2.47 2.58 2.51 2.56 2.38 2.22 2.15 2.09 2.12 2.18 2.06 2.08 2.17 2.21 2.29 2.43 2.53 2.52 2.81 2.71 2.71 2.71 2.68 2.66 2.65 2.85 2.96 2.86 2.88 3.05 3.13 3.02 2.98 2.88 2.55 2.6 2.64 2.7 2.74 3 3.05 3.31 3.15 3.1 2.87 2.69 2.54 2.41 2.29 2.15 2.07 1.97 1.79 1.7 1.6 1.15 
0.65 0.77 0.93 1.14 1.27 1.39 1.51 1.69 1.83 1.83 1.95 2 1.94 2.12 2.1 1.99 1.97 1.89 1.88 1.75 1.7 1.66 1.58 1.76 1.82 1.86 2.15 2.24 2.27 2.25 2.37 2.69 2.8 3.07 3.1 3.09 3.13 3.12 3.07 3.04 2.99 2.93 2.6 2.64 2.52 2.68 2.63 2.66 2.45 2.33 2.29 2.24 2.31 2.36 2.2 2.19 2.24 2.29 2.37 2.43 2.51 2.45 2.73 2.66 2.71 2.74 2.74 2.75 2.76 2.95 3.08 2.99 3.01 3.21 3.3 3.17 3.13 3.05 2.73 2.71 2.69 2.74 2.67 2.77 2.81 3.07 2.9 2.86 2.63 2.4 2.27 2.16 2.03 1.87 1.79 1.73 1.56 1.5 1.49 1.13 
0.67 0.79 0.95 1.16 1.27 1.39 1.51 1.69 1.83 1.84 1.93 1.95 1.89 2.07 2.06 1.93 1.91 1.83 1.82 1.71 1.66 1.62 1.53 1.68 1.74 1.8 2.14 2.28 2.31 2.28 2.42 2.71 2.81 2.99 2.97 2.96 3 3.03 2.99 2.86 2.78 2.69 2.27 2.29 2.14 2.29 2.24 2.27 2.07 2.08 2.05 2 2.04 2.09 2.01 2.02 2.07 2.17 2.27 2.37 2.46 2.39 2.65 2.58 2.65 2.68 2.68 2.71 2.72 2.89 3.04 3.02 3.02 3.18 3.25 3.12 3.1 3.07 2.76 2.72 2.69 2.76 2.71 2.79 2.83 3.12 2.96 2.92 2.66 2.41 2.32 2.15 2.01 1.81 1.74 1.69 1.52 1.43 1.4 1.05 
0.72 0.84 1 1.2 1.3 1.42 1.54 1.72 1.86 1.83 1.92 1.89 1.83 2.01 2.01 1.86 1.83 1.75 1.74 1.65 1.6 1.56 1.47 1.61 1.68 1.77 2.08 2.31 2.34 2.34 2.48 2.68 2.75 2.93 2.91 2.9 2.94 2.98 2.91 2.79 2.71 2.64 2.2 2.22 2.07 2.13 2.1 2.22 2.04 2.06 2.03 1.98 2.02 2.08 2.04 2.01 2.02 2.13 2.21 2.31 2.4 2.37 2.61 2.49 2.53 2.57 2.58 2.62 2.68 2.84 2.96 2.94 2.9 3.06 3.11 2.98 2.96 2.94 2.67 2.67 2.64 2.7 2.73 2.84 2.92 3.25 3.17 3.24 3 2.82 2.76 2.57 2.43 2.22 2.14 2.09 1.93 1.83 1.66 1.25 
0.77 0.89 1.05 1.23 1.33 1.45 1.57 1.75 1.87 1.83 1.89 1.85 1.79 1.97 1.97 1.82 1.81 1.73 1.72 1.65 1.6 1.56 1.47 1.59 1.69 1.78 2.06 2.34 2.37 2.47 2.61 2.75 2.81 2.99 2.97 2.96 3 3.03 3 2.92 2.85 2.78 2.35 2.35 2.16 2.15 2.1 2.23 2.09 2.11 2.08 2.03 2.07 2.14 2.06 2.02 1.99 2.1 2.18 2.28 2.33 2.34 2.58 2.46 2.47 2.57 2.6 2.63 2.7 2.94 3.06 3.03 3 3.11 3.16 3.05 3.05 2.96 2.69 2.75 2.74 2.74 2.8 2.9 2.89 3.17 3.1 3.16 2.94 2.82 2.8 2.62 2.53 2.34 2.23 2.14 1.97 1.84 1.66 1.27 
0.79 0.9 1.04 1.2 1.3 1.45 1.57 1.73 1.84 1.78 1.84 1.8 1.74 1.92 1.92 1.77 1.8 1.76 1.75 1.7 1.62 1.58 1.47 1.53 1.63 1.72 1.91 2.2 2.28 2.37 2.52 2.64 2.67 2.8 2.78 2.77 2.77 2.82 2.84 2.83 2.82 2.78 2.43 2.39 2.15 2.16 2.09 2.22 2.11 2.15 2.14 2.12 2.17 2.22 2.13 2.07 1.98 2.09 2.17 2.25 2.26 2.26 2.52 2.4 2.38 2.47 2.49 2.5 2.5 2.68 2.8 2.76 2.74 2.78 2.8 2.73 2.74 2.62 2.35 2.5 2.52 2.51 2.59 2.73 2.71 3.02 2.95 3.01 2.84 2.77 2.77 2.66 2.65 2.46 2.29 2.17 2 1.87 1.68 1.3 
0.77 0.88 1.02 1.13 1.24 1.38 1.49 1.61 1.72 1.67 1.73 1.69 1.63 1.81 1.81 1.68 1.71 1.65 1.66 1.65 1.56 1.53 1.45 1.44 1.55 1.63 1.82 2.1 2.22 2.31 2.48 2.57 2.63 2.76 2.74 2.72 2.74 2.79 2.86 2.89 2.87 2.86 2.54 2.47 2.21 2.18 2.1 2.18 2.07 2.12 2.11 2.08 2.14 2.19 2.1 2.04 1.91 1.97 2.05 2.12 2.1 2.09 2.4 2.36 2.33 2.41 2.44 2.45 2.47 2.65 2.77 2.78 2.73 2.78 2.81 2.75 2.79 2.7 2.37 2.59 2.6 2.58 2.67 2.81 2.77 3.05 2.97 3.03 2.91 2.84 2.84 2.75 2.77 2.58 2.37 2.2 2.03 1.9 1.71 1.32 
0.81 0.91 1.05 1.11 1.22 1.36 1.47 1.58 1.69 1.62 1.65 1.61 1.55 1.73 1.71 1.59 1.66 1.6 1.63 1.62 1.55 1.52 1.49 1.49 1.56 1.64 1.83 2.11 2.26 2.35 2.48 2.54 2.61 2.77 2.8 2.81 2.83 2.84 2.86 2.95 2.95 2.91 2.59 2.47 2.2 2.17 2.14 2.16 2.06 2.11 2.09 2.05 2.12 2.17 2.05 2.01 1.93 2.03 2.14 2.18 2.17 2.17 2.48 2.48 2.43 2.47 2.48 2.48 2.52 2.76 2.92 2.88 2.8 2.84 2.88 2.84 2.87 2.78 2.46 2.79 2.85 2.83 2.92 3.04 2.94 3.16 3.07 3.11 3.02 2.95 2.96 2.87 2.9 2.71 2.48 2.18 1.99 1.86 1.67 1.32 
0.94 1.02 1.07 1.11 1.23 1.37 1.48 1.58 1.69 1.6 1.63 1.59 1.52 1.69 1.64 1.49 1.57 1.56 1.65 1.63 1.56 1.53 1.51 1.5 1.59 1.69 1.92 2.22 2.35 2.44 2.55 2.6 2.66 2.82 2.85 2.86 2.88 2.89 2.91 2.99 2.98 2.9 2.55 2.41 2.14 2.12 2.11 2.12 2 2.06 2.05 2.02 2.11 2.16 2.05 2.11 2.06 2.15 2.28 2.32 2.32 2.32 2.56 2.57 2.52 2.54 2.54 2.54 2.56 2.8 2.93 2.81 2.71 2.8 2.83 2.79 2.81 2.75 2.51 2.87 2.95 2.92 3 3.1 2.99 3.17 3.09 3.17 3.02 2.94 2.95 2.86 2.89 2.7 2.46 2.11 1.93 1.81 1.63 1.3 
1.16 1.22 1.25 1.28 1.41 1.55 1.66 1.76 1.87 1.77 1.75 1.68 1.61 1.78 1.71 1.52 1.64 1.66 1.75 1.73 1.66 1.63 1.6 1.54 1.61 1.75 2.02 2.38 2.47 2.56 2.67 2.69 2.7 2.84 2.87 2.88 2.9 2.91 2.96 3.1 3.06 2.93 2.49 2.36 2.09 2.07 2.07 2.05 1.91 1.92 1.9 1.86 2 2.2 2.11 2.25 2.21 2.3 2.39 2.35 2.33 2.34 2.59 2.62 2.59 2.63 2.63 2.63 2.5 2.62 2.72 2.51 2.41 2.5 2.64 2.62 2.64 2.59 2.39 2.75 2.86 2.84 2.93 3.05 2.95 3.07 2.99 3.07 2.94 2.83 2.85 2.76 2.79 2.59 2.35 1.98 1.82 1.7 1.52 1.19 
1.23 1.25 1.29 1.38 1.5 1.64 1.75 1.85 1.96 1.86 1.82 1.76 1.7 1.84 1.77 1.58 1.75 1.78 1.85 1.8 1.73 1.7 1.65 1.57 1.64 1.78 2.04 2.36 2.39 2.47 2.59 2.61 2.58 2.7 2.76 2.8 2.85 2.85 2.95 3.09 3.05 2.91 2.48 2.38 2.16 2.1 2.07 2.01 1.82 1.76 1.7 1.61 1.74 2.02 1.93 2.07 2.04 2.14 2.23 2.2 2.11 2.16 2.37 2.48 2.5 2.56 2.61 2.58 2.4 2.49 2.59 2.38 2.28 2.34 2.54 2.59 2.63 2.58 2.46 2.82 2.97 2.96 3.05 3.17 3.06 3.18 3.09 3.14 3.02 2.9 2.91 2.78 2.81 2.61 2.37 1.99 1.79 1.67 1.49 1.16 
1.28 1.32 1.38 1.49 1.61 1.74 1.85 1.96 2.1 2.03 2 1.95 1.89 2.03 1.96 1.78 1.96 1.97 2.03 1.95 1.89 1.84 1.79 1.72 1.67 1.78 1.97 2.27 2.28 2.35 2.49 2.52 2.47 2.62 2.72 2.77 2.87 2.85 2.95 3.06 3.05 2.91 2.51 2.39 2.22 2.17 2.11 2.02 1.83 1.73 1.67 1.63 1.72 1.99 1.91 2.08 2.06 2.16 2.25 2.19 2.07 2.09 2.27 2.38 2.4 2.45 2.45 2.42 2.27 2.36 2.38 2.17 2.07 2.13 2.41 2.56 2.65 2.6 2.5 2.83 3 3.02 3.11 3.22 3.12 3.26 3.2 3.25 3.13 3.03 2.92 2.75 2.8 2.6 2.39 2.01 1.78 1.65 1.47 1.15 
1.27 1.36 1.43 1.54 1.68 1.78 1.86 1.97 2.11 2.04 2 1.99 1.93 2.07 2 1.83 2.01 2.03 2.07 1.93 1.86 1.85 1.81 1.74 1.71 1.82 2.07 2.47 2.49 2.56 2.7 2.74 2.64 2.77 2.91 3.03 3.13 3.11 3.2 3.3 3.29 3.06 2.59 2.47 2.31 2.27 2.21 2.17 2.08 2.07 2.03 2.04 2.13 2.39 2.39 2.55 2.58 2.66 2.7 2.64 2.5 2.47 2.61 2.6 2.55 2.54 2.48 2.4 2.29 2.35 2.31 2.09 1.99 2.07 2.35 2.49 2.63 2.52 2.4 2.73 2.9 2.92 3.02 3.05 2.95 3.09 3.06 3.1 3 2.9 2.8 2.62 2.67 2.57 2.36 1.98 1.75 1.61 1.43 1.19 
1.29 1.38 1.45 1.56 1.7 1.8 1.85 1.93 2.06 1.99 1.9 1.9 1.84 1.98 1.91 1.74 1.92 1.91 1.86 1.72 1.62 1.6 1.62 1.56 1.55 1.64 1.9 2.31 2.34 2.4 2.51 2.53 2.43 2.64 2.82 2.96 3.07 3.06 3.15 3.24 3.21 2.99 2.51 2.39 2.23 2.2 2.12 2.09 2.02 2.02 1.98 2.02 2.14 2.37 2.38 2.54 2.61 2.69 2.74 2.67 2.54 2.53 2.63 2.6 2.55 2.53 2.45 2.34 2.25 2.3 2.25 2.04 1.93 2.01 2.28 2.43 2.54 2.48 2.34 2.67 2.85 2.87 2.97 2.95 2.85 2.94 2.9 2.97 2.88 2.74 2.62 2.47 2.54 2.46 2.25 1.86 1.63 1.49 1.31 1.12 
0.96 1.05 1.12 1.23 1.36 1.43 1.44 1.46 1.51 1.43 1.34 1.44 1.46 1.6 1.54 1.38 1.47 1.45 1.4 1.25 1.18 1.19 1.24 1.29 1.33 1.37 1.65 2.06 2.1 2.19 2.34 2.36 2.28 2.45 2.63 2.77 2.87 2.86 2.95 3.04 3.02 2.84 2.36 2.24 2.07 1.98 1.92 1.94 1.92 1.92 1.88 1.94 2.06 2.29 2.3 2.46 2.54 2.62 2.67 2.6 2.53 2.49 2.52 2.49 2.44 2.42 2.34 2.23 2.14 2.19 2.12 1.88 1.76 1.81 2.07 2.22 2.23 2.22 2.11 2.4 2.57 2.58 2.68 2.64 2.53 2.59 2.59 2.67 2.61 2.47 2.35 2.28 2.35 2.27 2.09 1.72 1.51 1.37 1.19 1.03 
0.81 0.88 0.92 1.02 1.14 1.17 1.17 1.18 1.21 1.15 1.01 1.04 1.04 1.05 1.01 0.89 0.98 0.99 0.96 0.82 0.77 0.8 0.86 0.93 0.98 1.06 1.34 1.8 1.94 2.11 2.27 2.3 2.18 2.23 2.36 2.47 2.53 2.51 2.6 2.69 2.67 2.55 2.07 1.95 1.78 1.65 1.59 1.62 1.72 1.78 1.77 1.87 2.01 2.21 2.22 2.38 2.46 2.54 2.59 2.52 2.49 2.41 2.37 2.31 2.26 2.24 2.16 2.05 1.99 1.98 1.89 1.63 1.5 1.54 1.66 1.79 1.8 1.81 1.79 2.08 2.19 2.18 2.28 2.24 2.19 2.26 2.29 2.38 2.33 2.25 2.21 2.18 2.26 2.18 2 1.65 1.5 1.36 1.18 1.03 
0.77 0.84 0.88 0.98 1.07 1.1 1.1 1.11 1.14 1.08 0.94 0.97 0.97 0.94 0.9 0.79 0.88 0.89 0.86 0.74 0.7 0.73 0.79 0.86 0.91 0.99 1.24 1.68 1.82 2.06 2.22 2.23 2.11 2.14 2.26 2.35 2.41 2.39 2.43 2.49 2.46 2.31 1.85 1.69 1.48 1.28 1.23 1.27 1.39 1.46 1.46 1.57 1.71 1.91 1.96 2.15 2.26 2.34 2.4 2.37 2.35 2.33 2.28 2.19 2.1 2.08 1.98 1.86 1.74 1.73 1.64 1.38 1.27 1.29 1.4 1.5 1.52 1.5 1.5 1.83 1.95 1.93 2.05 2.07 2.02 2.08 2.11 2.2 2.15 2.1 2.12 2.09 2.16 2.09 1.91 1.56 1.43 1.3 1.12 0.98 
0.75 0.82 0.86 0.96 1.05 1.08 1.08 1.09 1.12 1.06 0.92 0.95 0.95 0.91 0.86 0.76 0.85 0.86 0.83 0.71 0.67 0.7 0.76 0.83 0.88 0.96 1.17 1.57 1.71 1.98 2.12 2.13 2 2.02 2.14 2.23 2.28 2.23 2.26 2.28 2.25 2.1 1.71 1.51 1.3 1.09 1.02 1.06 1.2 1.27 1.27 1.39 1.55 1.75 1.83 2.03 2.14 2.2 2.26 2.25 2.23 2.24 2.21 2.11 2 1.96 1.85 1.7 1.58 1.59 1.5 1.24 1.14 1.19 1.3 1.39 1.41 1.37 1.34 1.7 1.83 1.8 1.91 1.95 1.85 1.9 1.93 2.02 1.97 1.93 1.95 1.93 2 1.98 1.8 1.45 1.32 1.23 1.06 0.95 
0.7 0.77 0.81 0.91 0.99 1.02 1.02 1.03 1.06 1 0.86 0.89 0.89 0.85 0.79 0.73 0.83 0.84 0.81 0.7 0.66 0.69 0.75 0.82 0.87 0.95 1.14 1.52 1.66 1.93 2.05 2.05 1.92 1.94 2.06 2.15 2.2 2.12 2.13 2.13 2.1 1.95 1.59 1.39 1.18 0.98 0.93 0.94 1.06 1.13 1.13 1.25 1.43 1.65 1.74 1.95 2.03 2.07 2.13 2.12 2.1 2.11 2.1 2.04 1.91 1.86 1.75 1.59 1.46 1.48 1.39 1.13 1.08 1.14 1.25 1.34 1.35 1.31 1.26 1.62 1.77 1.74 1.8 1.77 1.6 1.63 1.6 1.63 1.56 1.51 1.46 1.45 1.52 1.51 1.34 0.99 0.86 0.79 0.72 0.69 
0.65 0.72 0.76 0.86 0.94 0.97 0.97 0.98 1.01 0.95 0.82 0.86 0.86 0.82 0.75 0.71 0.81 0.82 0.79 0.68 0.64 0.67 0.73 0.8 0.85 0.93 1.12 1.43 1.57 1.74 1.85 1.81 1.68 1.7 1.82 1.91 1.96 1.88 1.87 1.81 1.78 1.62 1.31 1.12 0.94 0.83 0.82 0.84 0.93 0.99 0.99 1.11 1.29 1.51 1.63 1.88 1.93 1.98 2.04 2.03 2.01 2.02 2.01 1.95 1.86 1.76 1.63 1.46 1.28 1.21 1.11 0.88 0.85 0.91 1.02 1.11 1.12 1.08 1.03 1.37 1.51 1.49 1.49 1.5 1.4 1.47 1.44 1.43 1.34 1.26 1.18 1.16 1.23 1.22 1.07 0.72 0.62 0.6 0.59 0.56 
0.61 0.68 0.72 0.82 0.9 0.91 0.91 0.92 0.95 0.91 0.8 0.84 0.84 0.8 0.73 0.67 0.72 0.72 0.69 0.58 0.56 0.59 0.65 0.72 0.77 0.85 1.04 1.3 1.39 1.51 1.59 1.59 1.48 1.51 1.63 1.72 1.77 1.69 1.66 1.58 1.49 1.33 1.04 0.89 0.78 0.73 0.72 0.74 0.83 0.89 0.88 1 1.18 1.41 1.56 1.83 1.9 1.93 1.99 1.98 1.96 1.97 1.96 1.9 1.81 1.69 1.55 1.38 1.2 1.08 0.97 0.76 0.75 0.81 0.92 1.01 1.02 0.98 0.93 1.19 1.33 1.34 1.34 1.35 1.29 1.38 1.35 1.34 1.25 1.17 1.04 1 1.07 1.06 0.95 0.65 0.55 0.53 0.52 0.49 
