0
0
0
0
0.000208247
0.000416493
0.000416493
0.00062474
0.000832986
0.00104123
0.0013536
0.00197834
0.00208247
0.00229071
0.00239484
0.00249896
0.00281133
0.00301958
0.00301958
0.00343607
0.00364431
0.00426905
0.00489379
0.00551853
0.00593503
0.00666389
0.007601
0.00812162
0.00832986
0.00864223
0.0089546
0.00989171
0.00999584
0.0106206
0.0116618
0.0125989
0.0134319
0.0140566
0.0155144
0.016035
0.0172845
0.0178051
0.0186381
0.0195752
0.0208247
0.0216576
0.0225948
0.0235319
0.0247813
0.0255102
0.0265514
0.0273844
0.0285298
0.029571
0.0306122
0.0319658
0.0330071
0.0346731
0.0366514
0.0381091
0.0392545
0.0398792
0.0412328
0.0423782
0.0433153
0.0444606
0.0457101
0.0475843
0.0486256
0.0499792
0.0512287
0.0528946
0.05404
0.0550812
0.0567472
0.0578925
0.0593503
0.0609121
0.0623698
0.0635152
0.0649729
0.0669513
0.0680966
0.0696585
0.0715327
0.0733028
0.0750729
0.0772595
0.0777801
0.0796543
0.0807997
0.0823615
0.0834027
0.0849646
0.0865264
0.0876718
0.089546
0.0906914
0.0922532
0.0944398
0.0968347
0.0983965
0.100062
0.101104
0.102666
0.104227
0.105581
0.107455
0.109121
0.110995
0.111828
0.113911
0.115056
0.11641
0.118492
0.120054
0.121304
0.12297
0.124323
0.126197
0.127343
0.128905
0.130466
0.13182
0.133174
0.134527
0.136193
0.138484
0.140671
0.142024
0.144315
0.145564
0.147751
0.149625
0.150875
0.153894
0.155352
0.157434
0.159725
0.161287
0.163474
0.164931
0.167014
0.168367
0.170033
0.172012
0.173574
0.175552
0.177218
0.179092
0.180342
0.181487
0.183049
0.184819
0.18711
0.188567
0.190129
0.19117
0.192107
0.193565
0.194398
0.195752
0.197105
0.199188
0.200125
0.201479
0.202624
0.204186
0.205956
0.207101
0.208351
0.209913
0.21085
0.211995
0.213557
0.215223
0.215952
0.217201
0.218971
0.220533
0.222095
0.222928
0.224386
0.225531
0.227509
0.229071
0.230841
0.231674
0.233028
0.233965
0.234902
0.235527
0.237193
0.238338
0.239484
0.240317
0.241254
0.24167
0.242607
0.243544
0.244377
0.245314
0.246252
0.24698
0.247605
0.248542
0.249271
0.250521
0.251354
0.252187
0.253228
0.254165
0.25479
0.255831
0.256664
0.257393
0.258017
0.25885
0.259371
0.2601
0.260516
0.261558
0.262911
0.26364
0.263953
0.26489
0.265723
0.266451
0.266764
0.267597
0.268222
0.26895
0.269575
0.2702
0.270512
0.271866
0.272595
0.273219
0.273636
0.274157
0.274469
0.275198
0.275614
0.276239
0.27728
0.277593
0.277905
0.27853
0.279467
0.279988
0.280508
0.280716
0.281549
0.282278
0.283007
0.283424
0.28384
0.284048
0.284361
0.284673
0.284881
0.28509
0.285402
0.285923
0.286443
0.28738
0.288109
0.28863
0.288734
0.28915
0.290087
0.290608
0.290608
0.290816
0.291129
0.291337
0.291649
0.292378
0.292795
0.293211
0.293419
0.293628
0.293732
0.297201
0.297418
0.297635
0.29796
0.29796
0.298828
0.299262
0.299479
0.299696
0.299913
0.300239
0.300347
0.300564
0.30089
0.301324
0.301432
0.301866
0.302083
0.302517
0.302843
0.303277
0.303385
0.303711
0.303928
0.304253
0.304579
0.304688
0.305013
0.305122
0.305122
0.305339
0.305447
0.305773
0.306098
0.306532
0.306749
0.306966
0.307075
0.307292
0.307726
0.307834
0.307834
0.30816
0.308811
0.308919
0.309245
0.309462
0.309787
0.309896
0.310547
0.310764
0.310872
0.311198
0.311415
0.311957
0.312174
0.312174
0.312391
0.312934
0.31326
0.313585
0.313585
0.313911
0.314019
0.314345
0.314345
0.314345
0.314345
0.314562
0.314996
0.315213
0.315213
0.315321
0.315538
0.315538
0.315647
0.315972
0.316189
0.316406
0.316623
0.316732
0.31684
0.316949
0.316949
0.317057
0.317383
0.317383
0.317491
0.3176
0.317925
0.317925
0.318142
0.318468
0.318685
0.318793
0.31901
0.319444
0.319661
0.31977
0.31977
0.319878
0.320095
0.320095
0.320312
0.320312
0.320421
0.320638
0.321072
0.321289
0.321398
0.321506
0.321723
0.321832
0.32194
0.322157
0.322157
0.322157
0.322266
0.322374
0.322483
0.322591
0.322591
0.322591
0.3227
0.322808
0.323134
0.323242
0.323242
0.323242
0.323242
0.323459
0.323676
0.323676
0.323785
0.323785
0.323785
0.323893
0.324002
0.324436
0.324653
0.32487
0.324978
0.325195
0.325195
0.325195
0.325412
0.325955
0.326063
0.326172
0.32628
0.326389
0.326497
0.326823
0.327148
0.327148
0.327582
0.327582
0.327799
0.327908
0.328016
0.328125
0.328451
0.328559
0.328668
0.328668
0.328993
0.328993
0.329102
0.329102
0.32921
0.329319
0.329536
0.329753
0.32997
0.330295
0.330621
0.330621
0.330621
0.330729
0.330838
0.330946
0.331272
0.33138
0.33138
0.33138
0.331597
0.331706
0.331706
0.331706
0.331706
0.331923
0.332031
0.33214
0.332248
0.332465
0.332574
0.332791
0.333225
0.333333
0.33355
0.33355
0.33355
0.333659
0.333767
0.333876
0.334093
0.334201
0.334418
0.334744
0.334852
0.334961
0.335178
0.335178
0.335395
0.335612
0.335612
0.33572
0.33572
0.33572
0.33572
0.335938
0.336155
0.336155
0.336263
0.336372
0.336589
0.336697
0.336697
0.336806
