0
0
0
0
0
0
0
0
0
0.00400802
0.00400802
0.00400802
0.00801603
0.00801871
0.00801871
0.00801871
0.0120281
0.0200468
0.0200535
0.0200669
0.0200669
0.0200669
0.0200669
0.0280936
0.032107
0.032107
0.0361325
0.0361325
0.0361325
0.0394913
0.0394913
0.0394913
0.0395045
0.0509042
0.054923
0.0549414
0.0549414
0.0623116
0.0663317
0.0663539
0.0703989
0.0744467
0.0744717
0.0778262
0.0858772
0.0899027
0.0979866
0.102013
0.103726
0.107754
0.115178
0.121222
0.121263
0.125294
0.125294
0.125294
0.128653
0.136715
0.140793
0.144825
0.144874
0.150975
0.155062
0.162853
0.166891
0.175025
0.184113
0.187816
0.189498
0.193538
0.197577
0.197577
0.211785
0.224242
0.232323
0.234007
0.238384
0.238384
0.249158
0.253199
0.253199
0.257239
0.258923
0.26229
0.26743
0.271563
0.271563
0.271563
0.277722
0.279407
0.287496
0.29501
0.297033
0.305125
0.316925
0.320971
0.331423
0.339292
0.343455
0.350877
0.352901
0.36471
0.36471
0.368545
0.376645
0.384875
0.389189
0.397297
0.406757
0.408784
0.414865
0.426351
0.430405
0.433784
0.434122
0.436105
0.443543
0.443543
0.445571
0.456051
0.463827
0.463984
0.468359
0.470728
0.473934
0.483751
0.487813
0.491537
0.493568
0.503724
0.505755
0.507448
0.515572
0.517779
0.517615
0.52168
0.52981
0.531843
0.533537
0.536924
0.547272
0.549305
0.555405
0.557438
0.563199
0.570654
0.576949
0.581017
0.585085
0.589153
0.589831
0.602034
0.602034
0.610847
0.619661
0.631061
0.634791
0.636826
0.645303
0.649712
0.655816
0.65785
0.660224
0.674127
0.674127
0.680231
0.68555
0.687924
0.691316
0.691316
0.701493
0.703528
0.705563
0.713704
0.717775
0.721845
0.721751
0.72243
0.724466
0.732949
0.740753
0.740753
0.740753
0.751612
0.755684
0.755518
0.757133
0.763247
0.769022
0.772758
0.772681
0.77472
0.776419
0.777967
0.786127
0.786054
0.786054
0.786054
0.790136
0.796259
0.796189
0.800272
0.802314
0.802587
0.804629
0.808713
0.812734
0.81267
0.813351
0.813351
0.817376
0.823509
0.82373
0.829867
0.829809
0.833561
0.838336
0.838677
0.838677
0.838622
0.840328
0.844422
0.846469
0.846469
0.849829
0.852218
0.854216
0.860314
0.860266
0.862316
0.868808
0.870858
0.870858
0.875641
0.875641
0.8838
0.8838
0.885734
0.889497
0.892234
0.896339
0.896339
0.900445
0.902497
0.906571
0.906571
0.906571
0.906913
0.906913
0.906913
0.906881
0.910989
0.911332
0.911332
0.911301
0.913356
0.915382
0.917437
0.917437
0.917437
0.917752
0.917752
0.919726
0.921784
0.921784
0.924159
0.924159
0.926218
0.92965
0.931366
0.933402
0.933402
0.933379
0.93544
0.9375
0.9375
0.937843
0.937843
0.937843
0.940247
0.942308
0.943681
0.947784
0.949845
0.949845
0.951907
0.953968
0.956014
0.96011
0.962173
0.962173
0.964237
0.964237
0.964237
0.964556
0.968685
0.972127
0.972471
0.972461
0.972461
0.974527
0.974518
0.978306
0.978298
0.978291
0.978291
0.980014
0.982081
0.982075
0.982069
0.982063
0.982408
0.982402
0.982396
0.984467
0.984467
0.984467
0.984467
0.984467
0.984467
0.984467
0.986538
0.986533
0.98826
0.988252
0.988252
0.992398
0.992395
0.992395
0.992395
0.992395
0.992395
0.992395
0.992393
0.99239
0.99239
0.99412
0.996195
0.996195
0.996194
0.996194
0.996194
0.996191
0.996191
0.99619
0.99619
0.996187
0.996187
0.996186
0.996186
0.996186
0.996186
0.996186
0.996185
0.996185
0.996185
0.996185
0.996185
0.996185
0.996185
0.996183
0.996182
0.998264
0.998264
0.998264
0.998264
0.998264
0.998264
0.998263
0.998263
0.998263
0.998263
0.998263
0.998263
0.998262
0.998262
0.998261
0.998261
0.998261
0.998261
0.998261
0.998261
0.998261
0.998261
0.998261
0.998261
0.998261
0.99826
0.99826
0.99826
0.99826
0.99826
0.99826
0.99826
0.99826
0.99826
0.99826
0.99826
0.99826
0.99826
0.99826
0.99826
0.99826
0.99826
0.99826
0.99826
0.99826
0.998259
0.998258
0.998258
0.998258
0.998258
0.998258
0.998258
0.998258
0.998257
0.998257
0.998257
0.998256
0.998256
0.998256
0.998256
0.998256
0.998255
0.998255
0.998255
0.998255
0.998255
0.998255
0.998255
0.998255
0.998255
0.998255
0.998254
0.998254
0.998254
0.998254
0.998254
0.998253
0.998252
0.998252
0.998252
0.998252
0.998252
0.998252
0.998252
0.998252
0.998252
0.998251
0.99825
0.99825
0.99825
0.99825
0.998249
0.998249
0.998249
0.998249
0.998248
0.998248
0.998248
0.998248
0.998248
0.998248
0.998248
0.998248
0.998248
0.998247
0.998247
0.998247
0.998247
0.998247
0.998247
0.998247
0.998247
0.998247
0.998247
0.998247
0.998247
0.998246
0.998246
0.998246
0.998246
0.998246
0.998246
0.998245
0.998245
0.998245
0.998245
0.998245
1
1
1
1
1
1
1
1
1
1
1
1
1
1
1
1
1
1
1
1
1
1
1
