1
1
1
1
1.00021
1.00042
1.00042
1.00063
1.00083
0.99703
0.997342
0.997966
0.994054
0.994259
0.994363
0.994466
0.990757
0.982921
0.982914
0.983312
0.983517
0.984134
0.984752
0.9773
0.973672
0.974386
0.97125
0.97176
0.971964
0.968882
0.969187
0.970105
0.970193
0.959284
0.956228
0.957117
0.957925
0.951057
0.948382
0.948861
0.945951
0.942332
0.943106
0.940586
0.933564
0.930244
0.922865
0.919628
0.919049
0.915603
0.908956
0.90352
0.904543
0.90136
0.902328
0.90359
0.901089
0.894293
0.891896
0.889056
0.890065
0.88429
0.881275
0.874194
0.870829
0.863361
0.854968
0.852762
0.851927
0.848889
0.84575
0.847237
0.833243
0.820978
0.813861
0.813063
0.80967
0.811017
0.800787
0.797451
0.798694
0.796058
0.795229
0.792945
0.78901
0.786057
0.787562
0.789428
0.783195
0.782959
0.775135
0.768265
0.766931
0.759397
0.747777
0.744281
0.734334
0.726605
0.723269
0.716819
0.716479
0.704622
0.705926
0.702478
0.694674
0.686697
0.682914
0.675263
0.665907
0.665031
0.658808
0.647394
0.643651
0.640813
0.641943
0.640829
0.633276
0.634479
0.633143
0.622508
0.614414
0.615336
0.611409
0.609634
0.606888
0.596493
0.592941
0.590196
0.589334
0.578426
0.577602
0.576464
0.568411
0.567069
0.568097
0.565319
0.55667
0.555632
0.555131
0.552127
0.5412
0.53971
0.533736
0.53216
0.526287
0.518541
0.511904
0.508198
0.504283
0.500479
0.500415
0.486206
0.487136
0.477382
0.467885
0.454676
0.450947
0.449012
0.43904
0.434366
0.427238
0.425428
0.423189
0.406928
0.407405
0.400452
0.394356
0.392147
0.388749
0.389311
0.37707
0.37524
0.373107
0.363317
0.358863
0.354438
0.354888
0.354587
0.352783
0.342607
0.333263
0.33362
0.334247
0.32072
0.31627
0.317126
0.315757
0.308141
0.301156
0.296647
0.297111
0.294687
0.293103
0.291511
0.281221
0.281625
0.281973
0.282128
0.277087
0.269336
0.269726
0.26465
0.262271
0.262162
0.259665
0.254554
0.249446
0.249947
0.249315
0.249593
0.244551
0.236635
0.236537
0.228621
0.228956
0.224128
0.217881
0.217666
0.217819
0.218108
0.215924
0.210684
0.208294
0.2085
0.204024
0.201034
0.198541
0.190425
0.190572
0.187989
0.179278
0.176653
0.176804
0.170401
0.170474
0.159586
0.159746
0.157222
0.152132
0.14847
0.142876
0.14302
0.137434
0.134717
0.129274
0.12933
0.129386
0.129024
0.129192
0.129285
0.129423
0.123749
0.123416
0.123541
0.12371
0.120914
0.118155
0.115319
0.11537
0.11542
0.115013
0.115047
0.112334
0.109534
0.109614
0.106426
0.106535
0.103718
0.0989081
0.096552
0.0938115
0.0938804
0.0939128
0.0910342
0.0881684
0.0881942
0.0877489
0.0878393
0.0878911
0.0845415
0.0816495
0.0797299
0.0739323
0.0713646
0.0713867
0.0684729
0.0655689
0.0626545
0.0568905
0.0539817
0.0539984
0.0510678
0.0510837
0.0511074
0.0506594
0.0447718
0.0398693
0.0394017
0.0394221
0.0394466
0.0364986
0.0365342
0.0311178
0.0311487
0.0311636
0.0311781
0.0287125
0.0257551
0.0257758
0.0257884
0.0258091
0.0253167
0.0253253
0.0253419
0.022364
0.0223745
0.022385
0.022399
0.022406
0.022413
0.0224166
0.0194339
0.0194533
0.0169612
0.0169728
0.0169808
0.0109984
0.0110045
0.0110097
0.0110132
0.0110183
0.0110201
0.0110305
0.0110369
0.0110429
0.0110482
0.00853925
0.00553018
0.00553192
0.00553338
0.00553512
0.0055395
0.0055465
0.00554912
0.00555058
0.00555322
0.00555846
0.00556111
0.00556256
0.00556256
0.00556256
0.00556433
0.00556785
0.00557108
0.00557108
0.00557195
0.00557372
0.00557372
0.00557461
0.00557726
0.00558195
0.00558519
0.00254033
0.00254073
0.00254113
0.00254154
0.00254154
0.00254194
0.00254462
0.00254462
0.00254502
0.00254543
0.00254664
0.00254664
0.00254892
0.00255014
0.00255242
0.00255282
0.00255364
0.00255526
0.00255608
0.00255649
0.00255649
0.00255689
0.00255771
0.00255771
0.00255853
0.00256
0.00256041
0.00256123
0.00256286
0.00256368
0.0025641
0.0025645
0.00256532
0.00256574
0.00256614
0.00256697
0.00256697
0.00256697
0.00256738
0.00256779
0.0025682
0.00256861
0.00256861
0.00256861
0.00256902
0.00257091
0.00257363
0.00257404
0.00257404
0.00257404
0.00257404
0.00257486
0.00257569
0.00257717
0.00257758
0.00257758
0.00257906
0.00257947
0.00257989
0.00258155
0.00258238
0.00258469
0.0025851
0.00258593
0.00258593
0.00258593
0.00258676
0.00258885
0.00258926
0.00258968
0.0025901
0.002592
0.00259242
0.00259367
0.00259492
0.00259492
0.00259809
0.00259957
0.00260041
0.00260083
0.00260125
0.00260167
0.00260294
0.00260336
0.00260378
0.00260378
0.00260653
0.00260802
0.00260844
0.00260844
0.00260886
0.00261078
0.00261162
0.00261247
0.00261332
0.00261608
0.00261735
0.00261735
0.00261735
0.00261777
0.0026182
0.00261862
0.0026199
0.00262032
0.00262182
0.00262182
0.00262267
0.0026231
0.0026231
0.0026231
0.0026231
0.00262395
0.00262437
0.0026248
0.00262523
0.00262608
0.00262801
0.00262886
0.00263057
0.002631
0.00263186
0.00263186
0.00263336
0.00263379
0.00263421
0.00263464
0.0026355
0
0
0
0
0
0
0
0
0
0
0
0
0
0
0
0
0
0
0
0
0
0
0
