0
0.000112711
0.00050788
0.00104643
0.00186973
0.00296166
0.00429727
0.00590013
0.0076596
0.00938973
0.0109991
0.0129792
0.0157195
0.017762
0.0206089
0.0235432
0.0270191
0.0304508
0.0340289
0.0379499
0.0418351
0.0458234
0.050505
0.0556129
0.0603395
0.0660946
0.0707093
0.0759193
0.0817989
0.0880595
0.0940302
0.0996528
0.106377
0.112876
0.121998
0.129739
0.137862
0.145729
0.153716
0.162496
0.170907
0.17945
0.188055
0.197467
0.206543
0.215726
0.225861
0.234389
0.243936
0.25598
0.266255
0.276884
0.28759
0.299449
0.311585
0.322552
0.334395
0.345435
0.359555
0.372258
0.385116
0.398418
0.412306
0.424379
0.436959
0.449881
0.463127
0.477258
0.491051
0.504694
0.519016
0.53198
0.546106
0.561439
0.578591
0.592136
0.605306
0.62161
0.637641
0.652133
0.666909
0.682339
0.699729
0.717095
0.733437
0.750794
0.767741
0.783865
0.80167
0.819314
0.835785
0.855064
0.872059
0.889422
0.908363
0.928306
0.945958
0.965113
0.985467
1.00552
1.02411
1.04308
1.06449
1.08503
1.10414
1.12388
1.14508
1.16709
1.18825
1.20835
1.22959
1.24918
1.26839
1.28941
1.31009
1.33071
1.35274
1.37372
1.39527
1.41699
1.44126
1.46382
1.48681
1.5064
1.52969
1.55157
1.5756
1.59746
1.62081
1.64573
1.6687
1.69181
1.71639
1.74001
1.76232
1.78692
1.80979
1.8319
1.85635
1.88111
1.90761
1.93432
1.95938
1.98584
2.01087
2.03766
2.06183
2.08608
2.11273
2.13902
2.16523
2.19015
2.21517
2.24109
2.26783
2.29293
2.31982
2.34505
2.36918
2.39386
2.42138
2.44887
2.47512
2.50276
2.52975
2.55444
2.58175
2.60975
2.63544
2.65915
2.68583
2.71093
2.73799
2.76586
2.79449
2.82602
2.85459
2.88463
2.9137
2.94206
2.97172
2.99836
3.02811
3.05813
3.08551
3.11448
3.14476
3.17543
3.20523
3.23473
3.26552
3.29633
3.32724
3.35639
3.38442
3.41421
3.44479
3.47519
3.5059
3.53578
3.56523
3.59502
3.62602
3.6557
3.68701
3.71606
3.74618
3.77595
3.80787
3.84005
3.86889
3.90023
3.93036
3.96283
3.99639
4.02541
4.05771
4.08996
4.12274
4.15288
4.18571
4.21734
4.24677
4.27524
4.30883
4.33979
4.37186
4.40338
4.43249
4.46443
4.49668
4.52983
4.56271
4.59417
4.62702
4.66211
4.69468
4.72626
4.75914
4.78928
4.82129
4.85186
4.88509
4.916
4.95058
4.98391
5.01579
5.04759
5.07992
5.11328
5.14587
5.17864
5.21221
5.24691
5.2794
5.31182
5.34644
5.38079
5.41397
5.44751
5.48481
5.5184
5.55445
5.58542
5.61952
5.65267
5.68529
5.72052
5.75548
5.79071
5.82387
5.85788
5.8913
5.92704
5.96014
5.99156
6.02611
6.06184
6.0962
6.13283
6.16697
6.204
6.23948
6.27426
6.30891
6.34347
6.37918
6.41551
6.45
6.4885
6.52169
6.55831
6.59273
6.62749
6.66425
6.70024
6.73722
6.77406
6.80834
6.84328
6.88243
6.92022
6.95872
6.99242
7.03021
7.069
7.10728
7.14507
7.1851
7.22275
7.26263
7.30048
7.33536
7.37223
7.40845
7.4439
7.48708
7.52305
7.56159
7.60385
7.64489
7.68982
7.73245
7.77416
7.81552
7.8584
7.89588
7.93605
7.97496
8.01204
8.05907
8.10084
8.14359
8.18155
8.22178
8.25723
8.29817
8.33837
8.38025
8.42153
8.46043
8.50145
8.54562
8.58545
8.62475
8.66764
8.70617
8.74768
8.78778
8.8285
8.87284
8.91348
8.95051
8.99033
9.03128
9.07207
9.11411
9.15152
9.19401
9.23214
9.27209
9.30969
9.34607
9.39507
9.43577
9.4738
9.51043
9.54775
9.5848
9.61788
9.65754
9.69903
9.73624
9.77318
9.81423
9.85076
9.89173
9.9322
9.97249
10.0109
10.0496
10.0917
10.1309
10.1735
10.2116
10.2512
10.2942
10.3313
10.3719
10.4089
10.4481
10.4872
10.5315
10.5708
10.6093
10.6478
10.6871
10.7269
10.7635
10.8004
10.8385
10.8765
10.9174
10.952
10.9924
11.0266
11.0642
11.1013
11.1381
11.1773
11.2137
11.249
11.2837
11.3195
11.3547
11.3903
11.4279
11.464
11.5012
11.5394
11.5747
11.6144
11.6513
11.6882
11.7232
11.7597
11.7998
11.8391
11.8812
11.9194
11.9568
11.9951
12.031
12.0666
12.1029
12.1396
12.1794
12.2214
12.2577
12.2975
12.3334
12.3724
12.4132
12.4506
12.4882
12.5262
12.5645
12.6294
12.6653
12.7006
12.7343
12.775
12.8099
12.8439
12.8767
12.9122
12.9458
12.9835
13.0221
13.0578
13.0913
13.1269
13.1625
13.1985
13.2333
13.2687
13.3028
13.3405
13.3769
13.4144
13.4492
13.485
13.5192
13.5524
13.5859
13.6205
13.654
13.6911
13.7267
13.7636
13.7986
13.8339
13.8709
13.9036
13.9404
13.9744
14.0088
14.046
14.0799
14.113
14.1479
14.1843
14.2164
14.2501
14.2843
14.318
14.3532
14.3876
14.4213
14.4546
14.4884
14.5209
14.5538
14.5879
14.6217
14.6557
14.6893
14.7255
14.7587
14.7939
14.8263
14.8601
14.8938
