0
0.000231974
0.000463947
0.000695921
0.000927894
0.00115987
0.00139184
0.00162381
0.00185579
0.00208776
0.00231974
0.00255171
0.00278368
0.00301566
0.00324763
0.0034796
0.00371158
0.00394355
0.00417552
0.0044075
0.00463947
0.00487144
0.00510342
0.00533539
0.00556736
0.00579934
0.00603131
0.00626329
0.00649526
0.00672723
0.00695921
0.00719118
0.00742315
0.00765513
0.0078871
0.00811907
0.00835105
0.00858302
0.00881499
0.00904697
0.00927894
0.00951091
0.00974289
0.00997486
0.0102068
0.0104388
0.0106708
0.0109028
0.0111347
0.0113667
0.0115987
0.0118306
0.0120626
0.0122946
0.0125266
0.0127585
0.0129905
0.0132225
0.0134545
0.0136864
0.0139184
0.0141504
0.0143824
0.0146143
0.0148463
0.0150783
0.0153103
0.0155422
0.0157742
0.0160062
0.0162381
0.0164701
0.0167021
0.0169341
0.017166
0.017398
0.01763
0.017862
0.0180939
0.0183259
0.0185579
0.0187899
0.0190218
0.0192538
0.0194858
0.0197177
0.0199497
0.0201817
0.0204137
0.0206456
0.0208776
0.0211096
0.0213416
0.0215735
0.0218055
0.0220375
0.0222695
0.0225014
0.0227334
0.0229654
0.0231974
0.0234293
0.0236613
0.0238933
0.0241252
0.0243572
0.0245892
0.0248212
0.0250531
0.0252851
0.0255171
0.0257491
0.025981
0.026213
0.026445
0.026677
0.0269089
0.0271409
0.0273729
0.0276048
0.0278368
0.0280688
0.0283008
0.0285327
0.0287647
0.0289967
0.0292287
0.0294606
0.0296926
0.0299246
0.0301566
0.0303885
0.0306205
0.0308525
0.0310845
0.0313164
0.0315484
0.0317804
0.0320123
0.0322443
0.0324763
0.0327083
0.0329402
0.0331722
0.0334042
0.0336362
0.0338681
0.0341001
0.0343321
0.0345641
0.034796
0.035028
0.03526
0.0354919
0.0357239
0.0359559
0.0361879
0.0364198
0.0366518
0.0368838
0.0371158
0.0373477
0.0375797
0.0378117
0.0380437
0.0382756
0.0385076
0.0387396
0.0389716
0.0392035
0.0394355
0.0396675
0.0398994
0.0401314
0.0403634
0.0405954
0.0408273
0.0410593
0.0412913
0.0415233
0.0417552
0.0419872
0.0422192
0.0424512
0.0426831
0.0429151
0.0431471
0.043379
0.043611
0.043843
0.044075
0.0443069
0.0445389
0.0447709
0.0450029
0.0452348
0.0454668
0.0456988
0.0459308
0.0461627
0.0463947
0.0466267
0.0468587
0.0470906
0.0473226
0.0475546
0.0477865
0.0480185
0.0482505
0.0484825
0.0487144
0.0489464
0.0491784
0.0494104
0.0496423
0.0498743
0.0501063
0.0503383
0.0505702
0.0508022
0.0510342
0.0512661
0.0514981
0.0517301
0.0519621
0.052194
0.052426
0.052658
0.05289
0.0531219
0.0533539
0.0535859
0.0538179
0.0540498
0.0542818
0.0545138
0.0547458
0.0549777
0.0552097
0.0554417
0.0556736
0.0559056
0.0561376
0.0563696
0.0566015
0.0568335
0.0570655
0.0572975
0.0575294
0.0577614
0.0579934
0.0582254
0.0584573
0.0586893
0.0589213
0.0591532
0.0593852
0.0596172
0.0598492
0.0600811
0.0603131
0.0605451
0.0607771
0.061009
0.061241
0.061473
0.061705
0.0619369
0.0621689
0.0624009
0.0626329
0.0628648
0.0630968
0.0633288
0.0635607
0.0637927
0.0640247
0.0642567
0.0644886
0.0647206
0.0649526
0.0651846
0.0654165
0.0656485
0.0658805
0.0661125
0.0663444
0.0665764
0.0668084
0.0670403
0.0672723
0.0675043
0.0677363
0.0679682
0.0682002
0.0684322
0.0686642
0.0688961
0.0691281
0.0693601
0.0695921
0.069824
0.070056
0.070288
0.07052
0.0707519
0.0709839
0.0712159
0.0714478
0.0716798
0.0719118
0.0721438
0.0723757
0.0726077
0.0728397
0.0730717
0.0733036
0.0735356
0.0737676
0.0739996
0.0742315
0.0744635
0.0746955
0.0749274
0.0751594
0.0753914
0.0756234
0.0758553
0.0760873
0.0763193
0.0765513
0.0767832
0.0770152
0.0772472
0.0774792
0.0777111
0.0779431
0.0781751
0.0784071
0.078639
0.078871
0.079103
0.0793349
0.0795669
0.0797989
0.0800309
0.0802628
0.0804948
0.0807268
0.0809588
0.0811907
0.0814227
0.0816547
0.0818867
0.0821186
0.0823506
0.0825826
0.0828145
0.0830465
0.0832785
0.0835105
0.0837424
0.0839744
0.0842064
0.0844384
0.0846703
0.0849023
0.0851343
0.0853663
0.0855982
0.0858302
0.0860622
0.0862942
0.0865261
0.0867581
0.0869901
0.087222
0.087454
0.087686
0.087918
0.0881499
0.0883819
0.0886139
0.0888459
0.0890778
0.0893098
0.0895418
0.0897738
0.0900057
0.0902377
0.0904697
0.0907016
0.0909336
0.0911656
0.0913976
0.0916295
0.0918615
0.0920935
0.0923255
0.0925574
0.0927894
0.0930214
0.0932534
0.0934853
0.0937173
0.0939493
0.0941813
0.0944132
0.0946452
0.0948772
0.0951091
0.0953411
0.0955731
0.0958051
0.096037
0.096269
0.096501
0.096733
0.0969649
0.0971969
0.0974289
0.0976609
0.0978928
0.0981248
0.0983568
0.0985887
0.0988207
0.0990527
0.0992847
0.0995166
0.0997486
0.0999806
0.100213
0.100445
0.100677
0.100908
0.10114
0.101372
0.101604
0.101836
0.102068
0.1023
0.102532
0.102764
0.102996
0.103228
0.10346
0.103692
0.103924
0.104156
0.104388
0.10462
0.104852
0.105084
0.105316
0.105548
0.10578
0.106012
0.106244
0.106476
0.106708
0.10694
0.107172
0.107404
0.107636
0.107868
0.1081
0.108332
0.108564
0.108796
0.109028
0.10926
0.109492
0.109723
0.109955
0.110187
0.110419
0.110651
0.110883
0.111115
0.111347
0.111579
0.111811
0.112043
0.112275
0.112507
0.112739
0.112971
0.113203
0.113435
0.113667
0.113899
0.114131
0.114363
0.114595
0.114827
0.115059
0.115291
0.115523
0.115755
0.115987
0.116219
0.116451
0.116683
0.116915
0.117147
0.117379
0.117611
0.117843
0.118075
0.118306
0.118538
