0
0.00316605
0.0063321
0.00949815
0.0126642
0.0158302
0.0189963
0.0221623
0.0253284
0.0284944
0.0316605
0.0348265
0.0379926
0.0411586
0.0443247
0.0474907
0.0506568
0.0538228
0.0569889
0.0601549
0.063321
0.066487
0.0696531
0.0728191
0.0759852
0.0791512
0.0823173
0.0854833
0.0886494
0.0918154
0.0949815
0.0981475
0.101314
0.10448
0.107646
0.110812
0.113978
0.117144
0.12031
0.123476
0.126642
0.129808
0.132974
0.13614
0.139306
0.142472
0.145638
0.148804
0.15197
0.155136
0.158302
0.161469
0.164635
0.167801
0.170967
0.174133
0.177299
0.180465
0.183631
0.186797
0.189963
0.193129
0.196295
0.199461
0.202627
0.205793
0.208959
0.212125
0.215291
0.218457
0.221623
0.22479
0.227956
0.231122
0.234288
0.237454
0.24062
0.243786
0.246952
0.250118
0.253284
0.25645
0.259616
0.262782
0.265948
0.269114
0.27228
0.275446
0.278612
0.281778
0.284944
0.288111
0.291277
0.294443
0.297609
0.300775
0.303941
0.307107
0.310273
0.313439
0.316605
0.319771
0.322937
0.326103
0.329269
0.332435
0.335601
0.338767
0.341933
0.345099
0.348265
0.351432
0.354598
0.357764
0.36093
0.364096
0.367262
0.370428
0.373594
0.37676
0.379926
0.383092
0.386258
0.389424
0.39259
0.395756
0.398922
0.402088
0.405254
0.40842
0.411586
0.414753
0.417919
0.421085
0.424251
0.427417
0.430583
0.433749
0.436915
0.440081
0.443247
0.446413
0.449579
0.452745
0.455911
0.459077
0.462243
0.465409
0.468575
0.471741
0.474907
0.478074
0.48124
0.484406
0.487572
0.490738
0.493904
0.49707
0.500236
0.503402
0.506568
0.509734
0.5129
0.516066
0.519232
0.522398
0.525564
0.52873
0.531896
0.535062
0.538228
0.541395
0.544561
0.547727
0.550893
0.554059
0.557225
0.560391
0.563557
0.566723
0.569889
0.573055
0.576221
0.579387
0.582553
0.585719
0.588885
0.592051
0.595217
0.598383
0.601549
0.604716
0.607882
0.611048
0.614214
0.61738
0.620546
0.623712
0.626878
0.630044
0.63321
0.636376
0.639542
0.642708
0.645874
0.64904
0.652206
0.655372
0.658538
0.661704
0.66487
0.668037
0.671203
0.674369
0.677535
0.680701
0.683867
0.687033
0.690199
0.693365
0.696531
0.699697
0.702863
0.706029
0.709195
0.712361
0.715527
0.718693
0.721859
0.725025
0.728191
0.731358
0.734524
0.73769
0.740856
0.744022
0.747188
0.750354
0.75352
0.756686
0.759852
0.763018
0.766184
0.76935
0.772516
0.775682
0.778848
0.782014
0.78518
0.788346
0.791512
0.794679
0.797845
0.801011
0.804177
0.807343
0.810509
0.813675
0.816841
0.820007
0.823173
0.826339
0.829505
0.832671
0.835837
0.839003
0.842169
0.845335
0.848501
0.851667
0.854833
0.857999
0.861166
0.864332
0.867498
0.870664
0.87383
0.876996
0.880162
0.883328
0.886494
0.88966
0.892826
0.895992
0.899158
0.902324
0.90549
0.908656
0.911822
0.914988
0.918154
0.92132
0.924487
0.927653
0.930819
0.933985
0.937151
0.940317
0.943483
0.946649
0.949815
0.952981
0.956147
0.959313
0.962479
0.965645
0.968811
0.971977
0.975143
0.978309
0.981475
0.984641
0.987808
0.990974
0.99414
0.997306
1.00047
1.00364
1.0068
1.00997
1.01314
1.0163
1.01947
1.02263
1.0258
1.02897
1.03213
1.0353
1.03846
1.04163
1.0448
1.04796
1.05113
1.05429
1.05746
1.06063
1.06379
1.06696
1.07012
1.07329
1.07646
1.07962
1.08279
1.08596
1.08912
1.09229
1.09545
1.09862
1.10179
1.10495
1.10812
1.11128
1.11445
1.11762
1.12078
1.12395
1.12711
1.13028
1.13345
1.13661
1.13978
1.14294
1.14611
1.14928
1.15244
1.15561
1.15877
1.16194
1.16511
1.16827
1.17144
1.1746
1.17777
1.18094
1.1841
1.18727
1.19043
1.1936
1.19677
1.19993
1.2031
1.20626
1.20943
1.2126
1.21576
1.21893
1.2221
1.22526
1.22843
1.23159
1.23476
1.23793
1.24109
1.24426
1.24742
1.25059
1.25376
1.25692
1.26009
1.26325
1.26642
1.26959
1.27275
1.27592
1.27908
1.28225
1.28542
1.28858
1.29175
1.29491
1.29808
1.30125
1.30441
1.30758
1.31074
1.31391
1.31708
1.32024
1.32341
1.32657
1.32974
1.33291
1.33607
1.33924
1.34241
1.34557
1.34874
1.3519
1.35507
1.35824
1.3614
1.36457
1.36773
1.3709
1.37407
1.37723
1.3804
1.38356
1.38673
1.3899
1.39306
1.39623
1.39939
1.40256
1.40573
1.40889
1.41206
1.41522
1.41839
1.42156
1.42472
1.42789
1.43105
1.43422
1.43739
1.44055
1.44372
1.44688
1.45005
1.45322
1.45638
1.45955
1.46272
1.46588
1.46905
1.47221
1.47538
1.47855
1.48171
1.48488
1.48804
1.49121
1.49438
1.49754
1.50071
1.50387
1.50704
1.51021
1.51337
1.51654
1.5197
1.52287
1.52604
1.5292
1.53237
1.53553
1.5387
1.54187
1.54503
1.5482
1.55136
1.55453
1.5577
1.56086
1.56403
1.56719
1.57036
1.57353
1.57669
1.57986
1.58302
1.58619
1.58936
1.59252
1.59569
1.59886
1.60202
1.60519
1.60835
1.61152
1.61469
1.61785
1.62102
