0
0.00027958
0.000559161
0.000838741
0.00111832
0.0013979
0.00167748
0.00195706
0.00223664
0.00251622
0.0027958
0.00307538
0.00335496
0.00363455
0.00391413
0.00419371
0.00447329
0.00475287
0.00503245
0.00531203
0.00559161
0.00587119
0.00615077
0.00643035
0.00670993
0.00698951
0.00726909
0.00754867
0.00782825
0.00810783
0.00838741
0.00866699
0.00894657
0.00922615
0.00950573
0.00978531
0.0100649
0.0103445
0.0106241
0.0109036
0.0111832
0.0114628
0.0117424
0.012022
0.0123015
0.0125811
0.0128607
0.0131403
0.0134199
0.0136994
0.013979
0.0142586
0.0145382
0.0148178
0.0150973
0.0153769
0.0156565
0.0159361
0.0162157
0.0164952
0.0167748
0.0170544
0.017334
0.0176136
0.0178931
0.0181727
0.0184523
0.0187319
0.0190115
0.019291
0.0195706
0.0198502
0.0201298
0.0204094
0.0206889
0.0209685
0.0212481
0.0215277
0.0218073
0.0220869
0.0223664
0.022646
0.0229256
0.0232052
0.0234848
0.0237643
0.0240439
0.0243235
0.0246031
0.0248827
0.0251622
0.0254418
0.0257214
0.026001
0.0262806
0.0265601
0.0268397
0.0271193
0.0273989
0.0276785
0.027958
0.0282376
0.0285172
0.0287968
0.0290764
0.0293559
0.0296355
0.0299151
0.0301947
0.0304743
0.0307538
0.0310334
0.031313
0.0315926
0.0318722
0.0321517
0.0324313
0.0327109
0.0329905
0.0332701
0.0335496
0.0338292
0.0341088
0.0343884
0.034668
0.0349475
0.0352271
0.0355067
0.0357863
0.0360659
0.0363455
0.036625
0.0369046
0.0371842
0.0374638
0.0377434
0.0380229
0.0383025
0.0385821
0.0388617
0.0391413
0.0394208
0.0397004
0.03998
0.0402596
0.0405392
0.0408187
0.0410983
0.0413779
0.0416575
0.0419371
0.0422166
0.0424962
0.0427758
0.0430554
0.043335
0.0436145
0.0438941
0.0441737
0.0444533
0.0447329
0.0450124
0.045292
0.0455716
0.0458512
0.0461308
0.0464103
0.0466899
0.0469695
0.0472491
0.0475287
0.0478082
0.0480878
0.0483674
0.048647
0.0489266
0.0492061
0.0494857
0.0497653
0.0500449
0.0503245
0.050604
0.0508836
0.0511632
0.0514428
0.0517224
0.052002
0.0522815
0.0525611
0.0528407
0.0531203
0.0533999
0.0536794
0.053959
0.0542386
0.0545182
0.0547978
0.0550773
0.0553569
0.0556365
0.0559161
0.0561957
0.0564752
0.0567548
0.0570344
0.057314
0.0575936
0.0578731
0.0581527
0.0584323
0.0587119
0.0589915
0.059271
0.0595506
0.0598302
0.0601098
0.0603894
0.0606689
0.0609485
0.0612281
0.0615077
0.0617873
0.0620668
0.0623464
0.062626
0.0629056
0.0631852
0.0634647
0.0637443
0.0640239
0.0643035
0.0645831
0.0648626
0.0651422
0.0654218
0.0657014
0.065981
0.0662606
0.0665401
0.0668197
0.0670993
0.0673789
0.0676585
0.067938
0.0682176
0.0684972
0.0687768
0.0690564
0.0693359
0.0696155
0.0698951
0.0701747
0.0704543
0.0707338
0.0710134
0.071293
0.0715726
0.0718522
0.0721317
0.0724113
0.0726909
0.0729705
0.0732501
0.0735296
0.0738092
0.0740888
0.0743684
0.074648
0.0749275
0.0752071
0.0754867
0.0757663
0.0760459
0.0763254
0.076605
0.0768846
0.0771642
0.0774438
0.0777233
0.0780029
0.0782825
0.0785621
0.0788417
0.0791212
0.0794008
0.0796804
0.07996
0.0802396
0.0805192
0.0807987
0.0810783
0.0813579
0.0816375
0.0819171
0.0821966
0.0824762
0.0827558
0.0830354
0.083315
0.0835945
0.0838741
0.0841537
0.0844333
0.0847129
0.0849924
0.085272
0.0855516
0.0858312
0.0861108
0.0863903
0.0866699
0.0869495
0.0872291
0.0875087
0.0877882
0.0880678
0.0883474
0.088627
0.0889066
0.0891861
0.0894657
0.0897453
0.0900249
0.0903045
0.090584
0.0908636
0.0911432
0.0914228
0.0917024
0.0919819
0.0922615
0.0925411
0.0928207
0.0931003
0.0933798
0.0936594
0.093939
0.0942186
0.0944982
0.0947778
0.0950573
0.0953369
0.0956165
0.0958961
0.0961757
0.0964552
0.0967348
0.0970144
0.097294
0.0975736
0.0978531
0.0981327
0.0984123
0.0986919
0.0989715
0.099251
0.0995306
0.0998102
0.10009
0.100369
0.100649
0.100929
0.101208
0.101488
0.101767
0.102047
0.102326
0.102606
0.102886
0.103165
0.103445
0.103724
0.104004
0.104283
0.104563
0.104843
0.105122
0.105402
0.105681
0.105961
0.106241
0.10652
0.1068
0.107079
0.107359
0.107638
0.107918
0.108198
0.108477
0.108757
0.109036
0.109316
0.109596
0.109875
0.110155
0.110434
0.110714
0.110993
0.111273
0.111553
0.111832
0.112112
0.112391
0.112671
0.11295
0.11323
0.11351
0.113789
0.114069
0.114348
0.114628
0.114908
0.115187
0.115467
0.115746
0.116026
0.116305
0.116585
0.116865
0.117144
0.117424
0.117703
0.117983
0.118263
0.118542
0.118822
0.119101
0.119381
0.11966
0.11994
0.12022
0.120499
0.120779
0.121058
0.121338
0.121617
0.121897
0.122177
0.122456
0.122736
0.123015
0.123295
0.123575
0.123854
0.124134
0.124413
0.124693
0.124972
0.125252
0.125532
0.125811
0.126091
0.12637
0.12665
0.126929
0.127209
0.127489
0.127768
0.128048
0.128327
0.128607
0.128887
0.129166
0.129446
0.129725
0.130005
0.130284
0.130564
0.130844
0.131123
0.131403
0.131682
0.131962
0.132242
0.132521
0.132801
0.13308
0.13336
0.133639
0.133919
0.134199
0.134478
0.134758
0.135037
0.135317
0.135596
0.135876
0.136156
0.136435
0.136715
0.136994
0.137274
0.137554
0.137833
0.138113
0.138392
0.138672
0.138951
0.139231
0.139511
0.13979
0.14007
0.140349
0.140629
0.140909
0.141188
0.141468
0.141747
0.142027
0.142306
0.142586
0.142866
0.143145
