0
0.000719866
0.00143973
0.0021596
0.00287946
0.00359933
0.00431919
0.00503906
0.00575893
0.00647879
0.00719866
0.00791852
0.00863839
0.00935825
0.0100781
0.010798
0.0115179
0.0122377
0.0129576
0.0136774
0.0143973
0.0151172
0.015837
0.0165569
0.0172768
0.0179966
0.0187165
0.0194364
0.0201562
0.0208761
0.021596
0.0223158
0.0230357
0.0237556
0.0244754
0.0251953
0.0259152
0.026635
0.0273549
0.0280748
0.0287946
0.0295145
0.0302344
0.0309542
0.0316741
0.032394
0.0331138
0.0338337
0.0345536
0.0352734
0.0359933
0.0367132
0.037433
0.0381529
0.0388727
0.0395926
0.0403125
0.0410323
0.0417522
0.0424721
0.0431919
0.0439118
0.0446317
0.0453515
0.0460714
0.0467913
0.0475111
0.048231
0.0489509
0.0496707
0.0503906
0.0511105
0.0518303
0.0525502
0.0532701
0.0539899
0.0547098
0.0554297
0.0561495
0.0568694
0.0575893
0.0583091
0.059029
0.0597489
0.0604687
0.0611886
0.0619085
0.0626283
0.0633482
0.064068
0.0647879
0.0655078
0.0662276
0.0669475
0.0676674
0.0683872
0.0691071
0.069827
0.0705468
0.0712667
0.0719866
0.0727064
0.0734263
0.0741462
0.074866
0.0755859
0.0763058
0.0770256
0.0777455
0.0784654
0.0791852
0.0799051
0.080625
0.0813448
0.0820647
0.0827846
0.0835044
0.0842243
0.0849442
0.085664
0.0863839
0.0871038
0.0878236
0.0885435
0.0892633
0.0899832
0.0907031
0.0914229
0.0921428
0.0928627
0.0935825
0.0943024
0.0950223
0.0957421
0.096462
0.0971819
0.0979017
0.0986216
0.0993415
0.100061
0.100781
0.101501
0.102221
0.102941
0.103661
0.104381
0.1051
0.10582
0.10654
0.10726
0.10798
0.1087
0.10942
0.110139
0.110859
0.111579
0.112299
0.113019
0.113739
0.114459
0.115179
0.115898
0.116618
0.117338
0.118058
0.118778
0.119498
0.120218
0.120937
0.121657
0.122377
0.123097
0.123817
0.124537
0.125257
0.125977
0.126696
0.127416
0.128136
0.128856
0.129576
0.130296
0.131016
0.131735
0.132455
0.133175
0.133895
0.134615
0.135335
0.136055
0.136774
0.137494
0.138214
0.138934
0.139654
0.140374
0.141094
0.141814
0.142533
0.143253
0.143973
0.144693
0.145413
0.146133
0.146853
0.147572
0.148292
0.149012
0.149732
0.150452
0.151172
0.151892
0.152612
0.153331
0.154051
0.154771
0.155491
0.156211
0.156931
0.157651
0.15837
0.15909
0.15981
0.16053
0.16125
0.16197
0.16269
0.16341
0.164129
0.164849
0.165569
0.166289
0.167009
0.167729
0.168449
0.169168
0.169888
0.170608
0.171328
0.172048
0.172768
0.173488
0.174208
0.174927
0.175647
0.176367
0.177087
0.177807
0.178527
0.179247
0.179966
0.180686
0.181406
0.182126
0.182846
0.183566
0.184286
0.185005
0.185725
0.186445
0.187165
0.187885
0.188605
0.189325
0.190045
0.190764
0.191484
0.192204
0.192924
0.193644
0.194364
0.195084
0.195803
0.196523
0.197243
0.197963
0.198683
0.199403
0.200123
0.200843
0.201562
0.202282
0.203002
0.203722
0.204442
0.205162
0.205882
0.206601
0.207321
0.208041
0.208761
0.209481
0.210201
0.210921
0.211641
0.21236
0.21308
0.2138
0.21452
0.21524
0.21596
0.21668
0.217399
0.218119
0.218839
0.219559
0.220279
0.220999
0.221719
0.222439
0.223158
0.223878
0.224598
0.225318
0.226038
0.226758
0.227478
0.228197
0.228917
0.229637
0.230357
0.231077
0.231797
0.232517
0.233236
0.233956
0.234676
0.235396
0.236116
0.236836
0.237556
0.238276
0.238995
0.239715
0.240435
0.241155
0.241875
0.242595
0.243315
0.244034
0.244754
0.245474
0.246194
0.246914
0.247634
0.248354
0.249074
0.249793
0.250513
0.251233
0.251953
0.252673
0.253393
0.254113
0.254832
0.255552
0.256272
0.256992
0.257712
0.258432
0.259152
0.259872
0.260591
0.261311
0.262031
0.262751
0.263471
0.264191
0.264911
0.26563
0.26635
0.26707
0.26779
0.26851
0.26923
0.26995
0.27067
0.271389
0.272109
0.272829
0.273549
0.274269
0.274989
0.275709
0.276428
0.277148
0.277868
0.278588
0.279308
0.280028
0.280748
0.281467
0.282187
0.282907
0.283627
0.284347
0.285067
0.285787
0.286507
0.287226
0.287946
0.288666
0.289386
0.290106
0.290826
0.291546
0.292265
0.292985
0.293705
0.294425
0.295145
0.295865
0.296585
0.297305
0.298024
0.298744
0.299464
0.300184
0.300904
0.301624
0.302344
0.303063
0.303783
0.304503
0.305223
0.305943
0.306663
0.307383
0.308103
0.308822
0.309542
0.310262
0.310982
0.311702
0.312422
0.313142
0.313861
0.314581
0.315301
0.316021
0.316741
0.317461
0.318181
0.318901
0.31962
0.32034
0.32106
0.32178
0.3225
0.32322
0.32394
0.324659
0.325379
0.326099
0.326819
0.327539
0.328259
0.328979
0.329699
0.330418
0.331138
0.331858
0.332578
0.333298
0.334018
0.334738
0.335457
0.336177
0.336897
0.337617
0.338337
0.339057
0.339777
0.340496
0.341216
0.341936
0.342656
0.343376
0.344096
0.344816
0.345536
0.346255
0.346975
0.347695
0.348415
0.349135
0.349855
0.350575
0.351294
0.352014
0.352734
0.353454
0.354174
0.354894
0.355614
0.356334
0.357053
0.357773
0.358493
0.359213
0.359933
0.360653
0.361373
0.362092
0.362812
0.363532
0.364252
0.364972
0.365692
0.366412
0.367132
0.367851
0.368571
